0.000000000000000000e+00
0.000000000000000000e+00
0.000000000000000000e+00
0.000000000000000000e+00
0.000000000000000000e+00
0.000000000000000000e+00
0.000000000000000000e+00
0.000000000000000000e+00
0.000000000000000000e+00
0.000000000000000000e+00
0.000000000000000000e+00
0.000000000000000000e+00
0.000000000000000000e+00
0.000000000000000000e+00
0.000000000000000000e+00
0.000000000000000000e+00
0.000000000000000000e+00
0.000000000000000000e+00
0.000000000000000000e+00
0.000000000000000000e+00
0.000000000000000000e+00
0.000000000000000000e+00
0.000000000000000000e+00
0.000000000000000000e+00
0.000000000000000000e+00
0.000000000000000000e+00
0.000000000000000000e+00
0.000000000000000000e+00
0.000000000000000000e+00
0.000000000000000000e+00
0.000000000000000000e+00
0.000000000000000000e+00
0.000000000000000000e+00
0.000000000000000000e+00
0.000000000000000000e+00
0.000000000000000000e+00
0.000000000000000000e+00
0.000000000000000000e+00
0.000000000000000000e+00
0.000000000000000000e+00
0.000000000000000000e+00
0.000000000000000000e+00
0.000000000000000000e+00
0.000000000000000000e+00
0.000000000000000000e+00
0.000000000000000000e+00
0.000000000000000000e+00
0.000000000000000000e+00
0.000000000000000000e+00
0.000000000000000000e+00
0.000000000000000000e+00
0.000000000000000000e+00
0.000000000000000000e+00
0.000000000000000000e+00
0.000000000000000000e+00
0.000000000000000000e+00
0.000000000000000000e+00
0.000000000000000000e+00
0.000000000000000000e+00
0.000000000000000000e+00
0.000000000000000000e+00
0.000000000000000000e+00
0.000000000000000000e+00
0.000000000000000000e+00
0.000000000000000000e+00
0.000000000000000000e+00
0.000000000000000000e+00
0.000000000000000000e+00
0.000000000000000000e+00
0.000000000000000000e+00
0.000000000000000000e+00
0.000000000000000000e+00
0.000000000000000000e+00
0.000000000000000000e+00
0.000000000000000000e+00
0.000000000000000000e+00
0.000000000000000000e+00
0.000000000000000000e+00
0.000000000000000000e+00
0.000000000000000000e+00
0.000000000000000000e+00
0.000000000000000000e+00
0.000000000000000000e+00
0.000000000000000000e+00
0.000000000000000000e+00
0.000000000000000000e+00
0.000000000000000000e+00
0.000000000000000000e+00
0.000000000000000000e+00
0.000000000000000000e+00
0.000000000000000000e+00
0.000000000000000000e+00
0.000000000000000000e+00
0.000000000000000000e+00
0.000000000000000000e+00
0.000000000000000000e+00
0.000000000000000000e+00
0.000000000000000000e+00
0.000000000000000000e+00
0.000000000000000000e+00
0.000000000000000000e+00
0.000000000000000000e+00
0.000000000000000000e+00
0.000000000000000000e+00
0.000000000000000000e+00
0.000000000000000000e+00
0.000000000000000000e+00
0.000000000000000000e+00
0.000000000000000000e+00
0.000000000000000000e+00
0.000000000000000000e+00
1.061168684914516082e-02
3.127162298816670016e-02
1.331330529501200677e-01
1.106919460104811292e-01
5.933646101984869914e-02
9.720364575301882956e-03
3.822246644414968586e-02
3.758008729912574314e-02
9.238441782698059157e-03
1.817148754218494630e-02
4.468400257553759719e-02
8.791489913426805969e-03
1.729938957591478990e-02
3.404521059010014172e-02
4.188102732350288543e-02
8.244299464923039375e-03
4.057742463578993541e-02
3.994832997684215348e-02
8.653425550154382473e-02
8.521314768820816010e-02
9.155134284848216730e-02
9.768921182029999262e-02
1.110359897916193550e-01
1.093910424755100974e-01
1.005968878883067297e-01
1.486925196819878225e-01
1.674715355683535911e-01
1.994498140296494526e-01
2.101592404513356604e-01
1.737624524193586706e-01
2.240274838101964927e-01
2.988569720937277463e-01
2.690796177432971947e-01
2.211401949911403209e-01
2.430378878003784104e-01
2.458782576685109023e-01
3.153223182437877581e-01
2.153699085335223085e-01
2.420120126607355204e-01
2.329820514267994802e-01
1.839332341113082137e-01
2.098928051608127954e-01
1.679732133543195560e-01
1.658058473192270954e-01
1.964161927579189948e-01
1.993006127531711524e-01
1.914595337058032087e-01
1.417884522289524496e-01
1.348303375837137941e-01
1.536409018048005837e-01
1.264534373242976462e-01
1.748626333889551632e-01
1.727301888404762509e-01
1.365092122978490419e-01
1.685806787606338453e-01
1.998741273020248066e-01
1.410676440539488929e-01
1.626312614255031319e-01
1.561260325327124276e-01
1.543000180026268819e-01
1.839041157441321517e-01
1.551764101137029783e-01
1.884540027876031310e-01
1.863002663324986041e-01
1.670499160408465134e-01
1.651623665652639239e-01
1.507445808657753017e-01
1.987470686579040635e-01
2.170115814430466916e-01
1.741205392797303408e-01
1.561878767147625302e-01
1.703251196443129056e-01
1.684737779753956999e-01
1.240204336150448200e-01
1.686944785399019375e-01
1.630973159720997268e-01
1.313413700181053356e-01
1.188128249500648159e-01
1.469527190548904350e-01
1.199665180407536447e-01
1.007294723865554409e-01
8.900504736314975018e-02
1.303694670316591919e-01
9.764610729971365255e-02
1.070050550473944512e-01
7.858485580159157990e-02
6.087997264911060996e-02
1.037950934952194537e-01
1.127013916971136009e-01
9.517117144936257378e-02
9.747816244039253508e-02
7.077971579248985845e-02
9.557154899407439841e-02
1.041030661768590493e-01
8.122428739789380736e-02
8.353334541683281322e-02
1.256272593340122257e-01
8.800799319080018779e-02
8.716982819272492411e-02
1.042077691015605850e-01
1.268188978124743238e-01
1.080986138767158489e-01
1.273483126807363475e-01
1.089595468240992931e-01
1.079506693727270844e-01
1.210288630090270712e-01
1.227073169494748012e-01
1.215867100068644957e-01
1.697692228058383934e-01
1.872268928943788546e-01
1.747842233812526291e-01
1.705517906961717123e-01
1.505414682765298662e-01
2.067905812037761915e-01
1.764217719979227772e-01
2.108695180974868300e-01
2.090197973956814392e-01
1.743464304376781682e-01
2.129069949248392768e-01
2.185129613861829245e-01
2.634014630957433045e-01
2.586999546629286661e-01
2.806859194816638259e-01
3.046873615386624379e-01
3.330294433724919068e-01
3.349365005726317457e-01
3.812385474399861418e-01
4.360311512629079234e-01
4.346975665760687835e-01
4.926744442062502838e-01
4.795545782659736411e-01
5.429106186286042357e-01
5.162101203849672748e-01
6.179264286221068936e-01
6.676261164742804954e-01
6.296520568095520520e-01
6.934927826828686248e-01
7.733788119064239908e-01
7.777883865650466744e-01
8.451758659122856621e-01
9.135548568574674011e-01
9.332334150858959676e-01
9.997917344474333001e-01
1.002134565366786578e+00
1.139813540620634447e+00
1.062765999780401760e+00
1.146052577288453334e+00
1.247764177389490969e+00
1.195065322375702177e+00
1.347269001026145219e+00
1.425731004503567823e+00
1.395743001546816853e+00
1.366168291874722662e+00
1.493517730784398312e+00
1.573995559632112240e+00
1.634650106694399474e+00
1.605858030378629175e+00
1.701887849857688595e+00
1.872740916464475047e+00
1.862526065655884855e+00
1.821984552254798606e+00
1.938332694827927805e+00
2.042351485246708620e+00
2.009989466561107996e+00
2.091023990005862476e+00
2.075926409694486274e+00
2.148365467140632035e+00
2.269039390281271551e+00
2.251143255584014735e+00
2.379322303250020365e+00
2.395745108757898922e+00
2.464775434945084331e+00
2.475322765687002935e+00
2.565528306305429496e+00
2.579958494234278366e+00
2.587695995907548507e+00
2.600051915796115942e+00
2.623270042102260557e+00
2.773610082825706424e+00
2.749857623826070352e+00
2.616130670905373101e+00
2.743221371377037254e+00
2.655642028005402722e+00
2.687835002582794175e+00
2.748238285647351731e+00
2.687712741037013409e+00
2.757620193520088581e+00
2.789516230526282836e+00
2.734150422788935053e+00
2.602026032900557784e+00
2.846031049929074630e+00
2.716231718144398233e+00
2.651097537599667930e+00
2.699164901372218761e+00
2.721103044362889634e+00
2.651415057361189653e+00
2.808602145184922350e+00
2.679527436788366579e+00
2.678767322320106281e+00
2.433017560653988554e+00
2.493560602866595755e+00
2.466819827822608779e+00
2.453792327227803494e+00
2.503569652117238142e+00
2.344584089283056727e+00
2.321889746068835247e+00
2.281112162698479828e+00
2.222592803993885369e+00
2.256520228788293725e+00
2.160263076709721286e+00
2.266823613749323396e+00
2.132283758032473830e+00
2.111557765525404751e+00
2.017126808412145866e+00
1.989809586539889708e+00
1.959075960266872141e+00
1.915149748516411510e+00
1.819151711438304009e+00
1.792329778572149479e+00
1.826188499628645934e+00
1.764765525306531080e+00
1.670634633256556700e+00
1.616742761658576333e+00
1.647179428441431837e+00
1.620965907891042779e+00
1.546099847851145404e+00
1.546217075113706763e+00
1.461103669616103051e+00
1.381543201870460535e+00
1.387095083099940007e+00
1.342783709803206493e+00
1.368693451419496609e+00
1.348436779230110849e+00
1.297266400525439733e+00
1.326239353985464220e+00
1.241677282595377241e+00
1.320849860338028314e+00
1.285037948660435525e+00
1.248533641826349960e+00
1.285449093997439896e+00
1.194857753820010249e+00
1.167914963030206366e+00
1.130700062701192943e+00
1.190466993599210044e+00
1.125320772474498021e+00
1.076456475307562943e+00
1.099345754642747863e+00
1.046002334267216671e+00
1.047336797870898728e+00
1.036458689151843693e+00
9.953987844079901226e-01
1.057180503442083142e+00
9.844754305173242237e-01
9.979477316646745422e-01
1.008295386106304425e+00
9.664601296433036337e-01
1.032516745417551229e+00
9.977741862984158550e-01
9.624258054374321691e-01
9.966418952768021366e-01
9.845922150554790031e-01
9.327242403559606876e-01
9.428676991288945652e-01
9.265511505530830139e-01
9.506280830616709032e-01
8.999809753324796713e-01
9.350272742420218108e-01
9.475899058383270290e-01
9.911525903388096470e-01
9.941507619453823219e-01
9.952910028124735131e-01
9.900936726024121004e-01
1.039655665656966210e+00
1.036931974105879783e+00
1.030671536979175240e+00
1.076568177180545316e+00
1.038510502999445029e+00
1.041037914419380428e+00
1.038308084460548342e+00
1.093558023781753041e+00
1.065599350399740075e+00
1.052469204431829786e+00
1.079503311864981496e+00
1.070646679017327019e+00
1.031502586485073314e+00
1.080852224747771873e+00
1.118838428655490880e+00
1.068368711111649549e+00
1.144861762843813802e+00
1.101317098319488874e+00
1.108113923691383285e+00
1.099357255491949958e+00
1.072036605903809114e+00
1.119152487495677972e+00
1.095185752878443219e+00
1.164054399041271282e+00
1.082078417103212287e+00
1.169286422247340695e+00
1.136046836116083147e+00
1.143045160914606173e+00
1.152299444378987792e+00
1.119582614990829450e+00
1.190561290442419207e+00
1.169466253602021055e+00
1.214279610464815473e+00
1.186400851016793823e+00
1.129256833168354568e+00
1.166802518247138876e+00
1.221969988298870824e+00
1.150506932958658801e+00
1.196292142188483343e+00
1.167724867599216676e+00
1.212971776589341966e+00
1.191157073958838186e+00
1.193580294002579700e+00
1.224253188044916119e+00
1.196876007864753122e+00
1.209977539908841493e+00
1.169306316669741497e+00
1.139677295396014145e+00
1.166994679386201827e+00
1.198279233915150011e+00
1.182226696757315398e+00
1.208237501477537057e+00
1.151916221784510919e+00
1.151491229621748325e+00
1.162086183702737419e+00
1.165025345251882838e+00
1.172706737470905702e+00
1.177586849130303204e+00
1.186471705782316866e+00
1.175051272116710344e+00
1.139575274780953329e+00
1.125105538903482971e+00
1.165261474805200592e+00
1.101813783859003859e+00
1.123905607659285710e+00
1.138575193493850168e+00
1.104132281793846815e+00
1.092735408002169173e+00
1.096960746225332350e+00
1.128199423715610328e+00
1.120663475030705181e+00
1.090829783845421952e+00
1.063154562661887237e+00
1.057868739658368362e+00
1.077201040677302046e+00
1.056818254563456572e+00
1.068469129292373143e+00
1.094939944082065963e+00
1.063564384739876356e+00
1.067604746186688214e+00
1.101077062192218570e+00
1.039475812670806576e+00
1.094071262507305686e+00
1.029975721574107217e+00
1.079901180342670353e+00
1.016392200094480280e+00
1.021044665673420004e+00
1.031012083874165430e+00
9.839160399797922674e-01
9.868468396850190727e-01
9.709142772536697441e-01
9.691700443383004515e-01
9.843531859808678508e-01
9.471062583112176414e-01
9.790176454543406681e-01
9.397817132612986679e-01
9.697200953043801919e-01
9.411172411501310675e-01
9.463168681849914998e-01
9.503319777380839772e-01
9.373754867046835138e-01
9.453123806048860933e-01
9.419819157501424511e-01
9.631966586224984805e-01
9.242765120880844787e-01
9.553258329967689866e-01
9.205932815054178597e-01
9.020379301172981590e-01
9.486143620538602939e-01
8.425115633001810656e-01
8.824369664795300716e-01
8.750949574315943780e-01
9.403459424568914038e-01
8.493278118102475238e-01
9.146775891956812066e-01
8.812815709642797257e-01
9.232305786956951366e-01
8.768857267614152962e-01
8.948991169172021420e-01
8.699194350859786873e-01
9.138238537092640001e-01
8.728842858013527994e-01
9.055745293900028248e-01
8.541765871120546860e-01
8.549115298847757005e-01
8.576749586479764931e-01
8.573608293118414325e-01
8.626110755892161253e-01
8.426012649473856309e-01
8.749784256064558896e-01
8.600662680032589158e-01
8.985906660184064254e-01
8.856751221957711584e-01
8.723582341793821859e-01
8.714531836138307286e-01
8.793816936907052906e-01
8.505798333803233913e-01
8.322188198758112554e-01
8.547403705842954169e-01
8.485723191140666088e-01
8.872150545119439347e-01
8.435518731731420639e-01
8.661424091949900816e-01
8.238293450129148265e-01
8.202346589699758272e-01
8.662560679534020425e-01
8.385186240855315720e-01
8.550489937337790725e-01
8.392251349468965449e-01
8.295624061856962106e-01
8.723438742385701827e-01
8.764713684338835131e-01
8.534182163564961732e-01
8.644486120994723244e-01
8.589518203477911618e-01
8.339269251210512657e-01
8.548614585086805606e-01
8.602813953635323196e-01
8.445090317613960229e-01
8.633636229128152095e-01
8.244599214666539222e-01
8.490231876642037045e-01
8.884748873518601986e-01
8.900853808049402627e-01
8.516274922613590315e-01
9.283346167625552425e-01
8.524301995459330206e-01
8.819861112398486025e-01
9.009120904601172208e-01
8.820950657709548670e-01
8.957050807792071856e-01
9.006297552631505887e-01
9.132087747060909644e-01
9.631793864844281350e-01
9.295897497408216470e-01
9.338769783321079210e-01
8.888190489043095166e-01
8.755718322175690682e-01
9.138818861369936153e-01
9.293985098861162752e-01
8.866322654138679704e-01
9.269646206354538176e-01
9.472042179836873688e-01
9.237196930047533172e-01
9.085875237427523121e-01
8.976380438306774678e-01
9.193014434588286932e-01
9.245937382363018653e-01
8.890466167250239415e-01
9.181449802090084766e-01
9.053190851176037279e-01
8.901785242723060376e-01
9.368792569032513562e-01
9.181507047704713376e-01
8.833274135655860837e-01
8.960446936760254610e-01
9.522756916805104055e-01
9.286396023373794106e-01
9.192059190813818281e-01
9.319940489734299671e-01
9.303522329024668247e-01
9.507273397888158506e-01
9.301646216666593636e-01
9.335154435839455589e-01
9.471582067394553883e-01
9.412755499616937138e-01
9.407422524359309035e-01
9.167492804327999067e-01
9.019628396976298035e-01
9.263544294191524697e-01
9.438349665709567793e-01
9.055742138572887567e-01
8.988151158287793763e-01
9.206462597758584554e-01
9.245884332587167576e-01
8.887221055580872831e-01
8.934683435279293651e-01
9.161050390683257438e-01
8.809730800895073655e-01
8.984032938523769385e-01
9.215088915582421158e-01
9.314596959889009931e-01
9.039164972204701831e-01
9.238920311389973161e-01
9.408714569988653187e-01
9.498957695496725862e-01
9.194362119284085200e-01
8.774899768084675200e-01
9.416567536703268626e-01
9.354195135871127276e-01
9.288673872342322335e-01
9.370267183670536459e-01
9.204029974829828209e-01
9.028407781651676123e-01
9.058007892097839076e-01
9.449484817718474261e-01
9.247123024975929528e-01
9.326990330129341089e-01
9.170626410614761692e-01
9.233108765766193660e-01
9.298537040209562399e-01
9.072581257575507152e-01
9.087430873259793040e-01
9.216420449807880555e-01
8.858719895187169291e-01
9.358247924106588567e-01
9.568244730254166219e-01
9.292334390877705630e-01
9.461419614552042390e-01
9.339189123002460402e-01
9.290003983081518424e-01
9.375438435798655323e-01
9.234889013895114518e-01
9.518510237707404897e-01
9.339346014579009703e-01
9.329531206580899960e-01
9.493932666869453474e-01
1.001744036987342712e+00
9.264916395403285376e-01
9.600429172802561473e-01
9.210601082018559094e-01
9.493296732145515282e-01
9.957839934828272010e-01
9.497780182722657116e-01
9.650975551897349458e-01
9.602412401998430269e-01
9.669814879081174430e-01
9.683755940052345412e-01
9.206471225508272571e-01
9.265036671159418979e-01
9.598139461841319608e-01
9.504157107808286487e-01
9.223410190795435781e-01
9.715707889045326340e-01
9.551900960749404312e-01
9.595931038585818751e-01
9.848944200679939920e-01
9.498593035350941793e-01
9.985449500736749417e-01
9.696825642486069929e-01
9.667618358450533744e-01
9.674396064621062497e-01
9.594704301462335660e-01
9.910438914483633566e-01
9.377401550679635989e-01
9.733143227699022626e-01
9.489227548531222745e-01
9.830695254817727324e-01
9.807288859185904206e-01
9.305572498164523809e-01
9.539720157767830333e-01
9.737641364935238908e-01
9.463075184271367846e-01
9.619612920759132990e-01
9.444651826733346800e-01
9.737795800219728459e-01
9.560574882230665761e-01
9.717676860467207023e-01
9.757352939813247472e-01
9.581503883715393188e-01
9.618439102124034523e-01
9.672012085456470620e-01
9.663466424077387096e-01
1.004683730952985243e+00
9.688269327438949752e-01
9.754772113760158403e-01
9.865249178335055991e-01
9.543393337385159825e-01
9.612376500895284392e-01
9.573631000290145909e-01
9.965737948283648340e-01
9.633450002806844825e-01
9.671224373635294302e-01
9.643473390196666273e-01
9.927692157721350608e-01
9.872246919569409584e-01
9.720012618747750910e-01
9.883168982975546468e-01
9.946162642123479447e-01
1.009430275965257806e+00
9.940338597169160462e-01
9.805814171075664110e-01
1.009610677754831931e+00
9.864028116413344760e-01
9.717560389334830573e-01
9.703289355596506072e-01
9.770304599213858188e-01
9.724527417223195469e-01
9.686787040215683042e-01
9.781757171215175184e-01
9.899480584713146181e-01
9.590107789231552271e-01
9.550434698008023471e-01
9.505805911123285101e-01
9.499828744125400348e-01
9.368626319915487333e-01
9.788580393105121846e-01
9.728389725511320529e-01
9.688769610742675731e-01
9.818662276402393418e-01
9.655440306786885474e-01
9.508161811878226288e-01
9.474449141158892695e-01
9.548367554620634801e-01
9.719059542821191222e-01
9.732169345196285404e-01
9.732775504858536264e-01
9.602311361974609216e-01
1.005438622888389810e+00
9.633546044115486318e-01
9.859862096324953917e-01
9.595826846664519127e-01
9.755098110399897937e-01
9.845369184002844554e-01
9.779878939642081548e-01
9.702612067124343209e-01
9.874210767408406753e-01
9.963045417367685230e-01
9.487490624349498303e-01
9.875942633046768115e-01
9.715746224431888178e-01
9.730126554966456176e-01
9.623331689219850604e-01
9.831942122802281858e-01
9.505793663458038667e-01
9.744148269494682379e-01
9.849680848883911599e-01
9.856241701932301202e-01
9.470279173752658153e-01
9.622192709096352159e-01
9.894096716694413818e-01
9.969856917087229764e-01
9.663806782229065195e-01
9.509180612249769071e-01
9.755392906449009693e-01
9.991102122957359333e-01
9.605738124719280790e-01
9.804037937164631344e-01
9.409742166832159027e-01
9.927396555735711337e-01
9.586826724724241133e-01
9.690427091334016252e-01
9.705650365691660397e-01
1.009126844738517548e+00
9.773834558982883447e-01
9.922653375456089719e-01
9.772110949862259366e-01
9.886763144929648917e-01
9.774706797962242621e-01
9.630035886792873701e-01
9.913857617797680044e-01
9.683734018477148098e-01
9.665356996930312139e-01
9.572649299004364343e-01
9.779376352013223750e-01
9.910998903470968902e-01
9.572929741625815225e-01
9.611219483573116840e-01
9.806971206258822127e-01
9.544914576787455474e-01
9.978326133650080587e-01
9.719247296253163970e-01
9.910472764920496003e-01
9.831968631186474017e-01
9.821905754585449344e-01
9.521156139320722245e-01
9.740457570180984792e-01
9.804500565762370723e-01
9.518611684075156676e-01
9.492504533618189022e-01
9.707456471760826933e-01
9.741555604621402464e-01
9.541959273096661809e-01
9.671899908433534421e-01
1.009363824339130300e+00
9.985607493986387029e-01
1.004320166057207198e+00
9.764892508737316179e-01
1.019234784296407570e+00
9.871970735195102487e-01
1.008445448210723017e+00
1.013481996959918474e+00
9.983605649682547600e-01
1.005622066684581650e+00
1.005763143989628405e+00
1.000451146743235764e+00
1.007040640119102992e+00
1.021226168989098904e+00
9.992781994757937714e-01
1.000217293219332948e+00
9.993545789025115589e-01
1.020964646502842132e+00
9.881107584246378028e-01
1.027644640197870274e+00
1.001245873843507495e+00
9.934838699357333436e-01
9.885069657907215035e-01
9.923698103123037573e-01
9.842861112005443225e-01
9.715584375132955142e-01
9.962414031245963031e-01
1.026235761566054006e+00
9.896775257855289221e-01
9.932711624630959912e-01
9.596603582388262277e-01
9.952084141302993681e-01
9.977954653293009679e-01
9.896557895093190949e-01
1.005213420400142388e+00
9.934724577700502213e-01
1.000395149086089175e+00
9.733710767149876819e-01
9.965563994266013470e-01
9.822970782586734062e-01
9.989498585057271507e-01
9.930033678897903782e-01
9.797817309124521312e-01
1.002476248348653565e+00
1.023197117820978219e+00
1.030620440630781731e+00
1.002033374997912230e+00
9.992917284580580262e-01
1.015568705244084269e+00
9.833444565871468646e-01
9.876376641238548970e-01
9.647875782665557010e-01
9.623346765574325445e-01
9.799529529715272913e-01
9.499951979181222583e-01
9.764495069438896557e-01
9.555089461779253668e-01
9.704385494433620529e-01
9.589779609120046011e-01
9.518843384840347532e-01
9.580981943412105739e-01
9.460223892448099692e-01
9.370361037606881327e-01
9.364630145268355577e-01
9.229138061176798136e-01
9.314156537336537589e-01
9.232438294945252144e-01
9.327598342949859900e-01
9.158117730105935772e-01
9.237147233486897591e-01
9.373639357026752883e-01
9.338073729498344022e-01
9.272981659768099183e-01
8.997502533722794293e-01
8.957758962507635925e-01
9.174662336166046206e-01
9.150209565593716565e-01
8.898129748663007321e-01
8.879535566562288817e-01
8.991513925260279372e-01
8.899071974900653048e-01
8.738649849963393557e-01
8.891050190201998937e-01
8.830025844486981690e-01
8.876218212517197337e-01
8.830703876499054195e-01
8.636640001111131060e-01
8.687947840660481535e-01
8.283039451349236693e-01
8.247575683377427191e-01
8.537189773758533384e-01
8.352537092662574159e-01
8.587215261026935886e-01
8.533002583688096276e-01
8.354515346946954635e-01
8.491489828855366406e-01
8.284105419939165049e-01
8.275486450611009293e-01
8.278401357258597937e-01
8.209057412113710539e-01
8.384038065117759286e-01
8.321263193957206816e-01
8.265268806329287843e-01
8.307118445755254932e-01
8.434798401413715618e-01
8.286538291106341214e-01
8.150226558269260124e-01
8.227356931896896430e-01
8.096563946953129198e-01
8.101186989863291554e-01
7.831839832421794156e-01
7.835387349589369999e-01
7.905885853892484771e-01
7.808959768545862268e-01
7.848999333805573020e-01
7.846065287483160455e-01
7.820991878753970061e-01
7.811784325718770239e-01
7.824635109294577617e-01
7.730608839413266598e-01
7.680855326208919642e-01
7.560929446541527765e-01
7.550734215668944982e-01
7.643327613527985953e-01
7.604996976233573402e-01
7.571465266303071262e-01
7.353979361402596115e-01
7.314925488625794170e-01
7.276023143863317166e-01
7.364834487110587524e-01
7.467048414657673217e-01
7.209187440258988389e-01
7.305154613062171398e-01
7.222417941449756906e-01
7.407618212055164797e-01
7.359878135115006659e-01
7.170015242428885438e-01
7.000586850145642526e-01
6.907239758270986574e-01
7.014341111770916459e-01
6.768223828994097691e-01
6.710370356991034457e-01
6.770826159208924722e-01
7.108426358964684555e-01
6.870086131436061727e-01
6.619374413356323705e-01
6.913609882001309215e-01
6.677145821781149682e-01
6.797322852265145210e-01
6.790330557582989757e-01
6.686363612685459756e-01
6.579886922092866852e-01
6.624568382891471430e-01
6.587272293460212369e-01
6.287822104764907438e-01
6.385141114677790330e-01
6.387717116833954156e-01
6.233878333564630836e-01
6.489611580157172988e-01
6.222256113343720418e-01
6.137316241705444986e-01
6.276732262476030222e-01
6.373996966123528507e-01
6.174828950639150715e-01
6.224781566792269016e-01
6.334324885757445234e-01
6.093802449199074989e-01
6.038627292606036923e-01
6.282284807742608557e-01
6.047557116732762417e-01
6.176002433955174453e-01
6.170287739800007776e-01
5.951237229671895168e-01
5.796107607519747074e-01
6.010628394606375435e-01
5.819720302056028416e-01
5.995701363208617574e-01
5.806970610742245853e-01
5.771502614051208235e-01
5.989355946630395833e-01
5.738244382187974724e-01
5.744434325584085732e-01
5.899095746111268079e-01
5.641431438407431553e-01
5.590226778408208252e-01
5.719622659565012368e-01
5.529324137974440667e-01
5.509930195167332956e-01
5.417250601181974323e-01
5.583861618584273767e-01
5.557676457233834411e-01
5.477579565176295961e-01
5.528495420995188647e-01
5.360007150100543072e-01
5.363962656519191130e-01
5.422802410916026661e-01
5.417237741319573807e-01
5.431693169262844512e-01
5.424779861500207412e-01
5.335512392094392542e-01
5.328797690246643848e-01
5.298280726149543485e-01
5.310134375740450663e-01
