4.750358894753360003e+07
0.000000000000000000e+00
0.000000000000000000e+00
0.000000000000000000e+00
0.000000000000000000e+00
0.000000000000000000e+00
0.000000000000000000e+00
0.000000000000000000e+00
0.000000000000000000e+00
0.000000000000000000e+00
0.000000000000000000e+00
0.000000000000000000e+00
0.000000000000000000e+00
0.000000000000000000e+00
0.000000000000000000e+00
0.000000000000000000e+00
0.000000000000000000e+00
0.000000000000000000e+00
0.000000000000000000e+00
0.000000000000000000e+00
0.000000000000000000e+00
0.000000000000000000e+00
0.000000000000000000e+00
0.000000000000000000e+00
0.000000000000000000e+00
0.000000000000000000e+00
0.000000000000000000e+00
0.000000000000000000e+00
0.000000000000000000e+00
0.000000000000000000e+00
0.000000000000000000e+00
0.000000000000000000e+00
0.000000000000000000e+00
0.000000000000000000e+00
0.000000000000000000e+00
0.000000000000000000e+00
0.000000000000000000e+00
0.000000000000000000e+00
0.000000000000000000e+00
0.000000000000000000e+00
0.000000000000000000e+00
0.000000000000000000e+00
0.000000000000000000e+00
0.000000000000000000e+00
0.000000000000000000e+00
0.000000000000000000e+00
0.000000000000000000e+00
0.000000000000000000e+00
0.000000000000000000e+00
0.000000000000000000e+00
0.000000000000000000e+00
0.000000000000000000e+00
0.000000000000000000e+00
0.000000000000000000e+00
0.000000000000000000e+00
0.000000000000000000e+00
0.000000000000000000e+00
0.000000000000000000e+00
0.000000000000000000e+00
0.000000000000000000e+00
0.000000000000000000e+00
0.000000000000000000e+00
0.000000000000000000e+00
0.000000000000000000e+00
0.000000000000000000e+00
0.000000000000000000e+00
0.000000000000000000e+00
0.000000000000000000e+00
0.000000000000000000e+00
0.000000000000000000e+00
0.000000000000000000e+00
0.000000000000000000e+00
0.000000000000000000e+00
0.000000000000000000e+00
0.000000000000000000e+00
0.000000000000000000e+00
0.000000000000000000e+00
0.000000000000000000e+00
0.000000000000000000e+00
0.000000000000000000e+00
0.000000000000000000e+00
0.000000000000000000e+00
0.000000000000000000e+00
0.000000000000000000e+00
0.000000000000000000e+00
0.000000000000000000e+00
0.000000000000000000e+00
0.000000000000000000e+00
0.000000000000000000e+00
0.000000000000000000e+00
0.000000000000000000e+00
0.000000000000000000e+00
0.000000000000000000e+00
0.000000000000000000e+00
0.000000000000000000e+00
0.000000000000000000e+00
0.000000000000000000e+00
0.000000000000000000e+00
0.000000000000000000e+00
0.000000000000000000e+00
0.000000000000000000e+00
0.000000000000000000e+00
0.000000000000000000e+00
0.000000000000000000e+00
0.000000000000000000e+00
0.000000000000000000e+00
0.000000000000000000e+00
0.000000000000000000e+00
0.000000000000000000e+00
0.000000000000000000e+00
0.000000000000000000e+00
0.000000000000000000e+00
0.000000000000000000e+00
0.000000000000000000e+00
0.000000000000000000e+00
0.000000000000000000e+00
0.000000000000000000e+00
0.000000000000000000e+00
0.000000000000000000e+00
0.000000000000000000e+00
0.000000000000000000e+00
0.000000000000000000e+00
0.000000000000000000e+00
0.000000000000000000e+00
0.000000000000000000e+00
0.000000000000000000e+00
0.000000000000000000e+00
0.000000000000000000e+00
0.000000000000000000e+00
0.000000000000000000e+00
0.000000000000000000e+00
0.000000000000000000e+00
0.000000000000000000e+00
0.000000000000000000e+00
0.000000000000000000e+00
0.000000000000000000e+00
0.000000000000000000e+00
0.000000000000000000e+00
0.000000000000000000e+00
0.000000000000000000e+00
0.000000000000000000e+00
0.000000000000000000e+00
2.598756279075893280e-02
0.000000000000000000e+00
0.000000000000000000e+00
2.492696285132086145e-02
0.000000000000000000e+00
0.000000000000000000e+00
0.000000000000000000e+00
0.000000000000000000e+00
0.000000000000000000e+00
2.299165426391352671e-02
0.000000000000000000e+00
1.119821422362130350e-02
0.000000000000000000e+00
4.364804283509311073e-02
6.463803656859604119e-02
3.190992228430053479e-02
6.301708987953442975e-02
6.222938657709867205e-02
9.218454108288035020e-02
6.069764991566286433e-02
2.997645143810659732e-02
5.922177903102042451e-02
6.825460614892452094e-02
5.779908986078875072e-02
3.807126234324281766e-02
1.128541152431591088e-01
7.434571950880143609e-02
6.428718986641100697e-02
7.261177317770677042e-02
7.176745980258815438e-02
7.093778748054993533e-02
1.139489319180856108e-01
7.798615799965058493e-02
6.853329888855241858e-02
9.316851447271298770e-02
1.004963872438501965e-01
6.624902288596802580e-02
1.392149767747846711e-01
1.457753352109370515e-01
1.762119634730654194e-01
1.742861689383666812e-01
1.097038554258390614e-01
1.860306504225672231e-01
1.456906860117334890e-01
1.137888250968137754e-01
1.576096440217263916e-01
1.856450389844762627e-01
1.836908988186130298e-01
2.399330360815072893e-01
2.158488693997616670e-01
2.420937288277673072e-01
2.325509411916082958e-01
2.022669365494068616e-01
2.278172139718720457e-01
3.211728889282438604e-01
3.179287460564665380e-01
2.812512210838204463e-01
2.651797451696790708e-01
3.216129242081907647e-01
3.639184731107988346e-01
3.152914612574548303e-01
4.014005057751124927e-01
2.460617927816668438e-01
2.936570390539237629e-01
2.784444847227760533e-01
2.880234726194426664e-01
2.974063218171868472e-01
3.306441759034393635e-01
2.500986458437454152e-01
3.303189896510959067e-01
2.570994059770538853e-01
2.778508640306975308e-01
2.351232326204248102e-01
3.863497640708127290e-01
2.758332226717361557e-01
2.565698445307200148e-01
1.934334022836480538e-01
2.847741801904385972e-01
3.256119876423980153e-01
3.119226140342354348e-01
3.464333248515987784e-01
3.169294068979575663e-01
3.245826844211170958e-01
2.386882797618955498e-01
1.954400411635243695e-01
2.752943673016292059e-01
2.375154269730688217e-01
3.005745810703613352e-01
2.582425907291252543e-01
2.215526325104382743e-01
2.294131673425971185e-01
2.710070946719512763e-01
2.447095344641225800e-01
2.664235546979935032e-01
3.160668385685397874e-01
2.900219624696827037e-01
2.272928341689626486e-01
2.575985579710037277e-01
3.010788270149307166e-01
2.443013889279488371e-01
2.602381477723887948e-01
3.026059326394636151e-01
2.206880102221810414e-01
2.495389418953048444e-01
2.127789709218486092e-01
2.670593324617258069e-01
2.948239669698522469e-01
2.967040166733148077e-01
2.060378976602089407e-01
2.419460351494662764e-01
2.400334282704300048e-01
2.792026198867575415e-01
2.199807582512458559e-01
2.465554112690025168e-01
3.007828301265287885e-01
2.467196520551531436e-01
2.566603529440408260e-01
2.625225462267935517e-01
2.216286668354697509e-01
1.774928990721627020e-01
2.144351387835987388e-01
1.976098781014897776e-01
2.112045275856724857e-01
2.245891404944749814e-01
2.006161494579490334e-01
2.064937995435206231e-01
2.525381970756570560e-01
2.797304569694754051e-01
2.199691965247027592e-01
1.932950212608234297e-01
2.664985373273960900e-01
2.257521503554220099e-01
2.206085999884142834e-01
2.433444377396681291e-01
2.657461904347056536e-01
2.775400364248663543e-01
2.517375035694364160e-01
2.431842676699910999e-01
2.682815845806929556e-01
2.697086223897008916e-01
2.876397891887623737e-01
2.330874222331262569e-01
3.227284654691708887e-01
3.107603706982317582e-01
2.989512144340397692e-01
3.064517911803893435e-01
2.948206814688945632e-01
3.085287038784554348e-01
3.501808457856962487e-01
3.415719570321555376e-01
3.916684813545629473e-01
3.981931529881226894e-01
3.559441938904209790e-01
4.049081146528258346e-01
3.661652198844396189e-01
4.114071207629970139e-01
3.849650848921621904e-01
4.353461673725254055e-01
4.178435965241771854e-01
4.963501372135357137e-01
3.748515109965730452e-01
4.382689608349532029e-01
4.610065514204527704e-01
5.371528087573496091e-01
4.550097873861363440e-01
4.687979735629080325e-01
4.713084989695006111e-01
4.655132930304349270e-01
5.610445443577813940e-01
4.949051578208510938e-01
5.700974629469555133e-01
5.691509555495560813e-01
5.228552496696629026e-01
5.513549921660552133e-01
5.926547848729302181e-01
5.234910298791691785e-01
5.410173238510569416e-01
5.893317436010664379e-01
5.728164876412221718e-01
5.922331963849583047e-01
6.469153578801676296e-01
5.975393318561443845e-01
6.940920819008252751e-01
6.574589872922789180e-01
6.781892774644636690e-01
7.601557768677856819e-01
7.506445906069345586e-01
7.072108007654176465e-01
8.092237399148100030e-01
7.731353729914326456e-01
8.591835256748006078e-01
7.757518460195956811e-01
7.805531722464050803e-01
7.970042063383290243e-01
8.994642671748939167e-01
7.736876450756225987e-01
8.174811705495927949e-01
8.424323086799162530e-01
8.534219133100533483e-01
8.009190114074727918e-01
8.592290853611301849e-01
8.430525137143478620e-01
8.804070173231776097e-01
9.062635585567339058e-01
9.142261054153574262e-01
8.587162863736065299e-01
8.776928677241181420e-01
9.029187928778793504e-01
9.278429550658212621e-01
9.118932276696056771e-01
9.555667879338053394e-01
9.459451504951157386e-01
9.742093210406234105e-01
9.165414083790438537e-01
9.695374618488560303e-01
9.496695720857539769e-01
9.279549658268535506e-01
1.004463361700745017e+00
9.278386306413175522e-01
9.731890752224163776e-01
9.959383280290089457e-01
1.014429044021908144e+00
1.082351271158701778e+00
1.100138158787877574e+00
9.605670800723078440e-01
9.944201010738573654e-01
1.053152110951784737e+00
1.051324574614383778e+00
9.956808134105756825e-01
1.047682590000781566e+00
1.061080787193936947e+00
1.032709656418006938e+00
9.632369321485857450e-01
9.899257006685510119e-01
9.790899545499157641e-01
9.424334308696814544e-01
1.007447382883507991e+00
1.020465790792452809e+00
1.005996738027224779e+00
9.517810136184855496e-01
9.305798452875130300e-01
9.400855371945646688e-01
9.887440854641263988e-01
9.711926455255965873e-01
9.962009055452460959e-01
9.857942338116559844e-01
9.440142297001937743e-01
9.391731417231091728e-01
9.689754641104141308e-01
9.089441954944470492e-01
9.282966782783591553e-01
9.321046749647117213e-01
9.409483877349430481e-01
9.496908523157748805e-01
9.079830024666841748e-01
8.566628565675624696e-01
9.769841401767496158e-01
9.208491002223887500e-01
9.030964704666158971e-01
9.002402629693661007e-01
8.306254819272510526e-01
8.929586845850322474e-01
9.385399823090556648e-01
8.697299312236134172e-01
8.686496475698924913e-01
8.771032103391676049e-01
8.996943532910572916e-01
8.811443604224468151e-01
8.752907465085820737e-01
8.554596280785183859e-01
8.342596216967677059e-01
8.533770494033153797e-01
9.168369709788660726e-01
8.191993344356716111e-01
8.274385422476101537e-01
8.113695208823566984e-01
7.909248832533865015e-01
8.081494769240386011e-01
8.356470589582994934e-01
8.064390232257560021e-01
7.981916816500974621e-01
8.106093983028833660e-01
8.463291810057879117e-01
8.277821819212030086e-01
8.035974717735587802e-01
8.272737665940935736e-01
7.946764602964244695e-01
8.210175238757573268e-01
8.599189087060493675e-01
8.205099202970380645e-01
8.026143426694766214e-01
8.635028723346187540e-01
8.092186389305886518e-01
8.027242270165009241e-01
8.627528996444367992e-01
8.105654519777100164e-01
8.974400186039238614e-01
8.619428670287030414e-01
7.886840329048220299e-01
8.243710996251352174e-01
8.273870195867663035e-01
8.290259209118647776e-01
8.493378311485046961e-01
8.455291477194610827e-01
9.211560283073474409e-01
8.814687591137891909e-01
9.208292463510171499e-01
9.062895370371729653e-01
9.087710293795552285e-01
8.607420604599952396e-01
8.775600314681103464e-01
8.441861094106513086e-01
9.068959561244139822e-01
8.507779933263188710e-01
8.559177354985720854e-01
8.975624821091152672e-01
8.647835836035885348e-01
9.285059217125534170e-01
8.684864556469114039e-01
8.907429151170309645e-01
9.621394593016947550e-01
8.867569870638950524e-01
9.074012388255747741e-01
9.449074008966824589e-01
8.935751698647639296e-01
1.000825129685940285e+00
9.941529857813545812e-01
9.109202703135669266e-01
9.583048733350624238e-01
9.578048784845504260e-01
8.733889994338073226e-01
1.025050103621753195e+00
9.984678086774267936e-01
9.814357195138232459e-01
1.048208398768979643e+00
9.986905768641797243e-01
1.012959075360737593e+00
9.857864637472929514e-01
9.896873477061487456e-01
1.012894783745811544e+00
1.015500837272895973e+00
1.084669286843107594e+00
1.040855249037008878e+00
1.088064672738132455e+00
9.977557979943705302e-01
1.030304628489780550e+00
1.107912597989308523e+00
1.102289323907803098e+00
1.055027949875794402e+00
1.079137581703182525e+00
1.073671934121728455e+00
1.079075774847896740e+00
1.074715878670614133e+00
1.028469790778565818e+00
1.114241023433481637e+00
9.956979817118488674e-01
1.056476100131877427e+00
1.033214519342146698e+00
1.036463129289168394e+00
1.027088201010481816e+00
1.071071977132886710e+00
1.016863217624089932e+00
1.119614048296271980e+00
1.068722506178623632e+00
1.097418926488335167e+00
1.089000546755562127e+00
1.032679426712376225e+00
1.146535880810618968e+00
1.096488022139813445e+00
1.066992385774187868e+00
1.134156880034085768e+00
1.103726694133327024e+00
1.105421018984373616e+00
1.078299532180053255e+00
1.113690897603156982e+00
1.160623912150472004e+00
1.124744889474942333e+00
1.154637681864553844e+00
1.095665503054754408e+00
1.147738772305586075e+00
1.095025555303231757e+00
1.117804317187593099e+00
1.092445234274256771e+00
1.109312010011454408e+00
1.081305760756408052e+00
1.065830932580639212e+00
1.097698528856982714e+00
1.071911013281055647e+00
1.073499010773220297e+00
1.037706316000002404e+00
1.042187206873785410e+00
1.032721653455650701e+00
1.061186093077483683e+00
1.050785555880451305e+00
1.045038619081016362e+00
1.052113234492988214e+00
1.022731984545621087e+00
1.038887838230061478e+00
1.060336334022873528e+00
1.002432670625674094e+00
1.008602363215905573e+00
1.041517083889619055e+00
9.789575539105073165e-01
1.045421050087667947e+00
1.081354348491560202e+00
1.063324042017283366e+00
1.078744996332492212e+00
1.083560684199853297e+00
1.003008884647883070e+00
1.056630646297951559e+00
1.038114820177282516e+00
1.030060842896088236e+00
1.064107571725875889e+00
1.025222210554871838e+00
1.103332424146248991e+00
9.626984257589878968e-01
1.057378825104288822e+00
9.482422285607853274e-01
9.885352964221378880e-01
1.072053751045319414e+00
1.026549632723023020e+00
1.020416515396654011e+00
9.936199595913752791e-01
9.455540364192558389e-01
1.016214989367045129e+00
1.022468196240716720e+00
9.331516908580849146e-01
1.069806547033946620e+00
9.833688772298414538e-01
1.049406229101141452e+00
9.853655903339116895e-01
9.907568188925480746e-01
9.881101535703370464e-01
9.336925927641246403e-01
1.019373545114816482e+00
9.960673655880635247e-01
9.957804206887990173e-01
9.947038165573648394e-01
1.012420746899014956e+00
1.018305368761632579e+00
1.051360829546998277e+00
1.054735017892759252e+00
9.762139378497670661e-01
1.014445156273609427e+00
1.015591164589271900e+00
9.930254322474193485e-01
9.919391064752125509e-01
1.011354867025552773e+00
1.045767648005059280e+00
9.879358862908822481e-01
1.052248439096806099e+00
1.012000825267748150e+00
1.043687346226289892e+00
1.005214587321755726e+00
9.744093317321610437e-01
1.088664078489280485e+00
1.085029143379247829e+00
1.023414027015557615e+00
1.033179165466833860e+00
1.018807444441259591e+00
1.034326769540398372e+00
1.012790432703162269e+00
9.971673179540094800e-01
1.032019312909358444e+00
1.008534313494899193e+00
1.051688383925023507e+00
1.017592767379544183e+00
1.016387191401740164e+00
9.896982554080173689e-01
1.051381463446074971e+00
9.579258477486071177e-01
1.035424249769781868e+00
1.026467001701119930e+00
1.060744430697376339e+00
1.008710227354085776e+00
9.666949599129627257e-01
1.017371540593777324e+00
1.080778988495327830e+00
1.060850920723013902e+00
1.054024324139931190e+00
1.048597898176986565e+00
1.036413581051095045e+00
1.090604100463215209e+00
1.097910015708121856e+00
1.047351062056942173e+00
1.042005252421788875e+00
1.070086593463151603e+00
1.050043280418289537e+00
9.776863255544900877e-01
1.122137599040577971e+00
1.057913796136719320e+00
1.053261598081853601e+00
1.056498200524811804e+00
1.055135886624733565e+00
1.064197449771734583e+00
1.051122780507710575e+00
1.054952193321322618e+00
1.018750912741207326e+00
1.015572285330988311e+00
1.024590754315186869e+00
1.083403957916134530e+00
1.034798765631140816e+00
1.030319658717967712e+00
1.004966103438630576e+00
1.037211887019828804e+00
1.051002880447901688e+00
1.005728002639887819e+00
9.807418971797724483e-01
9.852114864959887752e-01
1.003946727157046581e+00
1.039915152789665953e+00
9.891613310851595786e-01
1.002155775398838822e+00
9.739233397204768439e-01
1.002793290627362666e+00
1.019886677662124930e+00
9.942771919498558653e-01
1.006430454507423411e+00
1.015481547682536290e+00
1.043165920064889951e+00
1.007556092796444647e+00
1.029694255413392101e+00
1.028987648133259381e+00
1.024706078765303729e+00
1.018663634302632959e+00
1.016205940067335334e+00
1.036784926165573717e+00
1.020150827642965830e+00
1.000676740863535752e+00
1.036319127065527201e+00
9.865657112474113255e-01
1.034245270762878199e+00
1.014361807461091836e+00
1.009047735811398505e+00
1.037776641136735956e+00
1.017470099410713535e+00
1.002437013218617112e+00
1.021775725608393914e+00
9.868669787352214451e-01
1.014651082998920595e+00
1.038869531346972019e+00
9.872596330306994128e-01
1.009155496776593663e+00
9.977908097376825269e-01
1.030157740291720803e+00
9.880862408278272557e-01
1.030860938926323245e+00
9.740372606457396998e-01
9.590432388337768455e-01
9.535124336134932488e-01
9.991789595705117266e-01
9.293674695509220873e-01
9.480277600717923470e-01
9.534856291660741556e-01
9.665229675340933913e-01
1.014191987704939901e+00
9.712711841986666483e-01
9.728101394852117778e-01
1.001759728796705273e+00
9.967609893103799301e-01
9.720043653097663050e-01
9.783063194317730416e-01
9.266215288796357807e-01
9.483819913380910904e-01
9.451705397720825408e-01
9.651669689651247719e-01
9.719058514895958512e-01
9.130831873299646295e-01
9.742821341415768277e-01
9.736302497241268172e-01
9.703794175695393820e-01
9.567770240513333579e-01
9.907969082164853614e-01
9.699901835753427237e-01
9.683124269562729536e-01
9.943171170004465598e-01
1.023751146687982505e+00
9.740159922532616310e-01
1.024683055727838132e+00
9.757196704514596863e-01
1.005370361274870561e+00
1.001080890069368623e+00
9.711746561220583329e-01
1.031160946209727092e+00
9.958297470578169053e-01
1.024502044652349175e+00
9.486068511179827079e-01
9.787314746098191298e-01
1.003248699971497571e+00
1.002480000162872198e+00
9.392584453425512070e-01
9.631817536524351908e-01
9.532245934836467427e-01
9.959955170718296502e-01
9.621610793457325839e-01
1.002728659138897971e+00
9.613109038831249009e-01
9.838023823477030083e-01
9.594934828413989036e-01
9.876204200764424623e-01
9.758685257466614971e-01
9.446063266102042721e-01
9.401663378698018603e-01
9.817982206860705885e-01
9.673324226768631462e-01
9.737181586711611825e-01
9.452153492931767431e-01
9.798013471994201362e-01
9.453372506891342120e-01
9.302084773034801080e-01
9.435806409646544379e-01
9.643142643091079380e-01
9.663947778766561747e-01
9.582909093308228377e-01
9.746621970567762583e-01
9.417414410750681864e-01
9.456806324323192570e-01
9.276398531871762332e-01
9.772102960170609975e-01
9.359690346795818128e-01
9.217162242148219109e-01
9.183980842523836730e-01
9.534675992032352054e-01
9.365693695494620163e-01
9.736479748077908614e-01
9.437886991648458679e-01
9.663529604282540264e-01
9.633973494574649132e-01
9.448981095131685493e-01
9.637284616222183686e-01
1.001028523769470491e+00
9.763914931407501330e-01
9.716724254742684641e-01
9.849626172541330327e-01
9.644854425145426013e-01
9.541493731533544631e-01
9.564886708071916877e-01
9.583785865170412199e-01
9.723834042641571473e-01
9.629840889317583530e-01
9.230341771322225775e-01
9.645213803106087447e-01
9.869301842070923314e-01
9.613265491064195700e-01
9.908747561928927805e-01
9.679374308720770648e-01
9.451132035777690676e-01
9.588064492159900087e-01
9.546931860115728252e-01
9.623906061111386911e-01
9.452593582934687433e-01
9.353353267848117936e-01
9.718565449793933331e-01
9.498179254583436482e-01
9.515935063640476033e-01
9.890354941325468774e-01
9.476602221810537241e-01
9.601515438754886222e-01
9.515777603918169625e-01
9.713843501354035848e-01
9.587222046215621019e-01
9.992498970112331236e-01
9.780142038241529390e-01
9.678607513745198787e-01
9.772261228895350316e-01
9.634769848478397236e-01
9.582695268785320630e-01
9.607352928125467706e-01
9.732275348910861545e-01
9.696284052652047736e-01
9.728387179603821266e-01
9.588860013008339012e-01
9.696578917701321743e-01
9.720423040113883584e-01
9.633302731529429508e-01
9.388654132491565107e-01
9.692621621057838643e-01
9.865425242847780662e-01
9.833553926040956572e-01
9.532033918994745614e-01
9.411362945482064646e-01
9.843744385492008142e-01
9.590879602230405476e-01
9.672200545431343111e-01
9.614045978497554046e-01
9.567703953049609966e-01
9.579217334927407901e-01
9.559969619776892413e-01
9.865953927887645136e-01
9.624708603831279019e-01
9.544493012567603074e-01
9.627948758288671360e-01
9.138851837433048519e-01
9.789801154996766730e-01
9.619346820107008700e-01
9.750623359995649331e-01
9.532231876190732089e-01
9.453377419006272486e-01
9.737166838468478414e-01
9.918975701527472655e-01
9.783924255149567539e-01
9.742197172907162139e-01
9.437960752671255005e-01
9.596506028110555198e-01
9.695360247871026571e-01
9.624737511640318877e-01
8.938715682401251472e-01
9.499033015563106419e-01
9.378220889967603391e-01
9.152414950255037818e-01
9.348791524002660891e-01
9.210990334080607633e-01
9.283398374678819565e-01
9.355442889348316582e-01
9.484674100065746405e-01
9.232908816628968562e-01
9.283012508275467756e-01
9.272139223795488050e-01
8.929894651462138011e-01
9.076267130271327144e-01
9.172280580941465367e-01
9.083813377970281211e-01
9.034566298110784377e-01
9.207430671729582849e-01
8.876938904998251667e-01
8.891546440777947646e-01
8.836101981911526071e-01
8.868139404392449965e-01
8.586625870031119323e-01
8.619042073291233175e-01
8.873115066333614465e-01
8.683362138777710459e-01
8.760120756826434985e-01
8.874372045201620596e-01
8.630891709006524026e-01
8.820258476470651532e-01
8.991646754852787859e-01
8.671033793782267907e-01
8.464164299571834693e-01
8.550236212363543364e-01
7.961693500776051424e-01
8.274949010849333986e-01
8.171932305093302373e-01
7.965043421224311526e-01
7.920224317967575756e-01
7.942584639427695548e-01
8.131941875329348202e-01
8.123672378975385078e-01
8.035562971186099857e-01
7.828312015935194879e-01
7.900215815026350175e-01
7.730509705660365549e-01
7.930880619135077803e-01
8.028338359185602791e-01
7.806894031596242067e-01
7.773128473734887134e-01
7.625100955028344396e-01
7.591850771802952647e-01
7.535952338569984477e-01
7.535476170008172936e-01
7.680759299536018547e-01
7.398718458012427668e-01
7.559750940167120348e-01
7.253440038327644279e-01
7.202125413501134776e-01
7.208688739189624828e-01
7.541280602889156581e-01
7.374786400726014435e-01
7.266295150434156636e-01
6.967713752121961202e-01
7.155256631315418669e-01
7.149085359960674069e-01
7.149233958836321845e-01
6.891219575234692751e-01
7.001839538013885367e-01
6.845536842456756421e-01
6.883807946985689430e-01
6.884447067479104732e-01
7.246291854422335366e-01
6.823523333936232227e-01
6.845944024568869635e-01
7.022942006892677336e-01
6.871924092711972909e-01
6.894047331061008421e-01
6.713188029987279259e-01
6.720190214218508817e-01
6.650632268173543027e-01
6.956999251068405332e-01
6.893295098548248845e-01
6.635231091422155725e-01
6.815207706233067375e-01
6.809697753472366832e-01
6.556440856631869929e-01
6.831866124941970986e-01
6.705968834714721716e-01
6.619620112189835703e-01
6.560585304379628058e-01
6.639295761414137909e-01
6.711690855086253071e-01
6.614095053748235697e-01
6.796108888381992008e-01
6.594976200408537714e-01
6.554398733584507752e-01
6.460850943816066616e-01
6.588579248455063153e-01
6.398335641677470598e-01
6.273402329555000101e-01
6.187027860142509939e-01
6.247029676662112507e-01
6.172703229613939468e-01
6.450577541496397282e-01
6.701153486037982887e-01
6.339586374993253504e-01
6.213611622060976059e-01
6.278494349362354621e-01
6.063927466013304679e-01
6.125952832697950656e-01
6.230696674618952935e-01
6.340711340234830296e-01
6.099201379291645519e-01
6.322932215099608122e-01
6.181912465955218261e-01
6.103863754668008568e-01
5.901583160235790437e-01
6.024959985983644462e-01
5.860296239248200534e-01
5.656917549458772010e-01
5.956851604416868451e-01
6.037028465058025262e-01
5.719881718774252333e-01
5.730443672302532043e-01
5.927489297548710345e-01
5.793078336553867391e-01
5.648114736883166342e-01
5.647620922648480812e-01
5.782427207074889441e-01
5.690696513471402707e-01
5.525073824679505030e-01
5.571445302830010382e-01
5.812082912191188777e-01
5.524185134996841828e-01
5.412027177968076197e-01
5.629711286366623213e-01
5.441701581829234691e-01
5.558104548724331906e-01
5.649673049028357541e-01
5.497831892875987281e-01
5.273831605599602623e-01
5.427242563423430033e-01
5.488768392585311462e-01
5.322355342301874348e-01
5.151254442399614275e-01
5.343654920448662748e-01
5.513972561063523736e-01
5.316912498297251544e-01
4.903183343750208700e-01
5.229471885550198706e-01
5.189959735553337783e-01
