4.750358894753360003e+07
0.000000000000000000e+00
0.000000000000000000e+00
0.000000000000000000e+00
0.000000000000000000e+00
0.000000000000000000e+00
0.000000000000000000e+00
0.000000000000000000e+00
0.000000000000000000e+00
0.000000000000000000e+00
0.000000000000000000e+00
0.000000000000000000e+00
0.000000000000000000e+00
0.000000000000000000e+00
0.000000000000000000e+00
0.000000000000000000e+00
0.000000000000000000e+00
0.000000000000000000e+00
0.000000000000000000e+00
0.000000000000000000e+00
0.000000000000000000e+00
0.000000000000000000e+00
0.000000000000000000e+00
0.000000000000000000e+00
0.000000000000000000e+00
0.000000000000000000e+00
0.000000000000000000e+00
0.000000000000000000e+00
0.000000000000000000e+00
0.000000000000000000e+00
0.000000000000000000e+00
0.000000000000000000e+00
0.000000000000000000e+00
0.000000000000000000e+00
0.000000000000000000e+00
0.000000000000000000e+00
0.000000000000000000e+00
0.000000000000000000e+00
0.000000000000000000e+00
0.000000000000000000e+00
0.000000000000000000e+00
0.000000000000000000e+00
0.000000000000000000e+00
0.000000000000000000e+00
0.000000000000000000e+00
0.000000000000000000e+00
0.000000000000000000e+00
0.000000000000000000e+00
0.000000000000000000e+00
0.000000000000000000e+00
0.000000000000000000e+00
0.000000000000000000e+00
0.000000000000000000e+00
0.000000000000000000e+00
0.000000000000000000e+00
0.000000000000000000e+00
0.000000000000000000e+00
0.000000000000000000e+00
0.000000000000000000e+00
0.000000000000000000e+00
0.000000000000000000e+00
0.000000000000000000e+00
0.000000000000000000e+00
0.000000000000000000e+00
0.000000000000000000e+00
0.000000000000000000e+00
0.000000000000000000e+00
0.000000000000000000e+00
0.000000000000000000e+00
0.000000000000000000e+00
0.000000000000000000e+00
0.000000000000000000e+00
0.000000000000000000e+00
0.000000000000000000e+00
0.000000000000000000e+00
0.000000000000000000e+00
0.000000000000000000e+00
0.000000000000000000e+00
0.000000000000000000e+00
0.000000000000000000e+00
0.000000000000000000e+00
0.000000000000000000e+00
0.000000000000000000e+00
0.000000000000000000e+00
0.000000000000000000e+00
0.000000000000000000e+00
0.000000000000000000e+00
0.000000000000000000e+00
0.000000000000000000e+00
0.000000000000000000e+00
0.000000000000000000e+00
0.000000000000000000e+00
0.000000000000000000e+00
0.000000000000000000e+00
0.000000000000000000e+00
0.000000000000000000e+00
0.000000000000000000e+00
0.000000000000000000e+00
0.000000000000000000e+00
0.000000000000000000e+00
0.000000000000000000e+00
0.000000000000000000e+00
0.000000000000000000e+00
0.000000000000000000e+00
0.000000000000000000e+00
0.000000000000000000e+00
0.000000000000000000e+00
0.000000000000000000e+00
0.000000000000000000e+00
0.000000000000000000e+00
0.000000000000000000e+00
0.000000000000000000e+00
0.000000000000000000e+00
0.000000000000000000e+00
0.000000000000000000e+00
0.000000000000000000e+00
0.000000000000000000e+00
0.000000000000000000e+00
0.000000000000000000e+00
0.000000000000000000e+00
0.000000000000000000e+00
0.000000000000000000e+00
0.000000000000000000e+00
0.000000000000000000e+00
0.000000000000000000e+00
0.000000000000000000e+00
0.000000000000000000e+00
0.000000000000000000e+00
0.000000000000000000e+00
0.000000000000000000e+00
0.000000000000000000e+00
0.000000000000000000e+00
0.000000000000000000e+00
0.000000000000000000e+00
0.000000000000000000e+00
0.000000000000000000e+00
0.000000000000000000e+00
0.000000000000000000e+00
0.000000000000000000e+00
0.000000000000000000e+00
0.000000000000000000e+00
0.000000000000000000e+00
0.000000000000000000e+00
0.000000000000000000e+00
0.000000000000000000e+00
0.000000000000000000e+00
0.000000000000000000e+00
0.000000000000000000e+00
0.000000000000000000e+00
0.000000000000000000e+00
0.000000000000000000e+00
0.000000000000000000e+00
0.000000000000000000e+00
0.000000000000000000e+00
0.000000000000000000e+00
0.000000000000000000e+00
0.000000000000000000e+00
0.000000000000000000e+00
0.000000000000000000e+00
0.000000000000000000e+00
0.000000000000000000e+00
0.000000000000000000e+00
0.000000000000000000e+00
0.000000000000000000e+00
0.000000000000000000e+00
0.000000000000000000e+00
0.000000000000000000e+00
0.000000000000000000e+00
0.000000000000000000e+00
0.000000000000000000e+00
0.000000000000000000e+00
0.000000000000000000e+00
0.000000000000000000e+00
0.000000000000000000e+00
0.000000000000000000e+00
0.000000000000000000e+00
0.000000000000000000e+00
0.000000000000000000e+00
0.000000000000000000e+00
0.000000000000000000e+00
0.000000000000000000e+00
0.000000000000000000e+00
0.000000000000000000e+00
0.000000000000000000e+00
0.000000000000000000e+00
7.667930842722815894e-03
3.034368669248367276e-02
0.000000000000000000e+00
1.485160311875810199e-02
7.347635952744521227e-03
7.270698063075979253e-03
7.194962313325388263e-03
7.120403789051979980e-03
0.000000000000000000e+00
6.974721949979546982e-03
6.903551938541577747e-03
0.000000000000000000e+00
6.764441405456734537e-03
6.696457644852867562e-03
0.000000000000000000e+00
6.563529065473280681e-03
6.498544162692835961e-03
0.000000000000000000e+00
0.000000000000000000e+00
6.309276737991457822e-03
6.248022107530292607e-03
0.000000000000000000e+00
0.000000000000000000e+00
6.069516771779324103e-03
6.011712289153443162e-03
2.381891865178527648e-02
1.179710677325342474e-02
1.168633663532063147e-02
1.736567900191859568e-02
5.734712990742068563e-03
5.681614177511951948e-03
5.629249442280328912e-03
2.231042126354087357e-02
4.974001773008093069e-02
2.190570616849527724e-02
3.798806522494643789e-02
4.840178493634687829e-02
3.197846075553219258e-02
6.338588137959151603e-02
3.664643211206160267e-02
3.632212952898410119e-02
1.542947693396245004e-02
4.078435071135247392e-02
3.537463805981876097e-02
4.508618716055420167e-02
4.966203667867793992e-02
9.354444483774060348e-02
9.274149318104989159e-02
5.807294885827526953e-02
5.278048782559507240e-02
5.233319824424872285e-02
5.660898601227578458e-02
6.548883023508964007e-02
6.957943903131509622e-02
8.279953649067976762e-02
8.667420777702551649e-02
5.881329733450620101e-02
1.031978861856024665e-01
7.120139591516790045e-02
7.503392347554155295e-02
5.253451408322207250e-02
6.947884764795056456e-02
4.307408588092351276e-02
9.827465565661741564e-02
5.086354571542539560e-02
5.466311570576971868e-02
9.594411738685730551e-02
4.138507383972931525e-02
6.980065497168938538e-02
6.925320167168851071e-02
7.679594777231225911e-02
1.122922565805707512e-01
8.754568298731241205e-02
1.579448325809482134e-01
1.136291617996569164e-01
1.477524445569798339e-01
1.620587339354529199e-01
1.187051661123492974e-01
2.356117777363916643e-01
1.885754710586361460e-01
2.021302264450274833e-01
2.154766049733526645e-01
2.175559673762092194e-01
1.903186412744082012e-01
2.034403323414366582e-01
3.353628733901206083e-01
2.541471575836752317e-01
2.451786543412044217e-01
2.751354332456705798e-01
2.871413523658725708e-01
3.128714199510018723e-01
2.519411935290066240e-01
3.015249778442992690e-01
2.721486525074988116e-01
2.904700974947115877e-01
3.185843816895728708e-01
2.663788863108157434e-01
2.909459936621964227e-01
2.954629295912867826e-01
3.357679994275212243e-01
3.172345450877782636e-01
3.278819771212048706e-01
3.958335636080029252e-01
4.628367687576193656e-01
3.589007371647338629e-01
4.314728278430900454e-01
4.440435441418021933e-01
4.379285382074640798e-01
4.073822257493870391e-01
4.776345165880007682e-01
4.321034357862246211e-01
4.832180360770063632e-01
4.978622403436268606e-01
4.056939740786631998e-01
4.353461673725254055e-01
5.113470586834335530e-01
4.353948572048558785e-01
4.786565448110086107e-01
4.439979668589394968e-01
4.809265875929414347e-01
3.618713658996881577e-01
5.476969662981271414e-01
4.939121507180638249e-01
4.796257077748447561e-01
5.453942723078468724e-01
4.679932540740517899e-01
5.139399715831914905e-01
4.890409516274832336e-01
4.805567030347667190e-01
4.855084461218298619e-01
5.593072276299886347e-01
5.689485934780129650e-01
5.810750431658777693e-01
5.904371755489900009e-01
5.789925902045565120e-01
6.652891044801638731e-01
6.305241358063996548e-01
6.519892038243257915e-01
6.832622739789667721e-01
6.740461011961083049e-01
6.201033630143085729e-01
6.583881306771800501e-01
6.937343983065228370e-01
6.797367954030222315e-01
6.974896901019754791e-01
7.150156030292053044e-01
7.155103762467296402e-01
6.706404742072749059e-01
7.828688354326195364e-01
8.017766723981200050e-01
8.110689864501818835e-01
7.946044432814477476e-01
7.041947428233211737e-01
7.599120740320157719e-01
7.554420159357944087e-01
7.487354919440201151e-01
7.058947219184505961e-01
7.625095809880186870e-01
6.954624184752312699e-01
7.292260143484905477e-01
7.404836393085508783e-01
7.911572066094439970e-01
7.516498791667192148e-01
8.168626689709614919e-01
8.381160087000411041e-01
7.710546779366431736e-01
7.858939292328217530e-01
8.408987733817486765e-01
7.685804347772815515e-01
8.734290464502140194e-01
8.330296627408622090e-01
8.781891785054948274e-01
9.166375869697277468e-01
9.300079635388598387e-01
9.187164893604375937e-01
8.689604680842099027e-01
8.217592398662312281e-01
8.272713531208704119e-01
8.526795310971549968e-01
8.499932918457326902e-01
8.413983045666711957e-01
8.761000362213686721e-01
8.732923088015996926e-01
8.219249869605256276e-01
7.981563406539347039e-01
7.880871303056680155e-01
7.150242493800954557e-01
7.473203393677728679e-01
7.319755257028730533e-01
7.562914975072880797e-01
7.784670916410533215e-01
7.333867720392905909e-01
7.498733585505323873e-01
7.827516228985208491e-01
7.658073618514278369e-01
7.891242528365729481e-01
8.720127000961743757e-01
8.404073796588780176e-01
7.983550840679032312e-01
8.459651561552272714e-01
7.705623549508389125e-01
9.096515360918471238e-01
8.188593813836572144e-01
7.604559072584894386e-01
7.826442847692576255e-01
7.734500579595626757e-01
7.849972597452042899e-01
7.810023713928631039e-01
8.043023886349981444e-01
8.477012502116604287e-01
8.586014988076898780e-01
8.710594792610150128e-01
8.483133160552079888e-01
8.008611489203967260e-01
7.720584018022541573e-01
7.353080551886654881e-01
7.938482318911682656e-01
7.850225142920294052e-01
7.876187308681046328e-01
7.708283703500491413e-01
7.638218584177859372e-01
7.217456630543960250e-01
7.245635215845297461e-01
7.795242814982271673e-01
7.190767369876038817e-01
7.328015552164872659e-01
7.868982006915332672e-01
8.466649692312921971e-01
7.499841700000203781e-01
8.001207066666486956e-01
8.314261901735174876e-01
7.665974729646976016e-01
8.098557717762329133e-01
8.632380154365533187e-01
7.556722381627373197e-01
7.356678572615029665e-01
7.648546905363984294e-01
7.375882391544419381e-01
7.547053018682018388e-01
7.379756180396489507e-01
8.073790999724409501e-01
7.412243828091850117e-01
7.680796576405894971e-01
8.090467398677883004e-01
7.938409856289987410e-01
8.001232230013241020e-01
8.049216489269734875e-01
7.800452223132171570e-01
8.550784540679394752e-01
7.868568112572045248e-01
8.583723536727574377e-01
8.059746189294738627e-01
8.105654519777100164e-01
8.027559799438769295e-01
8.073030656322717213e-01
7.682870320538351949e-01
8.148955697443864832e-01
8.098690533740171560e-01
8.250015232375352836e-01
7.892431732842236647e-01
7.803861787913893844e-01
7.888060242401997435e-01
8.946446747956096068e-01
8.486845048277893433e-01
8.135711550059924191e-01
8.879694035282349462e-01
8.723912011278749379e-01
8.608077841713622780e-01
9.686329978800026774e-01
9.656525955352914803e-01
8.952880527679050182e-01
9.027653038616595405e-01
8.383132733182045992e-01
9.124784692014642484e-01
9.510000086450244305e-01
8.174722082521787003e-01
9.179979139105979291e-01
9.473373137739763417e-01
9.297438216168538716e-01
9.404198822868826690e-01
9.619546993664680468e-01
9.444980425029187998e-01
9.621925553192937075e-01
1.024205978096389469e+00
9.779525109673905536e-01
9.869109889570045757e-01
9.957847497503566903e-01
9.301179195594132532e-01
9.520844246039016356e-01
9.363565482784789173e-01
9.347562560411086796e-01
9.064329834144169151e-01
9.269422387812374931e-01
9.449675105754321569e-01
9.582441178451567287e-01
9.794019133766391771e-01
9.673714226785841142e-01
9.667658640555581995e-01
9.503554001268434970e-01
1.001514067917899542e+00
9.738850465866001338e-01
1.034544559261202146e+00
9.847847041707278315e-01
1.015033697559067027e+00
9.921705103305998863e-01
1.073671894935969595e+00
1.017971888813123504e+00
9.812077857931095215e-01
9.880693841980741077e-01
1.003499766228585388e+00
1.041365963703688946e+00
1.091763538810904155e+00
1.061793565080301205e+00
1.038425754702488657e+00
1.053307739267940857e+00
1.012236856958222297e+00
9.798778138343104960e-01
1.018824563614209255e+00
1.008536804378447282e+00
1.019056119884477196e+00
1.084211238152226864e+00
1.091247873480903019e+00
1.082853789200967976e+00
1.010229873957759317e+00
9.879724079325546970e-01
1.035740763295502465e+00
1.004465421768517164e+00
1.046759494238722166e+00
1.062699681930728390e+00
9.937824670220202217e-01
1.041561886976865470e+00
1.137428536628446230e+00
1.039438223530346317e+00
1.023655252811836558e+00
1.008963664423556006e+00
1.041125709124917753e+00
1.025494406024517913e+00
1.173310700916260663e+00
1.037892380644466206e+00
1.027224623272808612e+00
1.103579131406744018e+00
1.008013028733306449e+00
1.025056261672305125e+00
9.815049668523279092e-01
9.966231457986285402e-01
1.012558018895264755e+00
1.013421559729975163e+00
1.010549380950831244e+00
1.021597183220939842e+00
1.022396000902327629e+00
1.042504408767558122e+00
9.955367897561261392e-01
1.033847379727484972e+00
1.035470639157399342e+00
1.005346084290696496e+00
1.110011375224967178e+00
1.006931919596166347e+00
1.036394961668966053e+00
1.065634546381059700e+00
1.053714312572764378e+00
1.079115706494225391e+00
1.082237807926602402e+00
1.010509933970067387e+00
1.070851740261766549e+00
1.041616399650181490e+00
1.048283591246572222e+00
1.074848416061709333e+00
1.024284814246527731e+00
9.783855497742108831e-01
1.046086395107937550e+00
9.516866725167408836e-01
1.011317055954901400e+00
1.069664917509986601e+00
1.075142789366041018e+00
1.076360289664109127e+00
1.074202756265008052e+00
1.136494140452415147e+00
1.047397513160127414e+00
1.131764897369904599e+00
1.072281539725692401e+00
1.086644560178150032e+00
1.079522881099458154e+00
1.118324589638284072e+00
1.088268769828370175e+00
1.005536800101869188e+00
9.882330266637895377e-01
9.742755290962098469e-01
1.026422489931158033e+00
9.907568188925480746e-01
1.032878898392294076e+00
9.942392114075320197e-01
1.061450490512857892e+00
1.013472831865217971e+00
1.043085903856912910e+00
1.020632115093220271e+00
1.007722738792754980e+00
9.792898373914551424e-01
9.782632570784939308e-01
9.973871917913159635e-01
9.870264339968373157e-01
9.936636545897039596e-01
9.626638304830335002e-01
1.044243834064645826e+00
9.652740767312553150e-01
9.862987779776224428e-01
9.882579944244627157e-01
9.856734376963228739e-01
1.049993621013027179e+00
1.013498976008337049e+00
9.675384840552730958e-01
9.650357659188135706e-01
9.551287817892111232e-01
9.792803150022379999e-01
9.760106007993913924e-01
9.911111452446217385e-01
9.614712630477476596e-01
1.021724573845529616e+00
9.696359174749763499e-01
9.874344490517955597e-01
9.950011326145004054e-01
1.008989593234951521e+00
1.050138147195257776e+00
1.022375519383265541e+00
1.024718767151109544e+00
1.007864028371117548e+00
1.002441151400395247e+00
1.059848965165103740e+00
1.045841215566944760e+00
1.017898450010645384e+00
1.012491957430172063e+00
9.987573956796045316e-01
9.996852907019158074e-01
1.023437255340924779e+00
9.663305277097505863e-01
1.016839773527092872e+00
1.020417972194165301e+00
1.009622780997289970e+00
1.011147973242094267e+00
1.065598770301387832e+00
9.613823987333925958e-01
1.048005014994116246e+00
9.868493960844615387e-01
1.020562057516645860e+00
1.054723302795453455e+00
1.031399518939714932e+00
1.063972287755497348e+00
1.056635463247525220e+00
1.042744209284384826e+00
1.013813598153694429e+00
9.955463812637649346e-01
1.046642532738590203e+00
1.053776911707874131e+00
1.027750068896668312e+00
9.960560892770035091e-01
1.014234600905115968e+00
1.018144982697247958e+00
1.045108216228882725e+00
1.042496669829625633e+00
9.984788582167473114e-01
1.058269143911303445e+00
9.733036553151703796e-01
1.006278604935853416e+00
1.042192077857320598e+00
9.994539664412610547e-01
1.017019339805044664e+00
9.714933518738927409e-01
1.003946727157046581e+00
1.005209998703717522e+00
9.978110866349361174e-01
1.017554604154198961e+00
1.029190111835762478e+00
1.016874026698442846e+00
9.796039004474629275e-01
9.948856847233870093e-01
1.048289225671384939e+00
9.834264422464585875e-01
1.006986755207148088e+00
1.044828454224475456e+00
1.006319356716580682e+00
1.039743616580645291e+00
1.028280634854019882e+00
1.029949120630184067e+00
1.062397119161305081e+00
1.060992319088574165e+00
1.004845621919528309e+00
1.060541273161530240e+00
1.024030757969888628e+00
1.034406272053022047e+00
1.070891756734791311e+00
1.006822239995686541e+00
1.039116780087726788e+00
1.009526054794680272e+00
1.023793359915525780e+00
1.048288906333247894e+00
1.051491798165237634e+00
1.014786425593203978e+00
1.051578474037515143e+00
1.064926237149567800e+00
1.005333035923710039e+00
1.022670972179851701e+00
1.007897863522307258e+00
1.011682085166923484e+00
9.663148490807733637e-01
9.668495955264705399e-01
1.017327805563328136e+00
9.584898382343344236e-01
1.013106960714336591e+00
1.009632924455886149e+00
1.025376505661554472e+00
1.024066916823078710e+00
9.971234153979311454e-01
1.023089308909189477e+00
1.031547144713794495e+00
1.021024496529556069e+00
1.047766131385679866e+00
1.049078492153715514e+00
1.017672059016192065e+00
1.022796672627933390e+00
1.068939602430901914e+00
1.068565274267394116e+00
1.035321424864892093e+00
1.030806796731297936e+00
1.024205035881615267e+00
1.101212957745107301e+00
1.076096316640882566e+00
9.920533747857901430e-01
9.840545564663550904e-01
9.849325100665651256e-01
1.047997368706281796e+00
1.034212109202497176e+00
1.019468960208303798e+00
1.011485592489355101e+00
1.049670853410780591e+00
1.041128849627269481e+00
1.015300814530872398e+00
1.042472692112001997e+00
1.027420141301355061e+00
1.064004329051585040e+00
1.066609850647927349e+00
1.005859465269274722e+00
1.020132486891976109e+00
9.943300034628503870e-01
1.013534139551448110e+00
1.008764832766450237e+00
1.013934075773596843e+00
1.029454802040738137e+00
1.042914510744945789e+00
1.036626598315234515e+00
9.945685317755287302e-01
1.017294589248837866e+00
1.042819988001749021e+00
1.023451421103853010e+00
1.025043859100382759e+00
1.019850722388337738e+00
1.006479533878032573e+00
1.005687752827745030e+00
9.957786062481137623e-01
9.926195794009691209e-01
9.837461541908191220e-01
1.012523443366617037e+00
1.006010846051152541e+00
9.805900378677354645e-01
9.760792599288506954e-01
9.979627928013161675e-01
1.030529317236590581e+00
1.009983702916636972e+00
9.773963508382121912e-01
9.654810311500068298e-01
9.810445358826636042e-01
9.802997387094137816e-01
1.002669070110253191e+00
9.903379372175759032e-01
9.707110264206391115e-01
1.006218868844087400e+00
1.011346999702587235e+00
1.024200333593978440e+00
1.007406632367814359e+00
1.037895127907088932e+00
9.890092725931287632e-01
9.855207239870560354e-01
9.640360674064414326e-01
1.010474143596646446e+00
9.827586169756391543e-01
9.779688536187924885e-01
9.994913297100340710e-01
9.857873974130798578e-01
1.020913821120500886e+00
9.952805684651403473e-01
1.039896630906002262e+00
1.051288862328429996e+00
1.045069467393917595e+00
1.038440995955993484e+00
1.004781270356368550e+00
9.869639584523912657e-01
9.913812020926167090e-01
9.953394489973421688e-01
9.854493974218666574e-01
9.781921485014684059e-01
9.890212549441669276e-01
1.010938911537933915e+00
9.822807310042018791e-01
1.050165152710676786e+00
1.003251192086310972e+00
1.045693279575942158e+00
1.046009154972499466e+00
1.039141941961291726e+00
1.032727249971340022e+00
1.022980683308709393e+00
1.057699984231570411e+00
1.058383127693687698e+00
1.059476448020040040e+00
1.055154163306638360e+00
1.052094804161131991e+00
1.050702752889823177e+00
1.096785319035757933e+00
1.062753007170609942e+00
1.030940684498884874e+00
1.068114866430945442e+00
1.037666866466879778e+00
1.068110551904660532e+00
1.056513542886975854e+00
1.031989728779982185e+00
1.052500477777921439e+00
1.054742322549959699e+00
1.005027364149252644e+00
1.020623675674060982e+00
9.992781994757937714e-01
1.005613070825111421e+00
1.017096960215562396e+00
1.029714635682064117e+00
1.011717500093485933e+00
1.004491468061696535e+00
1.051781943185766677e+00
1.045275001311966934e+00
1.012866040464419637e+00
9.911940166981896283e-01
9.825267119948234429e-01
9.657080254046245260e-01
1.010053771728745220e+00
9.823762150240856750e-01
9.834823613048684354e-01
9.884428950974383232e-01
9.972298763790733434e-01
1.014812751372726973e+00
1.020036870782452088e+00
9.942463845901509112e-01
1.046047830416397151e+00
1.015744210511781542e+00
1.031918610503760103e+00
9.915578465407250963e-01
1.021692375365106598e+00
9.800345897866764577e-01
9.871001426168435344e-01
1.001259631719561893e+00
9.861463810559414345e-01
1.002102747510967617e+00
1.011646094276750230e+00
9.958637188277238428e-01
1.027992788857961637e+00
9.271473793098458094e-01
9.544832534113036893e-01
9.614350781310767591e-01
9.477794954210695400e-01
9.451803093445193538e-01
9.597752758219074698e-01
9.535071725544658205e-01
9.312536722744588769e-01
8.913119685990886776e-01
8.852402822057807708e-01
8.759422989576277629e-01
8.702905254291650738e-01
8.466789090464454937e-01
8.644414045572944572e-01
8.681567810477442970e-01
8.414930666896058842e-01
8.520102997464473749e-01
8.752749578820214760e-01
8.427431809867331758e-01
8.298224531102574852e-01
8.123695604514620250e-01
8.319797722503931015e-01
8.423603545241808987e-01
8.239406204979565773e-01
8.475801703155829703e-01
8.428396954587865642e-01
8.175749206339443242e-01
8.320276406905482425e-01
8.519576887909384721e-01
7.905283094084367690e-01
8.283989734990260256e-01
8.168690792576976945e-01
8.301179968431663392e-01
8.326817442821943249e-01
8.304452459139703979e-01
8.469778485429335646e-01
8.613912280746406358e-01
8.400827795626452099e-01
8.215790101864648420e-01
8.349315382678862418e-01
8.455234952071362109e-01
8.355387754499352670e-01
8.403697103803663415e-01
8.709709009916494216e-01
7.944770175773884224e-01
8.033631675267529637e-01
7.942397023694086622e-01
7.851551279765367486e-01
8.297710950373587968e-01
8.170081228042934685e-01
7.822057724984783356e-01
7.811178387174845250e-01
7.741234704164818847e-01
7.946738169945569696e-01
7.781982586336256835e-01
7.780994820241342591e-01
7.734438129870835343e-01
7.512749615423917060e-01
7.622449022272564934e-01
7.634675840028550819e-01
7.443645550301072333e-01
7.504446392803932886e-01
7.606703122864104660e-01
7.788587699986656565e-01
7.742679788129519514e-01
7.722473129825986327e-01
7.552745681988722870e-01
7.714027668142316996e-01
7.865078369763006672e-01
7.756172661646851818e-01
7.802319320477592024e-01
7.357140313989710689e-01
7.353659200758413395e-01
7.278084500084518460e-01
7.321669424758517897e-01
6.962466639866673468e-01
7.289887937775113569e-01
6.954027878574357002e-01
7.230408272325454799e-01
7.013660585738192843e-01
7.047889803980876833e-01
7.017265335190785436e-01
7.085118319194450009e-01
6.753929188365658254e-01
6.815903387585127149e-01
6.523332045777925359e-01
6.835393857667427797e-01
6.647394668125037320e-01
6.366120110274700039e-01
6.582606899088006003e-01
6.550398053999030301e-01
6.626849842287049208e-01
6.534483763571276027e-01
6.325414773870287055e-01
6.689400449625437783e-01
6.364277656934128613e-01
6.350751035768281705e-01
6.349174054745718720e-01
6.210954408044906394e-01
6.600904268903287075e-01
6.776230820686871548e-01
6.578911262570129592e-01
6.591524523040872552e-01
6.677546429899501312e-01
6.519763150350988967e-01
6.394823024792518629e-01
6.778567498612791953e-01
6.341738539962197274e-01
6.427311256405336959e-01
6.448663077512515329e-01
6.553898568574568761e-01
6.254072348902304235e-01
6.166017877325087326e-01
5.940173844257931046e-01
6.062769071648089758e-01
6.024344254852364022e-01
5.923145325045706677e-01
6.002162143495709534e-01
6.231790849836911228e-01
6.312656361786915804e-01
6.081172811342105966e-01
6.190293703326462671e-01
6.231158804069347745e-01
6.057612610940058540e-01
6.309530613344617178e-01
5.903515044339620044e-01
6.109865003383552207e-01
5.907189673396869845e-01
5.989903877523630182e-01
5.565547724659404283e-01
5.545795856000728108e-01
5.612068840182390383e-01
5.711263882580335238e-01
5.636071599636985896e-01
5.624557667794253257e-01
5.602078337915455952e-01
5.469896792384340012e-01
5.691568469148582388e-01
5.674521692356973013e-01
5.698449987285942875e-01
5.632433583893879936e-01
5.525921626280910770e-01
5.701801885837692874e-01
5.362860145198373729e-01
5.819168825711076298e-01
5.664585608058438915e-01
5.642395886056668086e-01
5.569288222305389668e-01
5.509856537048291036e-01
5.570946682906484648e-01
5.335651443283737638e-01
5.364874317017382932e-01
5.399283456541735804e-01
5.253221310962230550e-01
5.324745664841599169e-01
5.166188927604238312e-01
