0.000000000000000000e+00
0.000000000000000000e+00
0.000000000000000000e+00
0.000000000000000000e+00
0.000000000000000000e+00
0.000000000000000000e+00
0.000000000000000000e+00
0.000000000000000000e+00
0.000000000000000000e+00
0.000000000000000000e+00
0.000000000000000000e+00
0.000000000000000000e+00
0.000000000000000000e+00
0.000000000000000000e+00
0.000000000000000000e+00
0.000000000000000000e+00
0.000000000000000000e+00
0.000000000000000000e+00
0.000000000000000000e+00
0.000000000000000000e+00
0.000000000000000000e+00
0.000000000000000000e+00
0.000000000000000000e+00
0.000000000000000000e+00
0.000000000000000000e+00
0.000000000000000000e+00
0.000000000000000000e+00
0.000000000000000000e+00
0.000000000000000000e+00
0.000000000000000000e+00
0.000000000000000000e+00
0.000000000000000000e+00
0.000000000000000000e+00
0.000000000000000000e+00
0.000000000000000000e+00
0.000000000000000000e+00
0.000000000000000000e+00
0.000000000000000000e+00
0.000000000000000000e+00
0.000000000000000000e+00
0.000000000000000000e+00
0.000000000000000000e+00
0.000000000000000000e+00
0.000000000000000000e+00
0.000000000000000000e+00
0.000000000000000000e+00
0.000000000000000000e+00
0.000000000000000000e+00
0.000000000000000000e+00
0.000000000000000000e+00
0.000000000000000000e+00
4.974036501351818129e-02
4.786359709911308657e-02
0.000000000000000000e+00
4.441522662019569551e-02
4.282914018099393677e-02
0.000000000000000000e+00
0.000000000000000000e+00
0.000000000000000000e+00
0.000000000000000000e+00
0.000000000000000000e+00
6.976012768353995197e-02
0.000000000000000000e+00
0.000000000000000000e+00
0.000000000000000000e+00
0.000000000000000000e+00
8.949666490070873337e-02
2.895486754060719314e-02
2.811565563774721249e-02
1.092496265026736690e-01
7.962928396738630510e-02
2.580583454473249494e-02
0.000000000000000000e+00
4.884112845222022409e-02
4.753877657949207025e-02
4.628782929800214635e-02
0.000000000000000000e+00
0.000000000000000000e+00
2.140877829894307152e-02
2.087358706885540996e-02
8.143286547246875173e-02
1.986169942352394163e-02
3.876625539081898081e-02
1.892164671858106301e-02
3.695290457145479490e-02
1.804678694143272213e-02
1.763193675825579232e-02
1.723122836921787276e-02
6.737610493468293438e-02
6.587892046316311256e-02
4.832331827103827221e-02
4.727285317664120523e-02
7.709378713868106359e-02
1.207256901399523519e-01
4.431907182403368312e-02
1.157221108621953737e-01
7.083510835318147791e-02
4.163372675190867706e-02
4.079267025930881363e-02
1.732329920663712719e-01
1.567409990743146297e-01
1.664733910558540697e-01
1.130130004033471636e-01
1.477863214659346225e-01
1.691333348120000468e-01
1.777952521993495794e-01
1.395776592985199516e-01
1.598251227833486499e-01
1.120661676848435095e-01
1.980515837598672280e-01
2.160924268584329677e-01
1.485636158880322411e-01
1.876297379290002287e-01
2.765071099733262816e-01
2.817613171175883391e-01
1.186729220396973983e-01
2.235683852319433063e-01
2.866684983311226231e-01
2.536655892690987679e-01
3.048685788290359522e-01
3.270867757593290404e-01
2.591672149381180623e-01
2.109957579222433433e-01
2.854399280025940455e-01
2.383164741307009782e-01
3.015433967292207584e-01
2.885504812723063695e-01
3.733123066492674003e-01
2.636589778471581935e-01
1.730685110030876495e-01
2.711327426442987076e-01
3.585760928232218370e-01
3.682131830149768525e-01
3.257055700554167821e-01
2.479530296111562004e-01
3.017906636649201890e-01
2.407402699613135910e-01
2.442293227038490055e-01
2.957359311474112573e-01
2.643938831484545782e-01
2.071783086538507290e-01
2.965069638664365459e-01
2.858631906983482573e-01
2.818929328739303575e-01
3.032779817021353241e-01
3.053552949286805762e-01
2.827599963187875098e-01
3.031945367728728358e-01
3.469848526373415232e-01
2.420120126607355204e-01
3.087012181405092703e-01
2.701519376009839379e-01
2.949844829287098791e-01
2.631580342551006479e-01
3.702997256796071723e-01
3.219043159088116890e-01
3.231901828429802337e-01
2.499610578936875271e-01
3.098340252410442530e-01
2.592891107379111104e-01
3.533740741510413286e-01
3.439533495220895576e-01
3.147527401001192771e-01
2.813034503973470546e-01
2.778937536063355029e-01
2.986286309474085465e-01
2.950522831601318230e-01
3.620736197384687993e-01
3.252625228510062638e-01
3.306198335986851866e-01
2.677559135927937151e-01
3.498663665376172127e-01
2.615830913345278952e-01
3.199335396161634426e-01
2.859492459987187929e-01
3.126831761790204167e-01
2.837404758941713401e-01
3.098638606685381047e-01
2.194498883097690811e-01
2.579571628473951161e-01
3.077479298897559667e-01
2.683227625612586986e-01
3.406502392886258113e-01
2.742596385645976742e-01
2.945485298357314319e-01
2.453737869671301086e-01
2.503354152129902976e-01
2.289092448886978493e-01
2.339127491204401055e-01
2.241028965587078814e-01
2.508390831761212469e-01
2.266413128697497559e-01
2.492141326168192950e-01
2.466449376274633676e-01
2.580647121492432583e-01
2.554314217260383879e-01
2.460047659875910231e-01
1.927865800555169373e-01
2.946441363735262109e-01
2.021995556918802783e-01
2.362870463570380941e-01
2.696895827517526989e-01
2.605980445087126562e-01
2.516717456843959311e-01
3.154638368995728581e-01
2.780369837850980019e-01
3.001012779789919427e-01
3.064079495951517185e-01
3.368581808337524630e-01
3.186207513251324563e-01
2.977364831473159890e-01
3.273697129577825549e-01
3.914922772832411524e-01
4.167762960460462685e-01
3.870931268750896215e-01
3.948721853370806278e-01
3.687158384693615676e-01
5.019844784296696449e-01
3.813401359306204386e-01
4.353759100988436326e-01
3.798806522494643789e-01
4.840178493634688106e-01
5.009958851700043736e-01
4.542654832204058857e-01
5.313732656248932873e-01
5.707763211697501893e-01
5.683190670676169232e-01
5.786279757173132809e-01
6.468505245224001055e-01
6.462353493012769068e-01
6.754036988300199384e-01
6.621962016145321872e-01
6.491904522673492828e-01
6.775177366798781353e-01
7.293303772264045914e-01
7.968918823556055964e-01
8.066780506749299251e-01
7.788493024387447283e-01
7.723317732475976083e-01
8.624951717779142379e-01
8.005959718351567389e-01
8.052897635032387758e-01
8.839123295027688787e-01
9.456435394983238041e-01
9.202690026264949141e-01
9.784553248000110726e-01
8.771704515553758741e-01
1.035931765436210572e+00
1.031883884394482864e+00
1.087208289667217720e+00
1.021779778192464683e+00
1.159672375371579633e+00
1.202236395044136597e+00
1.252305868609721484e+00
1.161009557437130857e+00
1.250965570291086459e+00
1.257272229928890539e+00
1.434555396223914592e+00
1.308967800014608329e+00
1.291062372861619068e+00
1.407536445516492263e+00
1.387145591661793409e+00
1.460839382963266431e+00
1.552377600085741882e+00
1.499174994916157244e+00
1.568380831119750463e+00
1.623504765057846910e+00
1.561609359047874790e+00
1.736657601628974756e+00
1.620256932576441988e+00
1.813844358228286824e+00
1.705649585755228959e+00
1.691377383571207371e+00
1.806017202843376079e+00
1.792882590382033570e+00
1.691243842290693467e+00
1.851595209976877543e+00
1.846840489296332821e+00
1.850610837050991941e+00
1.758019601697643930e+00
1.844435893992263820e+00
1.974533494778921483e+00
1.947354434852655691e+00
1.963187021062105631e+00
1.941260618049406750e+00
1.782016500722672703e+00
1.857997870353494285e+00
1.916919797956498028e+00
1.881463166148267918e+00
2.079420499099181807e+00
1.944754339988420400e+00
2.158113728521346530e+00
2.029274493947263114e+00
1.940425864753659413e+00
1.953129679296156107e+00
2.131811006623646421e+00
2.057428346153961751e+00
2.133056484825539112e+00
2.041795584870352620e+00
2.078189643572224465e+00
2.055615175907402836e+00
2.152301910782671079e+00
2.158279661391806936e+00
2.148377258994868644e+00
2.141403888542535050e+00
2.121753594591531122e+00
2.072822364759065561e+00
2.041224509888495131e+00
2.155543282051686660e+00
2.089300785583342535e+00
2.047128386242051068e+00
2.044882849897143196e+00
1.952110980943959184e+00
2.034983133521526266e+00
2.016727391582985529e+00
2.115294633406307856e+00
2.022928332366268567e+00
2.023292830482989135e+00
2.041820188572498473e+00
1.946345626892995728e+00
1.885413909993977732e+00
1.940074264019691075e+00
1.900155306087237372e+00
1.791357364066626934e+00
1.780333661337676343e+00
1.831670777096481739e+00
1.877396229769327185e+00
1.770006736104763112e+00
1.772694880097809733e+00
1.821493110562475870e+00
1.760967481784765587e+00
1.657919177175727565e+00
1.664668080994926136e+00
1.718752943245251075e+00
1.679014678669004113e+00
1.644407208077464100e+00
1.650959671744591573e+00
1.641190708191852199e+00
1.524429675785437643e+00
1.724925936386730640e+00
1.635156385902062137e+00
1.567900776568866172e+00
1.592497885957278037e+00
1.516152796547288739e+00
1.541823905337433409e+00
1.368236933528337307e+00
1.436170095886865505e+00
1.488004557303883146e+00
1.317625555135340853e+00
1.299295822765656583e+00
1.410020601853499311e+00
1.398805770781245350e+00
1.378139656375643618e+00
1.298563097219857410e+00
1.255554254272182702e+00
1.312178303339929686e+00
1.240468165855870497e+00
1.238699441850983352e+00
1.260540595171876221e+00
1.252516813828063125e+00
1.241517117367977319e+00
1.252829504513504943e+00
1.248938790391217024e+00
1.253059498275093109e+00
1.244207470423718487e+00
1.158404003822424144e+00
1.204146462340132340e+00
1.180995974654512448e+00
1.189168066240760435e+00
1.167279490932146668e+00
1.142726338943218733e+00
1.132759004699749994e+00
1.138094715296722681e+00
1.133900071469954529e+00
1.125971296661969934e+00
1.125596047168494263e+00
1.156852484320860519e+00
1.175727364640958061e+00
1.168602128774379967e+00
1.128558217465261970e+00
1.108965607046315638e+00
1.115849931204148326e+00
1.124450646389078212e+00
1.097962497639453527e+00
1.111890911993051789e+00
1.127435703672310385e+00
1.027111394635745745e+00
1.124613742672833983e+00
1.098727672901058883e+00
1.074831484416447047e+00
1.099614120432443221e+00
1.135319501758689009e+00
1.095287316898543750e+00
1.127216165428074568e+00
1.145244389035953159e+00
1.085481462638012706e+00
1.074978027874142761e+00
1.048702288351713863e+00
1.063384098151564094e+00
1.090305173423097740e+00
1.062659963427019960e+00
1.055736308391347578e+00
1.131930803802822405e+00
1.074467527912661202e+00
1.102220065134432048e+00
1.076732073525912492e+00
1.077029756040243536e+00
1.073339164101644316e+00
1.091017757066484295e+00
1.109297810888973279e+00
1.114077578069510022e+00
1.111785873650314782e+00
1.113379941223567426e+00
1.077909347211963409e+00
1.094982848086987426e+00
1.085133446733818730e+00
1.075365899575478679e+00
1.130770582274478464e+00
1.069631746876008371e+00
1.069036321051650251e+00
1.136330777494187760e+00
1.120549250504296435e+00
1.082732234830919182e+00
1.061442252042704926e+00
1.118677325758515417e+00
1.058045535342946097e+00
1.155352682793573171e+00
1.096534774394788858e+00
1.107948554952157716e+00
1.083485669574714594e+00
1.096966091321210257e+00
1.085510533588136761e+00
1.100949902378781209e+00
1.096578444379410211e+00
1.060789200256160303e+00
1.044793577971216969e+00
1.010237945891840461e+00
1.028370454379883947e+00
1.074458003924881444e+00
1.119432931109385354e+00
1.011691242208944130e+00
1.126911232246182282e+00
1.110369550715790687e+00
1.102014229820545088e+00
1.089048744184914375e+00
1.104771575086276991e+00
1.060123532577852412e+00
1.074495923852458956e+00
1.040851861794205302e+00
1.092379247451866320e+00
1.092735408002169173e+00
1.048422660109167071e+00
1.094694929122114191e+00
1.097570237995155296e+00
1.055703532023701596e+00
1.090496456318861718e+00
1.059767965402817813e+00
1.072158554822756349e+00
1.031715683196153588e+00
1.070968472284869799e+00
1.003487573752484208e+00
1.080289043090474355e+00
1.038000455131251387e+00
1.029227638725130234e+00
1.044978919914357984e+00
1.009443602246584692e+00
1.011182756671930916e+00
1.085333886112979984e+00
9.935519259350538146e-01
1.003688103361269235e+00
1.047698984653631760e+00
9.957847497503566903e-01
1.019938709758289264e+00
1.049764285224573879e+00
1.059993113789592156e+00
1.018195796998585978e+00
1.031939088810259308e+00
1.022992433311627813e+00
1.033702264617271549e+00
1.039149758932681911e+00
1.009115390328555906e+00
9.969616073722820104e-01
1.012667408597469176e+00
9.971959572589860210e-01
1.027366844081885722e+00
9.901164640297100972e-01
9.609670367275390257e-01
1.049178743451339102e+00
9.868383170713151964e-01
9.910693221948279064e-01
9.716785484303054332e-01
9.431531394743907226e-01
9.578197953335176873e-01
9.907779077293188408e-01
9.441530058602282116e-01
9.822585044635413487e-01
9.718836208238245122e-01
1.004226444081971703e+00
9.492358125808024738e-01
9.549567154206330954e-01
9.732641579910483731e-01
9.861725321244666498e-01
9.273915899565238208e-01
9.840779654693725398e-01
9.532269605633537646e-01
9.226121345609664681e-01
9.467423822235356834e-01
9.655531658674667561e-01
9.862496698789640082e-01
9.549383510829579924e-01
9.390513763016408166e-01
9.394172092142306640e-01
9.322387818172113150e-01
9.716397280176433116e-01
9.494260780726923032e-01
9.705688698950294402e-01
9.697814610123404178e-01
9.739191317154003436e-01
9.260007008897103153e-01
9.498141472746943759e-01
9.860989527492789453e-01
9.187731338743787557e-01
9.423211971938666442e-01
9.252454339511428927e-01
9.874208680292776430e-01
9.521355882656454828e-01
9.647036870832919053e-01
9.771697295590290322e-01
9.815049668523279092e-01
9.458038352479901656e-01
9.108334401451385620e-01
9.242217818919912231e-01
9.212190489330782661e-01
9.321379017501406627e-01
9.235736232180015159e-01
9.113862461467487908e-01
9.240341473979513109e-01
9.374949958394552807e-01
9.312866425110704061e-01
9.722575972964579982e-01
9.257621314935650103e-01
9.268452879214041928e-01
9.911199222534966546e-01
9.102108992139982258e-01
9.353494446908574567e-01
9.048788648129474366e-01
9.081962992233039156e-01
8.938787786991319040e-01
9.327197590240694502e-01
9.441833219983399861e-01
9.007054610835373287e-01
9.061171675354765531e-01
9.227207081925471455e-01
9.211120998974635654e-01
8.967680745593067382e-01
8.905495682175971206e-01
8.928898691160377377e-01
9.257695178925716695e-01
9.423360089329422262e-01
9.549852844083287495e-01
9.582997223599484249e-01
9.574000711911361261e-01
9.327341707560530271e-01
9.252718158747347266e-01
9.253085873694681940e-01
9.232765852994304634e-01
9.216642419744801584e-01
8.999850268993809799e-01
9.351927050550623566e-01
9.237759195110618604e-01
9.351327286765227509e-01
8.862191172624727109e-01
9.688623267703126984e-01
9.189570332319140222e-01
9.421422459406489924e-01
9.034192834424209506e-01
9.483190807162369396e-01
9.699591661723319103e-01
9.575418217945735888e-01
9.373472773719875306e-01
9.376441178743776250e-01
9.242779381595048749e-01
9.526013433395509322e-01
9.694882493635869070e-01
9.553612667089887989e-01
9.063043789925456784e-01
9.093529649702279949e-01
9.261357283816386010e-01
9.355616150165599887e-01
9.251771062091862508e-01
9.284782229393688802e-01
9.325058957241800783e-01
9.244754143493367771e-01
9.198645547215357210e-01
9.705247139443325954e-01
9.501547209547609452e-01
9.862742855432071742e-01
9.109154628228365302e-01
9.343920355577569614e-01
9.411885097804482125e-01
9.365930111880647058e-01
9.083211682545375698e-01
9.409248089740306353e-01
9.465026468717321340e-01
9.231559855207828180e-01
9.341430042931292421e-01
9.091872278483533742e-01
9.333645038845126418e-01
9.171161706004715697e-01
9.276042431660884713e-01
9.284615607779791446e-01
9.568276942502533799e-01
9.494859724380467769e-01
9.130941674510094641e-01
9.272441873773902277e-01
9.273678328782380964e-01
9.344280564477629447e-01
9.227542799169189403e-01
9.321882285508407140e-01
9.212747102949996325e-01
9.248180345708704175e-01
9.286753523449361447e-01
8.953936598069722752e-01
8.911663601310332306e-01
8.849318631550159298e-01
9.417882905014693939e-01
9.061805081211541379e-01
9.324439284533241334e-01
9.030943035968671539e-01
9.415099546680160136e-01
9.614247403704541117e-01
9.292701992054785975e-01
9.550244244426244755e-01
9.510255316013740412e-01
9.427870108281276584e-01
9.430889488190731251e-01
8.847688099846398035e-01
9.193266567009995560e-01
9.148312424906070994e-01
9.758459502983383160e-01
9.010872525324348237e-01
9.293769076219420278e-01
9.133830418065819190e-01
9.009885804202174553e-01
9.432951252750813032e-01
9.391082113418331989e-01
9.646133678431518810e-01
9.238755859266585269e-01
9.668289782084013018e-01
9.219474212008830216e-01
9.440570826297005613e-01
9.131874564666881966e-01
9.550114722579708948e-01
9.505463509522286136e-01
9.553433359825439508e-01
9.352365992397768668e-01
9.378994635171670202e-01
9.597676843947884340e-01
9.182155952584654113e-01
9.460688931912760724e-01
9.586290965317569857e-01
9.478941192728362886e-01
9.564568876128540786e-01
9.134191183061756147e-01
9.495129923831295837e-01
9.573852724278157922e-01
9.848071753199798550e-01
9.608357446149484726e-01
9.877797161019390426e-01
9.992533352128877278e-01
9.563652488194320789e-01
9.748772815873338882e-01
9.492267369601053995e-01
9.365213081711102339e-01
9.728941864013617158e-01
9.853394509012166624e-01
9.530248821105692381e-01
9.801053782459132613e-01
9.757856003457379135e-01
9.603434602264574460e-01
9.925648250327689937e-01
9.805642605017563795e-01
9.595665136868977152e-01
9.595847348507771102e-01
1.028020847860307896e+00
9.896490164111791943e-01
9.878876808395332665e-01
9.939477693751109788e-01
9.866096189238163783e-01
9.845823933820753160e-01
1.002761886189730944e+00
9.932421183473887361e-01
9.771706124434079710e-01
9.831325297728762402e-01
9.660802217465581654e-01
9.892140666434070528e-01
9.793047850563506573e-01
9.618553423501128297e-01
9.607256451720107560e-01
9.765849016672497607e-01
9.824020528779283667e-01
1.009361249261317983e+00
9.760142843085689579e-01
9.748409291994534209e-01
9.558608771804848470e-01
9.899962933615903404e-01
9.697513172325981090e-01
9.664847829587964734e-01
9.527200410085951976e-01
9.526571142205572107e-01
9.416144123691259082e-01
9.749332880669053791e-01
9.864917699769607529e-01
9.666246748947653344e-01
9.696061553542653089e-01
9.498894305682021866e-01
9.642006969055032517e-01
9.702279909700233240e-01
9.680402755002691650e-01
9.768192826548277585e-01
1.001302390765794081e+00
9.729318999644555044e-01
9.765588426259678156e-01
9.602513069396511058e-01
9.616237666467378764e-01
9.817835260825233945e-01
9.613356443735853185e-01
9.624336726040682022e-01
9.635220531795862797e-01
9.792272858938160240e-01
9.787731895483388067e-01
9.825092967656285925e-01
9.859754884355053095e-01
9.747065862445085660e-01
1.026098100117337486e+00
9.718516492485899105e-01
9.553510413726080674e-01
9.682856331113885995e-01
9.859847116828427405e-01
9.659501566748903700e-01
9.715232406503431228e-01
9.828214870342829590e-01
9.636641866556659997e-01
9.751544847219036916e-01
9.684903364030946760e-01
9.649443344025331326e-01
9.701733402177643573e-01
9.689959561557821566e-01
9.765341438761345749e-01
9.849680848883911599e-01
9.483821922795601100e-01
9.566056540828103971e-01
9.491722299481486491e-01
9.575756827030924567e-01
9.793727413205632892e-01
9.758572646393472994e-01
9.788116576875761643e-01
9.557663990598287418e-01
9.521013544759916458e-01
9.955661442119768667e-01
9.797194727808770098e-01
9.958037104502989179e-01
9.875206813842700715e-01
9.903671800612200427e-01
9.983871191467588169e-01
1.003660156118149516e+00
1.014516040171032918e+00
9.908213585916654242e-01
9.931588677910350160e-01
9.874600029591776851e-01
9.644538559000827016e-01
9.663882457849291008e-01
1.001470674177495690e+00
9.896217301751776274e-01
9.685933367561517793e-01
1.011067417132360591e+00
1.001244415822719391e+00
9.993252469508714375e-01
1.000024796014619577e+00
9.909469571508329189e-01
9.884093222854372085e-01
1.016987234340672508e+00
1.012881341432908089e+00
1.018034264378643750e+00
1.011796366085463861e+00
9.867709128394409612e-01
1.004524343880440096e+00
9.789995729391864909e-01
9.884008312225524007e-01
1.003254430305472900e+00
1.024363409670090874e+00
1.007667188236717415e+00
9.923122685729658388e-01
1.000079640399620606e+00
1.011148809593613862e+00
1.001936995116944562e+00
1.026456631864715696e+00
1.009156392398246727e+00
9.946294078655731896e-01
1.024546918271265206e+00
1.032694514523010199e+00
1.014716717551591874e+00
1.014647666557819905e+00
1.012532359854940722e+00
1.033661948226819449e+00
1.005070523958876416e+00
1.020631351261963582e+00
9.974677730575072232e-01
1.000854798607969665e+00
9.917397427482408379e-01
9.896956855021198374e-01
1.015305115265301206e+00
9.980190134540156688e-01
9.778244982080229741e-01
9.957089959173608396e-01
1.002195453033782435e+00
1.018541683631511319e+00
9.742011804845642775e-01
9.806837804321014707e-01
1.038993112493467041e+00
9.974649159734648718e-01
1.000316192852668484e+00
1.007440965113144404e+00
1.004217559642485158e+00
1.009545845625305027e+00
9.995510691765817635e-01
1.017026237902131758e+00
1.024202863761815019e+00
9.877126381258416465e-01
9.839904550480347289e-01
9.756927294717890886e-01
9.943369653958127330e-01
1.016695994816983806e+00
9.684918869284462328e-01
1.002356241124756631e+00
1.006383999041656097e+00
9.800345897866764577e-01
1.003275945258811586e+00
9.920651560909528044e-01
1.030511736467911499e+00
1.015735528086499029e+00
9.807191602712362899e-01
9.679839954562869941e-01
9.847889072194506710e-01
9.658093510328621401e-01
9.947147594522287584e-01
9.870267050671587272e-01
9.723923737905314502e-01
9.983215054883562978e-01
9.572158750863822840e-01
9.677331785719195389e-01
9.834752048932102753e-01
9.546659150433008945e-01
9.638397671643137432e-01
9.547192878902857061e-01
9.539307084861520236e-01
9.527835301886296016e-01
9.546892307283859624e-01
9.379673263278721640e-01
9.481083809539724294e-01
9.612286840510421149e-01
9.364233302442097617e-01
9.257406154778509144e-01
9.216514196697934702e-01
9.108706935961634610e-01
9.381787143898907555e-01
9.021022236393709814e-01
9.126457170877365632e-01
8.916557383963769068e-01
9.150830979266825205e-01
9.168120809323574427e-01
8.747580790224637193e-01
8.914707793207053976e-01
9.041278499336647956e-01
8.886053961877307117e-01
8.693648797578236165e-01
8.708167898203758028e-01
8.780851727255650774e-01
8.690785570659994574e-01
8.809183624092331577e-01
8.901496471865755211e-01
8.759068431211978201e-01
8.766332737556609134e-01
8.702555648869121363e-01
8.574964046925184213e-01
8.501766879477492544e-01
8.365086429934809331e-01
8.517090445274110300e-01
8.462834701329186027e-01
8.432145160196741207e-01
8.248513708310699633e-01
8.444152507434762311e-01
8.383834896365489620e-01
8.108937820794230866e-01
8.296921263095158317e-01
8.224111364255908274e-01
8.240245592643636874e-01
8.171120513161262977e-01
8.174186664606039043e-01
8.009272120080778157e-01
7.898758334144490023e-01
7.944554152524773150e-01
7.978789605549225783e-01
7.739725359419291628e-01
7.808087468491723415e-01
7.958188648972610579e-01
7.808991977545589602e-01
7.674850610990553434e-01
7.824198505964904404e-01
7.724068023078738410e-01
7.907626062747989959e-01
7.756901020764762622e-01
7.537102700435661662e-01
7.667639096817617794e-01
7.434761616945185780e-01
7.547601156521323018e-01
7.367794812207970612e-01
7.527269563717903234e-01
7.396731392376717507e-01
7.368168416282032673e-01
7.394207137226401771e-01
7.193286210410918535e-01
7.289318116739770259e-01
7.275087281589484034e-01
7.154395366064688622e-01
7.234437067469516869e-01
7.091265927280518966e-01
7.246211492967242762e-01
7.227550897971386501e-01
7.025714125146123035e-01
7.240702543833174021e-01
7.067038064374467909e-01
7.059474945926639267e-01
7.061011632324392107e-01
7.121442902802450625e-01
7.131853185591453537e-01
7.077519822192185339e-01
6.967863165710933560e-01
7.176201870612510803e-01
6.962143101455888772e-01
7.044292424127194252e-01
7.012964872471126876e-01
6.882248380411308819e-01
6.995120823804111820e-01
6.993626266047188178e-01
6.651223207806992166e-01
6.810947479683653327e-01
6.809804171688884633e-01
6.623879925806436253e-01
6.630421767811189859e-01
6.598954443393194591e-01
6.465600620820833866e-01
6.513105682678620445e-01
6.479136057851796471e-01
6.301936935580318977e-01
6.401464996681424102e-01
6.268400307000036031e-01
6.360360559985478446e-01
6.378687876897397580e-01
6.282284779560600718e-01
6.345001402034717852e-01
6.294706898468752643e-01
6.231790849836911228e-01
6.405029766450613948e-01
6.136481985698994945e-01
6.187463207805965482e-01
6.260817538177565478e-01
6.152042588821162727e-01
6.246238398097068156e-01
5.831931766341208467e-01
6.017418627816537580e-01
5.963102495672277792e-01
5.835064722794910397e-01
5.898255555123035343e-01
5.756958423664082503e-01
5.976686949117164804e-01
5.740318277331833974e-01
5.775523640686308635e-01
5.802305815551591639e-01
5.705209382427891551e-01
5.662015595930203204e-01
5.621724871476161400e-01
5.638987596980942207e-01
5.692994314727507499e-01
5.670545749275471836e-01
5.688928163929315440e-01
5.743826578767071700e-01
5.527912854006195031e-01
5.595043065834501839e-01
5.508284007074905064e-01
5.217468073856021960e-01
5.350542684899177726e-01
5.315658871060930935e-01
5.280904593129444047e-01
5.274291451685974019e-01
5.211782370005720866e-01
5.101685155787467618e-01
5.201511156714999640e-01
5.311513195495571882e-01
5.168830128487471587e-01
