7.499999999999999722e-03
2.249999999999999917e-02
3.749999999999999861e-02
5.249999999999999806e-02
6.750000000000000444e-02
8.249999999999999001e-02
9.750000000000000333e-02
1.124999999999999889e-01
1.275000000000000022e-01
1.425000000000000155e-01
1.574999999999999734e-01
1.724999999999999867e-01
1.875000000000000000e-01
2.025000000000000133e-01
2.174999999999999711e-01
2.324999999999999845e-01
2.474999999999999978e-01
2.625000000000000111e-01
2.774999999999999689e-01
2.924999999999999822e-01
3.074999999999999956e-01
3.225000000000000089e-01
3.374999999999999667e-01
3.524999999999999800e-01
3.674999999999999933e-01
3.825000000000000067e-01
3.974999999999999645e-01
4.124999999999999778e-01
4.274999999999999911e-01
4.425000000000000044e-01
4.574999999999999623e-01
4.724999999999999756e-01
4.874999999999999889e-01
5.024999999999999467e-01
5.175000000000000711e-01
5.324999999999999734e-01
5.474999999999999867e-01
5.625000000000000000e-01
5.774999999999999023e-01
5.925000000000000266e-01
6.074999999999999289e-01
6.225000000000000533e-01
6.374999999999999556e-01
6.524999999999999689e-01
6.674999999999999822e-01
6.824999999999998845e-01
6.975000000000000089e-01
7.124999999999999112e-01
7.275000000000000355e-01
7.424999999999999378e-01
7.575000000000000622e-01
7.724999999999999645e-01
7.874999999999999778e-01
8.024999999999999911e-01
8.174999999999998934e-01
8.325000000000000178e-01
8.474999999999999201e-01
8.625000000000000444e-01
8.774999999999999467e-01
8.924999999999999600e-01
9.074999999999999734e-01
9.224999999999998757e-01
9.375000000000000000e-01
9.524999999999999023e-01
9.675000000000000266e-01
9.824999999999999289e-01
9.974999999999999423e-01
1.012499999999999956e+00
1.027499999999999858e+00
1.042499999999999982e+00
1.057500000000000107e+00
1.072500000000000009e+00
1.087499999999999911e+00
1.102500000000000036e+00
1.117499999999999938e+00
1.132499999999999840e+00
1.147499999999999964e+00
1.162500000000000089e+00
1.177499999999999991e+00
1.192499999999999893e+00
1.207500000000000018e+00
1.222499999999999920e+00
1.237499999999999822e+00
1.252499999999999947e+00
1.267500000000000071e+00
1.282499999999999973e+00
1.297499999999999876e+00
1.312500000000000000e+00
1.327499999999999902e+00
1.342499999999999805e+00
1.357499999999999929e+00
1.372500000000000053e+00
1.387499999999999956e+00
1.402499999999999858e+00
1.417499999999999982e+00
1.432500000000000107e+00
1.447499999999999787e+00
1.462499999999999911e+00
1.477500000000000036e+00
1.492499999999999938e+00
1.507499999999999840e+00
1.522499999999999964e+00
1.537500000000000089e+00
1.552499999999999991e+00
1.567499999999999893e+00
1.582500000000000018e+00
1.597499999999999920e+00
1.612499999999999822e+00
1.627499999999999947e+00
1.642500000000000071e+00
1.657499999999999973e+00
1.672499999999999876e+00
1.687500000000000000e+00
1.702499999999999902e+00
1.717499999999999805e+00
1.732499999999999929e+00
1.747500000000000053e+00
1.762499999999999956e+00
1.777499999999999858e+00
1.792499999999999982e+00
1.807499999999999885e+00
1.822499999999999787e+00
1.837499999999999911e+00
1.852500000000000036e+00
1.867499999999999938e+00
1.882499999999999840e+00
1.897499999999999964e+00
1.912500000000000089e+00
1.927499999999999769e+00
1.942499999999999893e+00
1.957500000000000018e+00
1.972499999999999920e+00
1.987499999999999822e+00
2.002499999999999947e+00
2.017500000000000071e+00
2.032499999999999751e+00
2.047499999999999876e+00
2.062500000000000000e+00
2.077499999999999680e+00
2.092500000000000249e+00
2.107499999999999929e+00
2.122499999999999609e+00
2.137500000000000178e+00
2.152499999999999858e+00
2.167499999999999982e+00
2.182500000000000107e+00
2.197499999999999787e+00
2.212499999999999911e+00
2.227500000000000036e+00
2.242499999999999716e+00
2.257500000000000284e+00
2.272499999999999964e+00
2.287499999999999645e+00
2.302500000000000213e+00
2.317499999999999893e+00
2.332499999999999574e+00
2.347500000000000142e+00
2.362499999999999822e+00
2.377499999999999947e+00
2.392500000000000071e+00
2.407499999999999751e+00
2.422499999999999876e+00
2.437500000000000000e+00
2.452499999999999680e+00
2.467500000000000249e+00
2.482499999999999929e+00
2.497499999999999609e+00
2.512500000000000178e+00
2.527499999999999858e+00
2.542499999999999538e+00
2.557500000000000107e+00
2.572499999999999787e+00
2.587499999999999911e+00
2.602500000000000036e+00
2.617499999999999716e+00
2.632499999999999840e+00
2.647499999999999964e+00
2.662499999999999645e+00
2.677500000000000213e+00
2.692499999999999893e+00
2.707499999999999574e+00
2.722500000000000142e+00
2.737499999999999822e+00
2.752499999999999947e+00
2.767500000000000071e+00
2.782499999999999751e+00
2.797499999999999876e+00
2.812500000000000000e+00
2.827499999999999680e+00
2.842500000000000249e+00
2.857499999999999929e+00
2.872499999999999609e+00
2.887500000000000178e+00
2.902499999999999858e+00
2.917499999999999538e+00
2.932500000000000107e+00
2.947499999999999787e+00
2.962499999999999911e+00
2.977500000000000036e+00
2.992499999999999716e+00
3.007499999999999840e+00
3.022499999999999964e+00
3.037499999999999645e+00
3.052500000000000213e+00
3.067499999999999893e+00
3.082499999999999574e+00
3.097500000000000142e+00
3.112499999999999822e+00
3.127499999999999947e+00
3.142500000000000071e+00
3.157499999999999751e+00
3.172499999999999876e+00
3.187500000000000000e+00
3.202499999999999680e+00
3.217500000000000249e+00
3.232499999999999929e+00
3.247499999999999609e+00
3.262500000000000178e+00
3.277499999999999858e+00
3.292499999999999538e+00
3.307500000000000107e+00
3.322499999999999787e+00
3.337499999999999911e+00
3.352500000000000036e+00
3.367499999999999716e+00
3.382499999999999840e+00
3.397499999999999964e+00
3.412499999999999645e+00
3.427500000000000213e+00
3.442499999999999893e+00
3.457499999999999574e+00
3.472500000000000142e+00
3.487499999999999822e+00
3.502499999999999503e+00
3.517500000000000071e+00
3.532499999999999751e+00
3.547499999999999876e+00
3.562500000000000000e+00
3.577499999999999680e+00
3.592499999999999805e+00
3.607499999999999929e+00
3.622499999999999609e+00
3.637500000000000178e+00
3.652499999999999858e+00
3.667499999999999538e+00
3.682500000000000107e+00
3.697499999999999787e+00
3.712499999999999911e+00
3.727500000000000036e+00
3.742499999999999716e+00
3.757499999999999840e+00
3.772499999999999964e+00
3.787499999999999645e+00
3.802500000000000213e+00
3.817499999999999893e+00
3.832499999999999574e+00
3.847500000000000142e+00
3.862499999999999822e+00
3.877499999999999503e+00
3.892500000000000071e+00
3.907499999999999751e+00
3.922499999999999876e+00
3.937500000000000000e+00
3.952499999999999680e+00
3.967499999999999805e+00
3.982499999999999929e+00
3.997499999999999609e+00
4.012499999999999289e+00
4.027499999999999858e+00
4.042500000000000426e+00
4.057499999999999218e+00
4.072499999999999787e+00
4.087500000000000355e+00
4.102499999999999147e+00
4.117499999999999716e+00
4.132500000000000284e+00
4.147499999999999964e+00
4.162499999999999645e+00
4.177500000000000213e+00
4.192499999999999893e+00
4.207499999999999574e+00
4.222500000000000142e+00
4.237499999999999822e+00
4.252499999999999503e+00
4.267500000000000071e+00
4.282499999999999751e+00
4.297499999999999432e+00
4.312500000000000000e+00
4.327500000000000568e+00
4.342499999999999361e+00
4.357499999999999929e+00
4.372500000000000497e+00
4.387499999999999289e+00
4.402499999999999858e+00
4.417500000000000426e+00
4.432499999999999218e+00
4.447499999999999787e+00
4.462500000000000355e+00
4.477499999999999147e+00
4.492499999999999716e+00
4.507500000000000284e+00
4.522499999999999964e+00
4.537499999999999645e+00
4.552500000000000213e+00
4.567499999999999893e+00
4.582499999999999574e+00
4.597500000000000142e+00
4.612499999999999822e+00
4.627499999999999503e+00
4.642500000000000071e+00
4.657499999999999751e+00
4.672499999999999432e+00
4.687500000000000000e+00
4.702499999999999680e+00
4.717499999999999361e+00
4.732499999999999929e+00
4.747500000000000497e+00
4.762499999999999289e+00
4.777499999999999858e+00
4.792500000000000426e+00
4.807499999999999218e+00
4.822499999999999787e+00
4.837500000000000355e+00
4.852499999999999147e+00
4.867499999999999716e+00
4.882500000000000284e+00
4.897499999999999964e+00
4.912499999999999645e+00
4.927500000000000213e+00
4.942499999999999893e+00
4.957499999999999574e+00
4.972500000000000142e+00
4.987499999999999822e+00
5.002499999999999503e+00
5.017500000000000071e+00
5.032499999999999751e+00
5.047499999999999432e+00
5.062500000000000000e+00
5.077499999999999680e+00
5.092499999999999361e+00
5.107499999999999929e+00
5.122500000000000497e+00
5.137499999999999289e+00
5.152499999999999858e+00
5.167500000000000426e+00
5.182499999999999218e+00
5.197499999999999787e+00
5.212500000000000355e+00
5.227499999999999147e+00
5.242499999999999716e+00
5.257500000000000284e+00
5.272499999999999076e+00
5.287499999999999645e+00
5.302500000000000213e+00
5.317499999999999893e+00
5.332499999999999574e+00
5.347500000000000142e+00
5.362499999999999822e+00
5.377499999999999503e+00
5.392500000000000071e+00
5.407499999999999751e+00
5.422499999999999432e+00
5.437500000000000000e+00
5.452499999999999680e+00
5.467499999999999361e+00
5.482499999999999929e+00
5.497500000000000497e+00
5.512499999999999289e+00
5.527499999999999858e+00
5.542500000000000426e+00
5.557499999999999218e+00
5.572499999999999787e+00
5.587500000000000355e+00
5.602499999999999147e+00
5.617499999999999716e+00
5.632500000000000284e+00
5.647499999999999076e+00
5.662499999999999645e+00
5.677500000000000213e+00
5.692499999999999893e+00
5.707499999999999574e+00
5.722500000000000142e+00
5.737499999999999822e+00
5.752499999999999503e+00
5.767500000000000071e+00
5.782499999999999751e+00
5.797499999999999432e+00
5.812500000000000000e+00
5.827499999999999680e+00
5.842499999999999361e+00
5.857499999999999929e+00
5.872500000000000497e+00
5.887499999999999289e+00
5.902499999999999858e+00
5.917500000000000426e+00
5.932499999999999218e+00
5.947499999999999787e+00
5.962500000000000355e+00
5.977499999999999147e+00
5.992499999999999716e+00
6.007500000000000284e+00
6.022499999999999076e+00
6.037499999999999645e+00
6.052500000000000213e+00
6.067499999999999893e+00
6.082499999999999574e+00
6.097500000000000142e+00
6.112499999999999822e+00
6.127499999999999503e+00
6.142500000000000071e+00
6.157499999999999751e+00
6.172499999999999432e+00
6.187500000000000000e+00
6.202499999999999680e+00
6.217499999999999361e+00
6.232499999999999929e+00
6.247500000000000497e+00
6.262499999999999289e+00
6.277499999999999858e+00
6.292500000000000426e+00
6.307499999999999218e+00
6.322499999999999787e+00
6.337500000000000355e+00
6.352499999999999147e+00
6.367499999999999716e+00
6.382500000000000284e+00
6.397499999999999076e+00
6.412499999999999645e+00
6.427500000000000213e+00
6.442499999999999893e+00
6.457499999999999574e+00
6.472500000000000142e+00
6.487499999999999822e+00
6.502499999999999503e+00
6.517500000000000071e+00
6.532499999999999751e+00
6.547499999999999432e+00
6.562500000000000000e+00
6.577499999999999680e+00
6.592499999999999361e+00
6.607499999999999929e+00
6.622499999999999609e+00
6.637499999999999289e+00
6.652499999999999858e+00
6.667500000000000426e+00
6.682499999999999218e+00
6.697499999999999787e+00
6.712500000000000355e+00
6.727499999999999147e+00
6.742499999999999716e+00
6.757500000000000284e+00
6.772499999999999076e+00
6.787499999999999645e+00
6.802500000000000213e+00
6.817499999999999893e+00
6.832499999999999574e+00
6.847500000000000142e+00
6.862499999999999822e+00
6.877499999999999503e+00
6.892500000000000071e+00
6.907499999999999751e+00
6.922499999999999432e+00
6.937500000000000000e+00
6.952499999999999680e+00
6.967499999999999361e+00
6.982499999999999929e+00
6.997499999999999609e+00
7.012499999999999289e+00
7.027499999999999858e+00
7.042500000000000426e+00
7.057499999999999218e+00
7.072499999999999787e+00
7.087500000000000355e+00
7.102499999999999147e+00
7.117499999999999716e+00
7.132500000000000284e+00
7.147499999999999076e+00
7.162499999999999645e+00
7.177500000000000213e+00
7.192499999999999005e+00
7.207499999999999574e+00
7.222500000000000142e+00
7.237499999999999822e+00
7.252499999999999503e+00
7.267500000000000071e+00
7.282499999999999751e+00
7.297499999999999432e+00
7.312500000000000000e+00
7.327499999999999680e+00
7.342499999999999361e+00
7.357499999999999929e+00
7.372499999999999609e+00
7.387499999999999289e+00
7.402499999999999858e+00
7.417500000000000426e+00
7.432499999999999218e+00
7.447499999999999787e+00
7.462500000000000355e+00
7.477499999999999147e+00
7.492499999999999716e+00
7.507500000000000284e+00
7.522499999999999076e+00
7.537499999999999645e+00
7.552500000000000213e+00
7.567499999999999005e+00
7.582499999999999574e+00
7.597500000000000142e+00
7.612499999999999822e+00
7.627499999999999503e+00
7.642500000000000071e+00
7.657499999999999751e+00
7.672499999999999432e+00
7.687500000000000000e+00
7.702499999999999680e+00
7.717499999999999361e+00
7.732499999999999929e+00
7.747499999999999609e+00
7.762499999999999289e+00
7.777499999999999858e+00
7.792500000000000426e+00
7.807499999999999218e+00
7.822499999999999787e+00
7.837500000000000355e+00
7.852499999999999147e+00
7.867499999999999716e+00
7.882500000000000284e+00
7.897499999999999076e+00
7.912499999999999645e+00
7.927500000000000213e+00
7.942499999999999005e+00
7.957499999999999574e+00
7.972500000000000142e+00
7.987499999999999822e+00
8.002499999999999503e+00
8.017500000000000071e+00
8.032499999999998863e+00
8.047499999999999432e+00
8.062500000000000000e+00
8.077500000000000568e+00
8.092499999999999361e+00
8.107499999999999929e+00
8.122499999999998721e+00
8.137499999999999289e+00
8.152499999999999858e+00
8.167500000000000426e+00
8.182499999999999218e+00
8.197499999999999787e+00
8.212499999999998579e+00
8.227499999999999147e+00
8.242499999999999716e+00
8.257500000000000284e+00
8.272500000000000853e+00
8.287499999999999645e+00
8.302500000000000213e+00
8.317499999999999005e+00
8.332499999999999574e+00
8.347500000000000142e+00
8.362500000000000711e+00
8.377499999999999503e+00
8.392500000000000071e+00
8.407499999999998863e+00
8.422499999999999432e+00
8.437500000000000000e+00
8.452500000000000568e+00
8.467499999999999361e+00
8.482499999999999929e+00
8.497499999999998721e+00
8.512499999999999289e+00
8.527499999999999858e+00
8.542500000000000426e+00
8.557499999999999218e+00
8.572499999999999787e+00
8.587499999999998579e+00
8.602499999999999147e+00
8.617499999999999716e+00
8.632500000000000284e+00
8.647500000000000853e+00
8.662499999999999645e+00
8.677500000000000213e+00
8.692499999999999005e+00
8.707499999999999574e+00
8.722500000000000142e+00
8.737500000000000711e+00
8.752499999999999503e+00
8.767500000000000071e+00
8.782499999999998863e+00
8.797499999999999432e+00
8.812500000000000000e+00
8.827500000000000568e+00
8.842499999999999361e+00
8.857499999999999929e+00
8.872499999999998721e+00
8.887499999999999289e+00
8.902499999999999858e+00
8.917500000000000426e+00
8.932499999999999218e+00
8.947499999999999787e+00
8.962499999999998579e+00
8.977499999999999147e+00
8.992499999999999716e+00
9.007500000000000284e+00
9.022499999999999076e+00
9.037499999999999645e+00
9.052500000000000213e+00
9.067499999999999005e+00
9.082499999999999574e+00
9.097500000000000142e+00
9.112500000000000711e+00
9.127499999999999503e+00
9.142500000000000071e+00
9.157499999999998863e+00
9.172499999999999432e+00
9.187500000000000000e+00
9.202500000000000568e+00
9.217499999999999361e+00
9.232499999999999929e+00
9.247499999999998721e+00
9.262499999999999289e+00
9.277499999999999858e+00
9.292500000000000426e+00
9.307499999999999218e+00
9.322499999999999787e+00
9.337499999999998579e+00
9.352499999999999147e+00
9.367499999999999716e+00
9.382500000000000284e+00
9.397499999999999076e+00
9.412499999999999645e+00
9.427500000000000213e+00
9.442499999999999005e+00
9.457499999999999574e+00
9.472500000000000142e+00
9.487500000000000711e+00
9.502499999999999503e+00
9.517500000000000071e+00
9.532499999999998863e+00
9.547499999999999432e+00
9.562500000000000000e+00
9.577500000000000568e+00
9.592499999999999361e+00
9.607499999999999929e+00
9.622499999999998721e+00
9.637499999999999289e+00
9.652499999999999858e+00
9.667500000000000426e+00
9.682499999999999218e+00
9.697499999999999787e+00
9.712499999999998579e+00
9.727499999999999147e+00
9.742499999999999716e+00
9.757500000000000284e+00
9.772499999999999076e+00
9.787499999999999645e+00
9.802500000000000213e+00
9.817499999999999005e+00
9.832499999999999574e+00
9.847500000000000142e+00
9.862500000000000711e+00
9.877499999999999503e+00
9.892500000000000071e+00
9.907499999999998863e+00
9.922499999999999432e+00
9.937500000000000000e+00
9.952500000000000568e+00
9.967499999999999361e+00
9.982499999999999929e+00
9.997499999999998721e+00
1.001249999999999929e+01
1.002749999999999986e+01
1.004250000000000043e+01
1.005749999999999922e+01
1.007249999999999979e+01
1.008749999999999858e+01
1.010249999999999915e+01
1.011749999999999972e+01
1.013250000000000028e+01
1.014749999999999908e+01
1.016249999999999964e+01
1.017750000000000021e+01
1.019249999999999901e+01
1.020749999999999957e+01
1.022250000000000014e+01
1.023750000000000071e+01
1.025249999999999950e+01
1.026750000000000007e+01
1.028249999999999886e+01
1.029749999999999943e+01
1.031250000000000000e+01
1.032750000000000057e+01
1.034249999999999936e+01
1.035749999999999993e+01
1.037249999999999872e+01
1.038749999999999929e+01
1.040249999999999986e+01
1.041750000000000043e+01
1.043249999999999922e+01
1.044749999999999979e+01
1.046249999999999858e+01
1.047749999999999915e+01
1.049249999999999972e+01
1.050750000000000028e+01
1.052249999999999908e+01
1.053749999999999964e+01
1.055249999999999844e+01
1.056749999999999901e+01
1.058249999999999957e+01
1.059750000000000014e+01
1.061250000000000071e+01
1.062749999999999950e+01
1.064250000000000007e+01
1.065749999999999886e+01
1.067249999999999943e+01
1.068750000000000000e+01
1.070250000000000057e+01
1.071749999999999936e+01
1.073249999999999993e+01
1.074749999999999872e+01
1.076249999999999929e+01
1.077749999999999986e+01
1.079250000000000043e+01
1.080749999999999922e+01
1.082249999999999979e+01
1.083749999999999858e+01
1.085249999999999915e+01
1.086749999999999972e+01
1.088250000000000028e+01
1.089749999999999908e+01
1.091249999999999964e+01
1.092749999999999844e+01
1.094249999999999901e+01
1.095749999999999957e+01
1.097250000000000014e+01
1.098750000000000071e+01
1.100249999999999950e+01
1.101750000000000007e+01
1.103249999999999886e+01
1.104749999999999943e+01
1.106250000000000000e+01
1.107750000000000057e+01
1.109249999999999936e+01
1.110749999999999993e+01
1.112249999999999872e+01
1.113749999999999929e+01
1.115249999999999986e+01
1.116750000000000043e+01
1.118249999999999922e+01
1.119749999999999979e+01
1.121249999999999858e+01
1.122749999999999915e+01
1.124249999999999972e+01
1.125750000000000028e+01
1.127249999999999908e+01
1.128749999999999964e+01
1.130249999999999844e+01
1.131749999999999901e+01
1.133249999999999957e+01
1.134750000000000014e+01
1.136250000000000071e+01
1.137749999999999950e+01
1.139250000000000007e+01
1.140749999999999886e+01
1.142249999999999943e+01
1.143750000000000000e+01
1.145250000000000057e+01
1.146749999999999936e+01
1.148249999999999993e+01
1.149749999999999872e+01
1.151249999999999929e+01
1.152749999999999986e+01
1.154250000000000043e+01
1.155749999999999922e+01
1.157249999999999979e+01
1.158749999999999858e+01
1.160249999999999915e+01
1.161749999999999972e+01
1.163250000000000028e+01
1.164749999999999908e+01
1.166249999999999964e+01
1.167749999999999844e+01
1.169249999999999901e+01
1.170749999999999957e+01
1.172250000000000014e+01
1.173750000000000071e+01
1.175249999999999950e+01
1.176750000000000007e+01
1.178249999999999886e+01
1.179749999999999943e+01
1.181250000000000000e+01
1.182750000000000057e+01
1.184249999999999936e+01
1.185749999999999993e+01
1.187249999999999872e+01
1.188749999999999929e+01
1.190249999999999986e+01
1.191750000000000043e+01
1.193249999999999922e+01
1.194749999999999979e+01
1.196249999999999858e+01
1.197749999999999915e+01
1.199249999999999972e+01
1.200750000000000028e+01
1.202249999999999908e+01
1.203749999999999964e+01
1.205249999999999844e+01
1.206749999999999901e+01
1.208249999999999957e+01
1.209750000000000014e+01
1.211250000000000071e+01
1.212749999999999950e+01
1.214250000000000007e+01
1.215749999999999886e+01
1.217249999999999943e+01
1.218750000000000000e+01
1.220250000000000057e+01
1.221749999999999936e+01
1.223249999999999993e+01
1.224749999999999872e+01
1.226249999999999929e+01
1.227749999999999986e+01
1.229250000000000043e+01
1.230749999999999922e+01
1.232249999999999979e+01
1.233749999999999858e+01
1.235249999999999915e+01
1.236749999999999972e+01
1.238250000000000028e+01
1.239749999999999908e+01
1.241249999999999964e+01
1.242749999999999844e+01
1.244249999999999901e+01
1.245749999999999957e+01
1.247250000000000014e+01
1.248750000000000071e+01
1.250249999999999950e+01
1.251750000000000007e+01
1.253249999999999886e+01
1.254749999999999943e+01
1.256250000000000000e+01
1.257750000000000057e+01
1.259249999999999936e+01
1.260749999999999993e+01
1.262249999999999872e+01
1.263749999999999929e+01
1.265249999999999986e+01
1.266750000000000043e+01
1.268249999999999922e+01
1.269749999999999979e+01
1.271249999999999858e+01
1.272749999999999915e+01
1.274249999999999972e+01
1.275750000000000028e+01
1.277249999999999908e+01
1.278749999999999964e+01
1.280249999999999844e+01
1.281749999999999901e+01
1.283249999999999957e+01
1.284750000000000014e+01
1.286249999999999893e+01
1.287749999999999950e+01
1.289250000000000007e+01
1.290749999999999886e+01
1.292249999999999943e+01
1.293750000000000000e+01
1.295250000000000057e+01
1.296749999999999936e+01
1.298249999999999993e+01
1.299749999999999872e+01
1.301249999999999929e+01
1.302749999999999986e+01
1.304250000000000043e+01
1.305749999999999922e+01
1.307249999999999979e+01
1.308749999999999858e+01
1.310249999999999915e+01
1.311749999999999972e+01
1.313250000000000028e+01
1.314749999999999908e+01
1.316249999999999964e+01
1.317749999999999844e+01
1.319249999999999901e+01
1.320749999999999957e+01
1.322250000000000014e+01
1.323749999999999893e+01
1.325249999999999950e+01
1.326750000000000007e+01
1.328249999999999886e+01
1.329749999999999943e+01
1.331250000000000000e+01
1.332750000000000057e+01
1.334249999999999936e+01
1.335749999999999993e+01
1.337249999999999872e+01
1.338749999999999929e+01
1.340249999999999986e+01
1.341750000000000043e+01
1.343249999999999922e+01
1.344749999999999979e+01
1.346249999999999858e+01
1.347749999999999915e+01
1.349249999999999972e+01
1.350750000000000028e+01
1.352249999999999908e+01
1.353749999999999964e+01
1.355249999999999844e+01
1.356749999999999901e+01
1.358249999999999957e+01
1.359750000000000014e+01
1.361249999999999893e+01
1.362749999999999950e+01
1.364250000000000007e+01
1.365749999999999886e+01
1.367249999999999943e+01
1.368750000000000000e+01
1.370250000000000057e+01
1.371749999999999936e+01
1.373249999999999993e+01
1.374749999999999872e+01
1.376249999999999929e+01
1.377749999999999986e+01
1.379250000000000043e+01
1.380749999999999922e+01
1.382249999999999979e+01
1.383749999999999858e+01
1.385249999999999915e+01
1.386749999999999972e+01
1.388250000000000028e+01
1.389749999999999908e+01
1.391249999999999964e+01
1.392749999999999844e+01
1.394249999999999901e+01
1.395749999999999957e+01
1.397250000000000014e+01
1.398749999999999893e+01
1.400249999999999950e+01
1.401750000000000007e+01
1.403249999999999886e+01
1.404749999999999943e+01
1.406250000000000000e+01
1.407750000000000057e+01
1.409249999999999936e+01
1.410749999999999993e+01
1.412249999999999872e+01
1.413749999999999929e+01
1.415249999999999986e+01
1.416750000000000043e+01
1.418249999999999922e+01
1.419749999999999979e+01
1.421249999999999858e+01
1.422749999999999915e+01
1.424249999999999972e+01
1.425750000000000028e+01
1.427249999999999908e+01
1.428749999999999964e+01
1.430249999999999844e+01
1.431749999999999901e+01
1.433249999999999957e+01
1.434750000000000014e+01
1.436249999999999893e+01
1.437749999999999950e+01
1.439249999999999829e+01
1.440749999999999886e+01
1.442249999999999943e+01
1.443750000000000000e+01
1.445250000000000057e+01
1.446749999999999936e+01
1.448249999999999993e+01
1.449749999999999872e+01
1.451249999999999929e+01
1.452749999999999986e+01
1.454250000000000043e+01
1.455749999999999922e+01
1.457249999999999979e+01
1.458749999999999858e+01
1.460249999999999915e+01
1.461749999999999972e+01
1.463250000000000028e+01
1.464749999999999908e+01
1.466249999999999964e+01
1.467749999999999844e+01
1.469249999999999901e+01
1.470749999999999957e+01
1.472250000000000014e+01
1.473749999999999893e+01
1.475249999999999950e+01
1.476749999999999829e+01
1.478249999999999886e+01
1.479749999999999943e+01
1.481250000000000000e+01
1.482750000000000057e+01
1.484249999999999936e+01
1.485749999999999993e+01
1.487249999999999872e+01
1.488749999999999929e+01
1.490249999999999986e+01
1.491750000000000043e+01
1.493249999999999922e+01
1.494749999999999979e+01
1.496249999999999858e+01
1.497749999999999915e+01
1.499249999999999972e+01
