4.750358894753360003e+07
0.000000000000000000e+00
0.000000000000000000e+00
0.000000000000000000e+00
0.000000000000000000e+00
0.000000000000000000e+00
0.000000000000000000e+00
0.000000000000000000e+00
0.000000000000000000e+00
0.000000000000000000e+00
0.000000000000000000e+00
0.000000000000000000e+00
0.000000000000000000e+00
0.000000000000000000e+00
0.000000000000000000e+00
0.000000000000000000e+00
0.000000000000000000e+00
0.000000000000000000e+00
0.000000000000000000e+00
0.000000000000000000e+00
0.000000000000000000e+00
0.000000000000000000e+00
0.000000000000000000e+00
0.000000000000000000e+00
0.000000000000000000e+00
0.000000000000000000e+00
0.000000000000000000e+00
0.000000000000000000e+00
0.000000000000000000e+00
0.000000000000000000e+00
0.000000000000000000e+00
0.000000000000000000e+00
0.000000000000000000e+00
0.000000000000000000e+00
0.000000000000000000e+00
0.000000000000000000e+00
0.000000000000000000e+00
0.000000000000000000e+00
0.000000000000000000e+00
0.000000000000000000e+00
0.000000000000000000e+00
0.000000000000000000e+00
0.000000000000000000e+00
0.000000000000000000e+00
0.000000000000000000e+00
0.000000000000000000e+00
0.000000000000000000e+00
0.000000000000000000e+00
0.000000000000000000e+00
0.000000000000000000e+00
0.000000000000000000e+00
0.000000000000000000e+00
0.000000000000000000e+00
0.000000000000000000e+00
0.000000000000000000e+00
0.000000000000000000e+00
0.000000000000000000e+00
0.000000000000000000e+00
0.000000000000000000e+00
0.000000000000000000e+00
0.000000000000000000e+00
0.000000000000000000e+00
0.000000000000000000e+00
0.000000000000000000e+00
0.000000000000000000e+00
6.150012965776758406e-02
5.966444326713915558e-02
0.000000000000000000e+00
0.000000000000000000e+00
5.462481325133683452e-02
0.000000000000000000e+00
0.000000000000000000e+00
0.000000000000000000e+00
4.884112845222022409e-02
0.000000000000000000e+00
0.000000000000000000e+00
0.000000000000000000e+00
0.000000000000000000e+00
4.281755659788614304e-02
4.174717413771081992e-02
8.143286547246875173e-02
0.000000000000000000e+00
0.000000000000000000e+00
7.568658687432425203e-02
3.695290457145479490e-02
0.000000000000000000e+00
0.000000000000000000e+00
0.000000000000000000e+00
3.368805246734146719e-02
0.000000000000000000e+00
6.443109102805102961e-02
0.000000000000000000e+00
0.000000000000000000e+00
0.000000000000000000e+00
2.954604788268912555e-02
2.893052771554884342e-02
0.000000000000000000e+00
0.000000000000000000e+00
2.719511350620587575e-02
0.000000000000000000e+00
0.000000000000000000e+00
0.000000000000000000e+00
2.511400008963270494e-02
2.463105357765577041e-02
0.000000000000000000e+00
0.000000000000000000e+00
0.000000000000000000e+00
4.566432079524247040e-02
0.000000000000000000e+00
0.000000000000000000e+00
2.160924268584329608e-02
0.000000000000000000e+00
0.000000000000000000e+00
0.000000000000000000e+00
0.000000000000000000e+00
3.955764067989912813e-02
1.944072915060376591e-02
3.822246644414968586e-02
1.879004364956287157e-02
3.695376713079223663e-02
3.634297508436989260e-02
0.000000000000000000e+00
0.000000000000000000e+00
0.000000000000000000e+00
3.404521059010014172e-02
5.025723278820346668e-02
0.000000000000000000e+00
1.623096985431597347e-02
9.587599194442117390e-02
9.440100600168417622e-02
1.549329957967421068e-01
9.155134284848216730e-02
4.508732853244614563e-02
1.480479863888258148e-02
1.458547233006801322e-02
2.874196796808763804e-02
2.832238470133101316e-02
4.186788389208839778e-02
5.502063835300674555e-02
8.135196404567832107e-02
1.336634249379682095e-02
2.635617456590546789e-02
1.299378139537946640e-02
5.125326052253279668e-02
2.527316514184460919e-02
6.231740712830215190e-02
2.458782576685109023e-02
6.063890735457456993e-02
7.178996951117411207e-02
3.541639209669299876e-02
3.494730771401992342e-02
4.598330852782705341e-02
2.269111407143922093e-02
6.718928534172782796e-02
4.421489261846055230e-02
4.364804283509311073e-02
3.231901828429802059e-02
6.381984456860106958e-02
4.201139325302295086e-02
8.297251543613155811e-02
6.145636072192023347e-02
4.046509994377524289e-02
5.995290287621319464e-02
7.896237204136057064e-02
3.900263208509972129e-02
6.743227150425354366e-02
3.807126234324281766e-02
5.642705762157955440e-02
4.646607469300089582e-02
5.510330559978086212e-02
2.722941494164003717e-02
5.382559485194111232e-02
7.980501091561867377e-02
7.888772209713619532e-02
1.213118013327897926e-01
6.853329888855241858e-02
7.622878456858335483e-02
9.212168830686268128e-02
1.076546621896980332e-01
1.064585116513059315e-01
9.718355680729136303e-02
1.121348858464961684e-01
1.029872816453984985e-01
7.835989673274218470e-02
1.395229878169254312e-01
1.456906860117334890e-01
8.344513840433009921e-02
1.425992017339429152e-01
1.410902296282019741e-01
9.551926738567877162e-02
1.526846593245955452e-01
1.223143593265316048e-01
1.566488833591435648e-01
1.902689518840431637e-01
1.534438828995500215e-01
2.140101100947889023e-01
1.640031773250606728e-01
2.029332421637020378e-01
1.406256105419102231e-01
1.789963279895333825e-01
1.312705813094656171e-01
1.364694274165495491e-01
1.479939512024787962e-01
2.421145907849884815e-01
2.586803462576497403e-01
1.874406632259087713e-01
2.103802773460974607e-01
2.389982006842183704e-01
2.974063218171868472e-01
2.645153407227515130e-01
2.381891865178527856e-01
1.769566015988013885e-01
3.389037624242983160e-01
2.257538270249417334e-01
1.835108157037461940e-01
1.647668111478466091e-01
3.152379687676984399e-01
2.286818179512939420e-01
1.547467218269184541e-01
1.807220758900860424e-01
1.953671925854388036e-01
2.688988052019271047e-01
1.705517906961717123e-01
1.901576441387745620e-01
2.512898201969938627e-01
1.919883989389159773e-01
2.005832001415118748e-01
1.937256658789242580e-01
2.223548678045750571e-01
2.204213594515983254e-01
2.334115723897862982e-01
2.215526325104382743e-01
2.245320361225418559e-01
2.806859194816638259e-01
2.015254989704539090e-01
2.378781738374942112e-01
2.594578525562640237e-01
1.964664907052689202e-01
2.180155756314539617e-01
2.115988154761816176e-01
2.508990225124422824e-01
2.759700874926829250e-01
2.019089077544395927e-01
2.714553219265776196e-01
2.251017704266246588e-01
2.232716848536938081e-01
1.910668310318640595e-01
2.024482036403405238e-01
2.478230446992960856e-01
2.627949861963645439e-01
2.649058684202686420e-01
2.336030684201743368e-01
2.110638765826194918e-01
1.806605187502549059e-01
2.729390889413605970e-01
2.061364913888381611e-01
2.446367018362434476e-01
1.830500644280168565e-01
2.092769031697563897e-01
2.194218296820961145e-01
2.410697779613881486e-01
1.736343577879852496e-01
2.067767409698987868e-01
2.736136773712935510e-01
2.300620746915360837e-01
1.909007694203037342e-01
2.489126298830108552e-01
2.618046387069636327e-01
2.781580141702889031e-01
2.434018261942188510e-01
1.803026201022153996e-01
2.613062324451872476e-01
2.416253405101724816e-01
2.892449426428844728e-01
2.766361809378528047e-01
3.128714199510018723e-01
2.622949412082808962e-01
2.706871960193140692e-01
2.245226383186865182e-01
2.566945047627683940e-01
3.219379014968314912e-01
2.730383584685860954e-01
3.736011054980477031e-01
2.888970867114803998e-01
3.879261352609226221e-01
2.848636731400457922e-01
2.957366852465769802e-01
3.287972342872927389e-01
4.089448162310472812e-01
3.903832579686579152e-01
3.564340751747265834e-01
3.508875558603052336e-01
3.731644586134025277e-01
3.920671044806131045e-01
3.255216132160260178e-01
4.109515193491367069e-01
4.261923051113968852e-01
4.561252860633228101e-01
4.145777837300207991e-01
4.294631110566804466e-01
3.827797982144560129e-01
4.586159162557815194e-01
5.046078032646175160e-01
5.299330572187342936e-01
5.492238544700456249e-01
4.834375278816146482e-01
5.448882639068546307e-01
4.771693659479599448e-01
5.128945429962212810e-01
5.564123384150760909e-01
4.734668593848594398e-01
5.628866355434954949e-01
5.106560213126758452e-01
5.369348637259963031e-01
5.655373108671863935e-01
5.752116985578555886e-01
5.979228274051340275e-01
5.339608504767525687e-01
5.930382203751970449e-01
6.048404736958313821e-01
5.856599066466307013e-01
6.739205338173663851e-01
6.164722822152185477e-01
5.118163897333219969e-01
5.938621783772404239e-01
5.702958639770147053e-01
6.385869838898964312e-01
6.125527133983127426e-01
6.503956387669205252e-01
6.051391387992748339e-01
6.811972974805265979e-01
7.203124593087881777e-01
7.899715194398860829e-01
7.211882605197464935e-01
7.074500050571647103e-01
7.852835562451183637e-01
7.060561475492043160e-01
7.621054947002390278e-01
6.654987557431896184e-01
7.806234164669876296e-01
6.508764458844673584e-01
6.855323741708029273e-01
7.490138361917706433e-01
7.938558153013089980e-01
8.559512668419781978e-01
8.266891973176060393e-01
8.548893149196491459e-01
7.341696494186560340e-01
7.907925837910372291e-01
8.294756374763293527e-01
7.903847395005144660e-01
8.627748570925543037e-01
8.791214448991008235e-01
8.298134913941528357e-01
7.978438405074070872e-01
8.017127581265440783e-01
8.055257713005484765e-01
8.918635981327081019e-01
8.273580779385442119e-01
8.717598687931262802e-01
9.400203194462364298e-01
7.934923372664099972e-01
8.674301566704272215e-01
8.347073629944047335e-01
8.301336354941969420e-01
8.117716037016475816e-01
8.427060886523927152e-01
8.049137163898413272e-01
9.385100914939334960e-01
8.870551098308862015e-01
9.264829190422732008e-01
9.425319650919439241e-01
9.165608233467340549e-01
8.776140669925919235e-01
8.259004164320882246e-01
8.813894234685963891e-01
8.729908530112366893e-01
8.387472380824473328e-01
8.693147435484749330e-01
8.903884637794112766e-01
8.474429043164121156e-01
8.520706217155965545e-01
7.845004509691243522e-01
8.252659295982820442e-01
8.334719998406985297e-01
8.486838840241959225e-01
8.213358529761337623e-01
8.346742621399939610e-01
7.272405917690381028e-01
8.626479227678928163e-01
8.634263510555296728e-01
8.366418163073887637e-01
8.169695858649027587e-01
8.469031507449026330e-01
8.120977977027706851e-01
9.395698130370987444e-01
8.979129506833198882e-01
8.466434079527371814e-01
8.191380631073768015e-01
8.530666709421051985e-01
7.534028842872679821e-01
8.331314433661951568e-01
8.175960626029019629e-01
8.184104096468988176e-01
8.450085064088405096e-01
8.119618915113439028e-01
8.574721704871917094e-01
8.628026145184203299e-01
8.380281322394733667e-01
8.669831117728004077e-01
8.251846572630102683e-01
8.850656989956254828e-01
8.296076163713210772e-01
8.178839713991991056e-01
8.369784743441910368e-01
8.497664737802862467e-01
7.650764462326248294e-01
8.128832699884804835e-01
7.758596473818935024e-01
9.026085066943807522e-01
7.789424371004148862e-01
8.287163443093404913e-01
8.381012657326023518e-01
8.532730508451404905e-01
8.375437569815062933e-01
7.971775589980599763e-01
8.064985456788784646e-01
7.810734864352610884e-01
8.291651312676978636e-01
7.695251356187411407e-01
8.528003746935820528e-01
8.205099202970380645e-01
7.701712321573537245e-01
8.213807810012226929e-01
8.721112792619816201e-01
8.528075410071318530e-01
7.699688799394973637e-01
7.499108943467249766e-01
8.782287643830447577e-01
8.182310259115580520e-01
7.696468321105677246e-01
8.040663927378165488e-01
7.667479057734039039e-01
8.102453984316606572e-01
7.812305522356528531e-01
8.348935609556943360e-01
7.504245230607269335e-01
8.248123216819611692e-01
8.290086662305453657e-01
8.005122279593472889e-01
7.995624936601236632e-01
7.623715392645672440e-01
8.620964185788044798e-01
8.659963888331150272e-01
8.519712714577241108e-01
8.469628453741828711e-01
8.660469394689693790e-01
9.517692050454803487e-01
8.459566550781112415e-01
8.547753034338984035e-01
9.020812039312474662e-01
8.857874607909278497e-01
8.289201495522293683e-01
8.585084957862363364e-01
9.061783261047855476e-01
8.913301771344994684e-01
8.923627205162364406e-01
8.631965835047615831e-01
9.773233100849350041e-01
9.899225539412875863e-01
9.010926420911781198e-01
9.138906523334620058e-01
9.655734946379168626e-01
9.367851693259650059e-01
9.480756540141294098e-01
9.674318804720088982e-01
9.703481296808180723e-01
9.767031829355360406e-01
9.910634867010630344e-01
9.754580840339918124e-01
9.611166967908442160e-01
9.468859101983317927e-01
9.792329502274352837e-01
9.401972070138487902e-01
9.722891905151325176e-01
9.458998440984793810e-01
9.520485491477010953e-01
9.459262321910485438e-01
9.907082712559085458e-01
9.073790238761535454e-01
9.530346033701302400e-01
9.666363965661097790e-01
9.300805508349320183e-01
9.555671018231375324e-01
1.003499766228585388e+00
1.046739369089156879e+00
1.009346095194786797e+00
9.818392303603991067e-01
9.364943922777044794e-01
9.803376248005835070e-01
9.995970626985983820e-01
9.956146095597008250e-01
9.759816845288938891e-01
9.793943580186985631e-01
1.048083150766232263e+00
9.437800682582241363e-01
1.008967166715142305e+00
1.077731491238806516e+00
1.009209439741640457e+00
9.839066778587581830e-01
9.972674993607721916e-01
1.058924390418617634e+00
1.060823441378206056e+00
1.043687164080743468e+00
9.379631910408435802e-01
1.080285350839685021e+00
1.001926180525753107e+00
1.024659481015696816e+00
1.000100386016549825e+00
9.561690540758117640e-01
1.009960112593582426e+00
1.041987693538630300e+00
1.029304692319454428e+00
1.036929586228283906e+00
1.013796850419569129e+00
1.033829108382767981e+00
1.037520492275074702e+00
9.975570650131960759e-01
9.682796833721232233e-01
1.011680719295113828e+00
1.001307374240872905e+00
1.061991072270029424e+00
1.005896759491573311e+00
1.037356849386780189e+00
9.836059087271716850e-01
1.004779183031044631e+00
1.029454709849106475e+00
1.066725918305390763e+00
1.001804194826271255e+00
1.035261702669048933e+00
9.447289654070917253e-01
1.076220353741746960e+00
1.048049922310572146e+00
1.029011732968131421e+00
1.047484582684242937e+00
9.638445135244232409e-01
1.035414457869369809e+00
1.027234401518352325e+00
1.039278715978864343e+00
1.070453095278080857e+00
1.023904903078047379e+00
1.054895620606165263e+00
1.064046081297447710e+00
1.045563430832651575e+00
1.060674966655792417e+00
1.085931782656119449e+00
1.068400663999533595e+00
1.072211738742153253e+00
1.026926314941285279e+00
1.040959246464506549e+00
1.048166567489233758e+00
1.075401303741791992e+00
1.027383547940507125e+00
1.060302502969161731e+00
1.078905672789634895e+00
1.023112569947536965e+00
1.028547695548684082e+00
9.937932067628120203e-01
1.012343041700809465e+00
1.065738841531916448e+00
1.068491492323933256e+00
9.847776699571142434e-01
1.051378644588307765e+00
1.092640313628866933e+00
1.022486154058625418e+00
1.059565826259629473e+00
1.078122487746044245e+00
1.022966722561847730e+00
1.023375285870198770e+00
1.066203064035026848e+00
1.042174798238661104e+00
1.104139537776023028e+00
1.051360829546998277e+00
1.058609871007721637e+00
1.088200505087279835e+00
1.024451064491786134e+00
1.034767734917619197e+00
1.022074675069129857e+00
1.049840313919234269e+00
1.091838062149207866e+00
1.005662231692274977e+00
1.012068671299514389e+00
1.003394047281597201e+00
1.011251749897453811e+00
1.046673576115349391e+00
1.064738767177966228e+00
1.057464008409483736e+00
1.031015878813676956e+00
1.045252107573084066e+00
1.063058472825342493e+00
1.050008571136619384e+00
1.073503620771320222e+00
1.029238724995926946e+00
9.946790158093289369e-01
9.986114415136821965e-01
1.019784774332329835e+00
1.034357382688225302e+00
1.027380154792833844e+00
1.036120366785614255e+00
1.025620618018247887e+00
1.007396722064097805e+00
1.003398953704911722e+00
9.628491083464341127e-01
1.008785034135894598e+00
9.866381255289186081e-01
9.848277248890939806e-01
1.001767968390878005e+00
9.909142323517269313e-01
9.794356526394331075e-01
9.439628188321153024e-01
9.834115447270833643e-01
1.012355183652221768e+00
9.954870955420482836e-01
9.848304558645309958e-01
1.051364002555729815e+00
1.009564676606301337e+00
9.807992294872135419e-01
1.011180659745645860e+00
1.050715487838662643e+00
9.754682345039911162e-01
1.023484259338101721e+00
1.001057893483723094e+00
1.010426393816368007e+00
9.704207982327190951e-01
1.000134152605994364e+00
9.996024189076424538e-01
1.018607595742345717e+00
1.003078873307234664e+00
1.032947055546522108e+00
1.018105725336051481e+00
1.003351972841254991e+00
1.043825874859276803e+00
1.017568791151909346e+00
1.042445061928907846e+00
9.941123710811463621e-01
9.980003648514693682e-01
1.011960228175767362e+00
1.031493246140186226e+00
1.013256846078240070e+00
9.851202092207536065e-01
1.019506823051228972e+00
1.004568365997391410e+00
9.890968914495272823e-01
1.069480489761655884e+00
1.037265104961059947e+00
9.825203931606323327e-01
1.013200791201639195e+00
1.038807376050829845e+00
9.808903509321711400e-01
1.010070347652115785e+00
1.034230760296091178e+00
9.623657852159330783e-01
9.540522191336263669e-01
9.643644103376880494e-01
9.764029135015945826e-01
9.651301439533674920e-01
9.747096349216447519e-01
9.759367070110539499e-01
1.037375350383207939e+00
9.960156955406220813e-01
9.895255044550859136e-01
1.011157228441124323e+00
9.369748860220831199e-01
9.929452627627857186e-01
9.876833379681186909e-01
1.012517240920205674e+00
1.007219884481043159e+00
9.588362292751808624e-01
9.818036613170332272e-01
9.823447831771975336e-01
9.937043942922784145e-01
1.002720695124913020e+00
9.929870711293575791e-01
1.036396697146071855e+00
1.029428709881480497e+00
1.028111971091556942e+00
1.017280768538074254e+00
1.037211432462205041e+00
1.018615290623742675e+00
1.005672658854746659e+00
9.822860640103600049e-01
9.965529254085467858e-01
1.014034593881306900e+00
9.897160065347482272e-01
1.020237606770855621e+00
1.021124197825452384e+00
1.003508652279348379e+00
1.028835401431160923e+00
1.004259793461538930e+00
9.728101394852117778e-01
9.893923247374867280e-01
1.019280602839716110e+00
9.575686569140766657e-01
9.868365107728674923e-01
1.005301957034647975e+00
1.045393676310070186e+00
1.007547566446078902e+00
9.836163648765280376e-01
1.029200463610940419e+00
1.003762516496488066e+00
1.042753678976634069e+00
9.861394178148007450e-01
9.916893030116128438e-01
9.946127351866245192e-01
1.016122442124992364e+00
1.043177540678264403e+00
9.749939882887738163e-01
9.856040288617827771e-01
9.956401566391362978e-01
1.018868638678320115e+00
9.911368842605576823e-01
9.691303947549043674e-01
9.846462864572387286e-01
9.612594447947059306e-01
9.802228672039409174e-01
9.324061059553195863e-01
1.009827353944171779e+00
9.477267089460417182e-01
9.530814117364637683e-01
9.584032119659475768e-01
1.006215428507637899e+00
9.373903002014855046e-01
9.761403214685675511e-01
9.813272347548486207e-01
9.855041333348116828e-01
9.984342915994296463e-01
9.947519753599711745e-01
9.823539113479768936e-01
9.748573081653229000e-01
9.683626196036487777e-01
9.551627700301789092e-01
1.028891244239015013e+00
9.983627977967316491e-01
9.794503194563614068e-01
1.013475510544206815e+00
1.004586573970853713e+00
9.995294881404102050e-01
1.015745761058034713e+00
9.937241589479834936e-01
9.431644799503526855e-01
9.776604768028855919e-01
9.727242841516050564e-01
9.920410788216045272e-01
1.021011295752824122e+00
9.724202609041845413e-01
9.629136344120134972e-01
9.433107167351770794e-01
9.707110264206391115e-01
9.631083065508585506e-01
9.642331412813449631e-01
9.790351518452907742e-01
9.782855734375794921e-01
9.965971582352284308e-01
9.736196546214278547e-01
9.805547469078724765e-01
1.003209882382789075e+00
9.916119595828423172e-01
9.939568692201200539e-01
1.001200639999869413e+00
9.896880264315585096e-01
9.711205876228943268e-01
1.015594252795079200e+00
9.585820845990334904e-01
1.021374299057803636e+00
9.954253955854547309e-01
9.731167416791389746e-01
9.784888609176575214e-01
9.999799697595310732e-01
9.943650997376539680e-01
9.987633661029428067e-01
9.645870117132641086e-01
9.945219258505642035e-01
9.626789690538679611e-01
9.597933343286939589e-01
9.564905477697753788e-01
9.874123673873321794e-01
9.712534738920434174e-01
9.666610298643336652e-01
1.019381192184015017e+00
9.634629043777453994e-01
9.787610814572427209e-01
9.783953514206455981e-01
9.944128449247290336e-01
9.843650011727252958e-01
1.023270891229915991e+00
9.860927979407299038e-01
9.861137253449111517e-01
9.637287973447593581e-01
9.700067951058470861e-01
9.543724718143291597e-01
9.857538547719644217e-01
9.906888171359803374e-01
9.841242459405949994e-01
1.000067279340076665e+00
9.564073873161579309e-01
1.010153826224498896e+00
1.004810754004723305e+00
9.869468148021339760e-01
1.001056624540336726e+00
9.917397427482408379e-01
9.848757389818172392e-01
9.439853400019927454e-01
9.988183879141310229e-01
9.848018391738294630e-01
9.951124057460503103e-01
1.005766220681171275e+00
9.748079140409607879e-01
9.767674652558507864e-01
9.716252555526081469e-01
9.570759016956270626e-01
9.641507635735652171e-01
1.017323718507970653e+00
9.668781078263587458e-01
9.750364992111846263e-01
9.649100239233018295e-01
9.575401100421021550e-01
9.664259959100394148e-01
9.768074716464262286e-01
9.456209728700410988e-01
9.721028073058332053e-01
9.800920497575862367e-01
9.857502903923947013e-01
9.845256853011495890e-01
9.798859091276044264e-01
9.536687427371054460e-01
9.752002694938863847e-01
9.807887526106754406e-01
9.408298234316789799e-01
9.307061044469691069e-01
9.797817309124521312e-01
9.460776218580996266e-01
9.803465466085192759e-01
9.538582689480923360e-01
9.656901955938428372e-01
9.508255246713103181e-01
9.327065666552066814e-01
9.190892206109412266e-01
9.657799587061984825e-01
9.572745126048408659e-01
9.550221030273607914e-01
9.432936297727040342e-01
9.159693212640925841e-01
9.395989306453936818e-01
9.402961426375642251e-01
9.178603297658310955e-01
9.110290628664043933e-01
9.394754929606268234e-01
9.218555285627602069e-01
9.293752592164717941e-01
9.039978572968560000e-01
9.100938124435075105e-01
9.129594199191840564e-01
9.349625526435305645e-01
9.327982884429162347e-01
9.458227085829929992e-01
8.950298904691993407e-01
9.221333209309346968e-01
9.186061385977217775e-01
8.990016664098424704e-01
8.969349968236361992e-01
9.227314904940172591e-01
8.855275390898570409e-01
9.122671427574248204e-01
9.129460791068561010e-01
8.918831097438493227e-01
8.864045002480284152e-01
9.043031384725100930e-01
8.830538498004999459e-01
8.612151397518696960e-01
8.568700586145183706e-01
8.875971247801907049e-01
8.312541003918171301e-01
8.673163983824123680e-01
8.717766952197889552e-01
8.843089766386561523e-01
8.553924958492691299e-01
8.366765154885629219e-01
8.656110800624700063e-01
8.680087566884635564e-01
8.353776399562126143e-01
8.108764787072680891e-01
8.459092034182730258e-01
8.284461112528680449e-01
8.272537748297518201e-01
8.036405849826271375e-01
8.281691659864821586e-01
8.233679659900494663e-01
8.110520902219797712e-01
7.981352992790062828e-01
7.891872365877639073e-01
7.906892997722393401e-01
7.993253912348178281e-01
7.936676627525620642e-01
7.712250869732482084e-01
7.904841960046763427e-01
7.572025026701395545e-01
8.024124569032249354e-01
7.929557613108586533e-01
7.745876600593653016e-01
7.706524197298464385e-01
7.272660717802036379e-01
7.580643904428040480e-01
7.855571828623083563e-01
7.531676836544151099e-01
7.732909282042287336e-01
7.608989361965396991e-01
7.510721550197936303e-01
7.557046395221264090e-01
7.199693727378944086e-01
7.393134679446055069e-01
7.202695771069558273e-01
7.202607963599356733e-01
7.413338841822539882e-01
7.118850025489008582e-01
7.146677571710788879e-01
7.306827644895760310e-01
7.158889616227277486e-01
7.155729698663524374e-01
7.320898474676077461e-01
7.060835060785844997e-01
6.963386074351347599e-01
7.282941550850624557e-01
7.082232763289394439e-01
6.827865021823115166e-01
6.828366975109689818e-01
6.874075359606219848e-01
6.432194422889221386e-01
6.916827545798358567e-01
6.662439140155383965e-01
6.522711999732394572e-01
6.532712432283953596e-01
6.953432063706516120e-01
6.522838775737261896e-01
6.372673631855441112e-01
6.592849628682251328e-01
6.614329358196348041e-01
6.806529567804939784e-01
6.460055921179183036e-01
6.484568747380132780e-01
6.561644495004497202e-01
6.340486876125968063e-01
6.472886625577223274e-01
6.500018397314899499e-01
6.457369643323738195e-01
6.362755260785828426e-01
6.387014737095236816e-01
6.538055438679126752e-01
6.291288771098758614e-01
6.427511692254108677e-01
6.273686762070326273e-01
6.669616078226262568e-01
6.427422323895547462e-01
6.263120694145963840e-01
6.252968931081140935e-01
6.171936584645718593e-01
6.026124963137649004e-01
6.369566229907697164e-01
6.249291372012150125e-01
6.115434486585464846e-01
6.195462531078241852e-01
6.006213006535687793e-01
6.161593014749976449e-01
5.825300091415621662e-01
6.080618424540339406e-01
5.790299881716191033e-01
6.033528555453003817e-01
5.927096529305755368e-01
5.818325752295506748e-01
5.856043627664275775e-01
5.670832367590412648e-01
5.672993813275680752e-01
5.623094353783464339e-01
5.466783904004791639e-01
5.526596301695222424e-01
5.558931550657951748e-01
5.390082844907240212e-01
5.284266227055474108e-01
5.370977491533185377e-01
5.500532203235946049e-01
5.413964075446909829e-01
5.300839986376402191e-01
5.467296437993290903e-01
5.450927590127988553e-01
5.279567993637384049e-01
5.319644488953886308e-01
5.186488917890750283e-01
5.130913560325832679e-01
5.255873113744139458e-01
5.144784081735620518e-01
5.179394932020404685e-01
