4.750358894753360003e+07
0.000000000000000000e+00
0.000000000000000000e+00
0.000000000000000000e+00
0.000000000000000000e+00
0.000000000000000000e+00
0.000000000000000000e+00
0.000000000000000000e+00
0.000000000000000000e+00
0.000000000000000000e+00
0.000000000000000000e+00
0.000000000000000000e+00
0.000000000000000000e+00
0.000000000000000000e+00
0.000000000000000000e+00
0.000000000000000000e+00
0.000000000000000000e+00
0.000000000000000000e+00
0.000000000000000000e+00
0.000000000000000000e+00
0.000000000000000000e+00
0.000000000000000000e+00
0.000000000000000000e+00
0.000000000000000000e+00
0.000000000000000000e+00
0.000000000000000000e+00
0.000000000000000000e+00
0.000000000000000000e+00
0.000000000000000000e+00
0.000000000000000000e+00
0.000000000000000000e+00
0.000000000000000000e+00
0.000000000000000000e+00
0.000000000000000000e+00
0.000000000000000000e+00
0.000000000000000000e+00
0.000000000000000000e+00
0.000000000000000000e+00
0.000000000000000000e+00
0.000000000000000000e+00
0.000000000000000000e+00
0.000000000000000000e+00
0.000000000000000000e+00
0.000000000000000000e+00
0.000000000000000000e+00
0.000000000000000000e+00
0.000000000000000000e+00
0.000000000000000000e+00
0.000000000000000000e+00
0.000000000000000000e+00
0.000000000000000000e+00
0.000000000000000000e+00
0.000000000000000000e+00
0.000000000000000000e+00
0.000000000000000000e+00
0.000000000000000000e+00
0.000000000000000000e+00
0.000000000000000000e+00
0.000000000000000000e+00
0.000000000000000000e+00
0.000000000000000000e+00
0.000000000000000000e+00
0.000000000000000000e+00
0.000000000000000000e+00
0.000000000000000000e+00
0.000000000000000000e+00
0.000000000000000000e+00
0.000000000000000000e+00
0.000000000000000000e+00
0.000000000000000000e+00
0.000000000000000000e+00
0.000000000000000000e+00
0.000000000000000000e+00
0.000000000000000000e+00
0.000000000000000000e+00
0.000000000000000000e+00
0.000000000000000000e+00
0.000000000000000000e+00
0.000000000000000000e+00
0.000000000000000000e+00
0.000000000000000000e+00
0.000000000000000000e+00
0.000000000000000000e+00
0.000000000000000000e+00
0.000000000000000000e+00
0.000000000000000000e+00
0.000000000000000000e+00
0.000000000000000000e+00
0.000000000000000000e+00
0.000000000000000000e+00
0.000000000000000000e+00
0.000000000000000000e+00
0.000000000000000000e+00
0.000000000000000000e+00
0.000000000000000000e+00
0.000000000000000000e+00
0.000000000000000000e+00
0.000000000000000000e+00
0.000000000000000000e+00
0.000000000000000000e+00
0.000000000000000000e+00
0.000000000000000000e+00
0.000000000000000000e+00
0.000000000000000000e+00
0.000000000000000000e+00
0.000000000000000000e+00
0.000000000000000000e+00
0.000000000000000000e+00
0.000000000000000000e+00
0.000000000000000000e+00
0.000000000000000000e+00
0.000000000000000000e+00
0.000000000000000000e+00
0.000000000000000000e+00
0.000000000000000000e+00
0.000000000000000000e+00
0.000000000000000000e+00
0.000000000000000000e+00
0.000000000000000000e+00
0.000000000000000000e+00
0.000000000000000000e+00
0.000000000000000000e+00
0.000000000000000000e+00
0.000000000000000000e+00
0.000000000000000000e+00
0.000000000000000000e+00
0.000000000000000000e+00
0.000000000000000000e+00
0.000000000000000000e+00
0.000000000000000000e+00
0.000000000000000000e+00
0.000000000000000000e+00
0.000000000000000000e+00
0.000000000000000000e+00
0.000000000000000000e+00
0.000000000000000000e+00
0.000000000000000000e+00
0.000000000000000000e+00
0.000000000000000000e+00
0.000000000000000000e+00
0.000000000000000000e+00
0.000000000000000000e+00
0.000000000000000000e+00
0.000000000000000000e+00
0.000000000000000000e+00
0.000000000000000000e+00
0.000000000000000000e+00
0.000000000000000000e+00
0.000000000000000000e+00
0.000000000000000000e+00
0.000000000000000000e+00
0.000000000000000000e+00
0.000000000000000000e+00
0.000000000000000000e+00
0.000000000000000000e+00
0.000000000000000000e+00
0.000000000000000000e+00
0.000000000000000000e+00
0.000000000000000000e+00
0.000000000000000000e+00
0.000000000000000000e+00
4.599226473154999217e-02
1.817117983539043302e-02
1.794958284449291522e-02
8.866007411708348371e-03
8.759189345266801818e-03
8.654290135388967645e-03
8.551264095924826503e-03
8.450066892352633627e-03
8.350655494075881133e-03
0.000000000000000000e+00
4.894214542810135238e-02
1.612544887228318721e-02
7.970050468844001174e-03
4.727379104924272352e-02
6.231545958939102570e-02
4.620850322757397155e-02
6.091908274018117964e-02
7.529803714834681916e-02
2.233842028397961879e-02
5.154704201746738990e-02
6.554648152032396813e-02
4.322008913359198790e-02
7.125051701098973622e-02
5.638419895534900472e-02
5.577792311920987817e-02
3.448835844297972603e-02
4.094575738974823298e-02
4.051247301649595761e-02
4.008602989055492366e-02
3.305523728494814961e-02
2.616873202104746249e-02
9.064144561576095716e-02
7.689171946441208938e-02
7.610309339312228138e-02
5.649490349123959670e-02
5.592135612290648899e-02
6.150722085216203672e-02
3.653343783481001472e-02
3.014008876349011379e-02
5.371234176507033026e-02
8.863423461170963358e-02
4.680586561034601190e-02
6.372710886924878859e-02
6.884223920006239672e-02
6.817387322129234151e-02
6.188892747104900172e-02
3.900517487809990885e-02
5.518846068303344399e-02
5.466286028737519370e-02
3.790131296559304253e-02
9.654108704679330299e-02
6.906943669746364034e-02
7.895069153508625648e-02
1.251460349092410884e-01
1.188211468254467412e-01
1.484371667935406869e-01
1.572184963140002278e-01
1.206059775360652786e-01
1.344482630369732423e-01
1.727075583545064352e-01
9.291089298720693612e-02
1.066161881589443167e-01
9.125550095162736353e-02
1.190057188262468035e-01
1.556974026638138497e-01
1.636786966749161909e-01
1.437008789802655395e-01
1.056856361962216218e-01
1.685376325985346591e-01
1.580471743645889271e-01
9.848753023864015299e-02
1.509015028856137697e-01
1.100086428940282440e-01
1.570642629118815248e-01
1.341036042480020229e-01
1.072354314573451400e-01
1.276011584437727053e-01
1.180978144082059228e-01
1.756705075108621616e-01
2.654669247650324193e-01
2.221365901870313020e-01
1.754306959605573535e-01
2.104098342105822639e-01
2.127055242669808333e-01
2.308796376659276450e-01
1.895256638658548987e-01
1.997470668730076671e-01
2.136832838864103079e-01
2.081197571914164823e-01
2.294016013800455611e-01
2.275809633446671809e-01
2.634122327104370664e-01
1.904034957345919488e-01
2.333595880030715775e-01
2.756386613464115731e-01
2.771402059228376680e-01
2.641369018613809461e-01
2.477357519721599954e-01
3.028341833454993859e-01
2.545527187393341606e-01
3.122535057515012924e-01
2.889882490640016122e-01
3.040760001186308403e-01
2.812051139006094824e-01
2.484588826901195646e-01
3.276710176888978920e-01
3.084615104531736041e-01
3.760543298129532253e-01
3.534491750591854387e-01
2.787052336950917586e-01
3.352419034899458139e-01
3.974045570337935707e-01
3.688450225899390089e-01
4.393950302418592746e-01
3.224168425451432451e-01
4.487521319151042687e-01
3.800971539923955755e-01
3.711860212336367537e-01
3.992459291421496803e-01
4.086013895486318992e-01
4.087311577487557912e-01
3.366990545498350085e-01
3.940293629029399947e-01
4.090489948612719973e-01
4.738866114237857974e-01
4.647385116679503825e-01
4.731215179052645214e-01
4.467873418260427942e-01
4.666070201107112569e-01
4.861436754405837335e-01
5.223425637467682403e-01
4.542804870310312992e-01
5.347438880475124945e-01
5.255860351091516947e-01
5.412676524173948289e-01
5.458099149454790355e-01
5.611219120733856869e-01
5.654464081183182556e-01
6.178444573463510725e-01
5.845135178230516093e-01
5.621675903366738503e-01
5.191289741059923468e-01
5.547828812571395929e-01
6.028956755682470803e-01
5.989551950303853012e-01
4.928981612980775084e-01
6.317859391571835070e-01
5.596332238961676531e-01
5.986010143608433420e-01
5.499585032014645547e-01
6.181370365289899915e-01
5.453983158189529279e-01
6.151574871640129727e-01
6.743173940633020447e-01
7.013828303359531668e-01
6.466617990871686983e-01
6.997142911683300603e-01
6.480261996701774940e-01
7.497385389712197812e-01
6.703269939642125808e-01
6.870536298400220510e-01
7.289345388262065129e-01
7.129723788020801978e-01
6.903576068136304533e-01
6.929155874705910101e-01
7.156845490104383201e-01
7.135574897304729491e-01
7.358988811453759382e-01
7.336486868206479883e-01
7.116443132448978526e-01
7.444717391940047779e-01
6.727276826711615643e-01
7.269409446289281096e-01
6.990146284514103803e-01
7.481401767915465406e-01
7.860762679475034043e-01
7.540434757007627997e-01
7.579702160709356207e-01
7.618376754492209857e-01
8.256568399500444633e-01
8.084851661978257331e-01
8.405849184060950607e-01
8.702643867010242396e-01
8.247885773197197734e-01
8.421294366329901138e-01
8.033050659000197102e-01
7.847808737085312236e-01
8.632504355357306647e-01
8.445687950275674316e-01
8.241330744595625202e-01
8.835307661771099053e-01
7.723296172051651309e-01
8.639619577645019088e-01
8.151853008627802932e-01
7.194836769815958766e-01
8.645843238432573408e-01
8.015612827313696176e-01
7.653612797590662042e-01
8.483583966158534384e-01
7.384318268290794851e-01
7.435315046778037118e-01
8.343747153087222035e-01
8.497633199011692673e-01
7.548178747466324223e-01
8.333053672249235433e-01
8.198335560720205750e-01
8.455771332466123225e-01
7.897570368905849625e-01
8.821365131078071631e-01
8.284434820949878597e-01
7.492393937120019887e-01
8.264875457835737516e-01
8.203480296580277775e-01
8.262366600060588873e-01
7.690941845429203338e-01
8.208669196030078385e-01
8.249414888415236291e-01
8.239375855096587875e-01
8.312620729416596577e-01
7.506713860849768549e-01
7.698192722190556614e-01
7.674391646724365579e-01
8.042242579300619143e-01
7.302655487800270295e-01
8.136596137004646900e-01
8.271213330900594185e-01
8.388356524804236880e-01
8.535976910391813721e-01
8.144291293282805988e-01
8.967962301068903574e-01
7.889109781406803412e-01
8.674348575159446240e-01
8.149993625448638257e-01
8.771608723140159602e-01
8.696631813429629432e-01
8.393388161434169881e-01
8.578970704651157630e-01
8.082731173431660920e-01
8.192641295464763163e-01
7.987248980497081430e-01
8.364234955278370132e-01
7.893260722702284404e-01
9.268822748828673408e-01
8.269953410376628122e-01
8.272987225393987343e-01
7.738684161216303758e-01
8.437594211018467627e-01
8.367580093275575059e-01
8.584291454167511937e-01
8.585231423137157369e-01
8.897766056674882851e-01
9.009775543154567856e-01
9.555581137560189564e-01
9.467638029799543276e-01
8.643892374765796971e-01
9.114155343266095999e-01
9.070547027888825609e-01
9.027250943092545166e-01
8.657067850064661396e-01
8.982288842548705743e-01
8.345538125176424904e-01
8.763048158773579788e-01
8.467552751617722917e-01
8.680669822915645373e-01
8.745926813636484276e-01
8.731341034121407052e-01
8.112921446814228554e-01
8.636958679664434868e-01
8.336672271949970847e-01
8.414495486409749869e-01
8.104945203561157996e-01
8.606198031251077740e-01
8.349502212602245566e-01
8.476319389749347177e-01
8.627184723646110776e-01
9.192114091110270557e-01
8.373005774049080419e-01
8.858908113586704269e-01
9.029790964165580469e-01
8.469539376995470770e-01
8.517374143913741813e-01
8.344140516000227992e-01
8.318751944652899022e-01
8.366363699463291725e-01
8.087080211896572335e-01
8.508197015095312343e-01
8.601999564580911084e-01
8.766444677120061035e-01
8.573119124312115202e-01
8.511457981291589148e-01
9.332945558927753238e-01
8.928507330496537886e-01
8.784184509730557089e-01
9.419202547259705183e-01
8.684088325080350224e-01
9.313823769606621727e-01
9.479476883794418773e-01
9.335459163240701352e-01
8.817627546408799422e-01
8.926450386404193305e-01
9.214482616091090872e-01
8.322264106032840614e-01
8.777768698446081208e-01
9.340473952727337270e-01
9.001445160173250359e-01
8.896748305332189410e-01
9.056320519106247913e-01
8.897464862395378926e-01
8.881371434284860422e-01
9.288009157659858905e-01
9.572410068730868860e-01
9.886561484253885146e-01
9.031576202006583731e-01
9.877985217410405472e-01
8.966371696311516981e-01
9.383140696618373910e-01
9.385970304032030809e-01
8.728551750516592156e-01
9.537401096736146666e-01
9.508136006044048960e-01
8.599427052153503226e-01
9.130617781779122311e-01
9.441825021705022580e-01
9.750387814282569510e-01
9.099554464939916265e-01
9.386558185033779811e-01
9.479325405183524067e-01
9.319909139282851473e-01
9.111651089029623174e-01
9.313864906492426154e-01
9.554085201225442914e-01
9.139461008583426027e-01
9.299482119046235118e-01
9.673984942866914460e-01
1.015288143480054472e+00
9.450217617331772013e-01
9.325024632066183372e-01
1.018552034806997186e+00
9.894764826939141944e-01
9.443431596528230054e-01
1.007356357410271963e+00
1.007151541481163370e+00
1.037224325796320290e+00
9.595917967894257439e-01
9.999271910180499434e-01
1.009075440645181621e+00
1.020938431680445069e+00
9.928027128813857738e-01
9.658040147051789592e-01
9.399296343984474555e-01
9.481790521703800101e-01
9.499630081862435738e-01
1.022695888870601255e+00
9.045256324139634430e-01
9.064366757532521524e-01
9.874674407309701474e-01
9.720086433648701396e-01
9.120412302862126452e-01
9.120892873876921270e-01
9.386971428886361490e-01
9.553905253400682973e-01
9.183427470375795654e-01
9.262183814720773567e-01
9.837374729876393609e-01
8.809547777208088792e-01
9.130967774596110420e-01
9.751665122174476563e-01
9.439930819515462979e-01
9.130479663030730553e-01
9.539385804953111059e-01
9.478044879353028085e-01
9.950140241190165158e-01
9.289104569614397011e-01
9.287970197859684029e-01
9.838966394508467106e-01
9.802322241806086245e-01
1.022262012262626696e+00
9.572448773054895721e-01
9.405109452841378115e-01
9.378552534248195682e-01
9.867599049573343439e-01
9.692671155601488842e-01
9.803232048018249989e-01
9.645874278860964157e-01
9.933042836415668653e-01
9.430807391043652954e-01
9.524448232409447046e-01
8.899631868368386156e-01
9.558535247749573305e-01
1.032343095247755249e+00
9.686534871925772672e-01
9.918726237562205394e-01
1.032929448031541630e+00
9.644428196810213016e-01
9.967379944697334349e-01
1.036541969297565702e+00
1.004265789676788367e+00
9.906736781961241745e-01
1.012427078404511294e+00
1.082894414873450950e+00
1.066104389096256266e+00
9.948323497202811172e-01
9.845044715026296522e-01
9.930657906411849423e-01
9.760525420765729931e-01
9.718620933174417775e-01
9.811042632371165251e-01
9.754287394033887004e-01
9.668280707948583297e-01
9.450131427630805714e-01
1.003412139921582513e+00
1.034313757767116426e+00
1.007367547974963085e+00
1.008225128536817783e+00
1.069194766501110561e+00
1.017123042007780365e+00
9.769153111163867420e-01
9.771252883765296771e-01
9.787568415405185629e-01
9.981704070377903637e-01
1.001125908114056440e+00
9.679941085563275038e-01
9.801815758271361645e-01
9.922800433260622333e-01
9.259065829344289567e-01
9.785494224111040973e-01
9.863425774909088117e-01
1.023864834918473798e+00
9.796611922061978506e-01
9.618968349858273426e-01
9.421897241812801083e-01
1.023755464545044402e+00
9.998750655644657037e-01
1.065754227729216908e+00
1.031056739441875703e+00
1.024905496519808556e+00
9.878764812802059980e-01
1.101789739830299375e+00
1.060734400616607509e+00
1.018615543259199452e+00
1.055681551272724228e+00
1.011203259048290004e+00
1.030910411357708778e+00
1.063612755774150598e+00
1.060102485844137910e+00
1.039651633551022414e+00
1.032331234103993189e+00
9.958956528387137297e-01
1.022338296279621250e+00
1.028647496231265501e+00
1.061215825215323649e+00
1.001476371612490590e+00
1.028810841433035916e+00
1.015299416778348229e+00
1.057600124099845607e+00
1.027028576745966593e+00
1.048872775606522589e+00
1.073706271502031351e+00
1.070867847660163630e+00
1.059318331302659955e+00
1.087589530953474881e+00
1.074811112411744540e+00
1.006565832472747779e+00
1.070398525283642988e+00
1.035092004096835439e+00
1.080690291196298780e+00
1.040081091188056028e+00
1.070179137553971982e+00
1.074047002258567751e+00
1.031413999604207765e+00
1.063043364564859372e+00
1.039894245639067849e+00
9.857994216956214029e-01
1.026197698671321046e+00
1.028911260740312583e+00
1.054106105978527941e+00
1.007116686304039277e+00
1.045747338283043115e+00
1.023706538546809597e+00
9.795749868414938000e-01
1.001009312563549525e+00
1.026955038131690534e+00
1.013336886306024809e+00
9.940224014573213474e-01
1.007067223496103114e+00
1.003954189739257430e+00
1.001427812624923419e+00
9.960598269311888853e-01
1.005506994752249694e+00
9.604614774314323977e-01
9.501671687253956389e-01
9.551461237486612577e-01
9.185181035032083940e-01
9.297152052743500317e-01
9.503319085802430788e-01
9.680354667041088934e-01
9.750825748495095535e-01
9.699101541513266422e-01
9.973095440855779259e-01
9.552462107392007962e-01
9.885466734144885415e-01
9.533137673042778593e-01
9.929506582441913753e-01
9.541039439256824295e-01
9.788658631637258134e-01
9.743104850894279689e-01
9.600855955595922753e-01
9.706368026178601172e-01
9.784444631348304666e-01
9.867349208826704521e-01
1.001888606358831701e+00
9.914843785733432613e-01
9.816663945088499599e-01
9.560817945414755714e-01
9.632431190918899766e-01
9.420492934583528655e-01
9.852669356017833557e-01
9.490113252410808942e-01
9.753185944551293618e-01
9.284166066652819183e-01
9.959475402013248102e-01
9.966365548057011248e-01
1.003993447624054625e+00
9.974777164683177322e-01
1.003249129238641402e+00
9.738566677517277448e-01
1.007064804531468516e+00
9.995864639948770503e-01
9.976984193884934626e-01
9.636128185108092659e-01
9.808973227461710298e-01
9.705621060287873414e-01
1.010666026086095348e+00
1.005767986828587812e+00
1.004861783371855610e+00
1.005934873641754823e+00
9.981211123147404329e-01
1.003132969431278054e+00
1.051751201746431219e+00
9.979019786245889589e-01
9.818955097059018922e-01
1.022855387563091467e+00
9.957112055233511283e-01
1.022373386787224225e+00
9.866996310058060438e-01
1.011305950500100304e+00
1.000301040128623864e+00
9.993911138658918558e-01
1.015640031444835945e+00
1.013258361242605821e+00
9.331620485201219672e-01
9.763864427491879550e-01
9.689387314891316771e-01
9.370911769292304960e-01
9.968030887300001197e-01
9.589724452491287243e-01
9.628256867646047823e-01
9.685127259908750119e-01
9.445038776131435831e-01
9.599081710353845054e-01
9.862846294144399506e-01
1.021243991654697369e+00
9.922977181294435622e-01
9.772194095011850212e-01
1.028313233954158079e+00
1.012302112662968767e+00
9.959217687678084685e-01
1.030258904469516734e+00
9.647712318025909450e-01
1.032268339503375820e+00
1.041553813256909988e+00
1.030216215307401928e+00
1.006896580553206633e+00
1.032173500784476339e+00
9.925579978631445810e-01
1.052670906111137006e+00
1.017617836846006041e+00
1.096686367295285569e+00
9.669330379350287163e-01
1.005013823923000871e+00
1.001432185638417849e+00
9.621814791064928762e-01
9.535188385238324571e-01
9.886165172279705038e-01
9.686987156062007998e-01
9.807431030613027456e-01
9.347537202686725388e-01
9.986334388687766461e-01
9.306258750870066709e-01
9.873547190948880337e-01
1.031033969960471586e+00
1.024058602062137391e+00
1.002326793265363225e+00
9.954571572869984619e-01
9.436448555304070007e-01
9.834930875539931172e-01
9.654278602804601261e-01
9.945769323749013013e-01
9.886322982840786144e-01
9.449665865960996669e-01
9.309018049651586191e-01
9.424917846461098314e-01
9.935285532417807985e-01
9.342830037180268610e-01
9.768800029056666778e-01
9.906668906747220227e-01
1.011709886072926334e+00
9.993291002858132321e-01
9.728280461923227707e-01
9.731333749410976397e-01
9.887508244302806171e-01
1.007098444961826100e+00
9.676044508020117396e-01
9.735066026343017764e-01
9.390831024160485319e-01
9.879955111509495236e-01
1.013634233774213467e+00
1.014594595676537425e+00
9.871177063005565078e-01
9.778946662832393999e-01
1.009176926338994029e+00
9.462581119098006921e-01
9.938698856360003164e-01
9.605411630523073008e-01
9.892040860057086382e-01
1.001816374259496323e+00
1.003529215433088373e+00
9.840064811434606762e-01
9.845945905976004608e-01
9.913195327261216105e-01
1.007964462979738851e+00
9.779183555647374959e-01
1.013558800766311663e+00
1.019750775523655006e+00
1.024391937183878332e+00
1.015770563463703757e+00
1.038876034011288141e+00
1.028373711114832556e+00
1.010413859807721693e+00
9.951613020175732460e-01
9.975346964180298315e-01
1.014049638441370194e+00
1.020817421447583140e+00
9.964106106011212383e-01
9.676845548756255466e-01
9.984830313917141265e-01
9.927000867857260769e-01
1.002357924760990837e+00
9.947572407718522358e-01
1.022982601318792595e+00
1.026656396922071446e+00
1.019042852436671032e+00
1.012913745277662203e+00
1.005003436902618619e+00
1.030679141941761578e+00
1.018439500245548857e+00
9.854350472057527011e-01
9.844610778935114492e-01
9.920627477849520703e-01
1.007108276374895528e+00
9.851051026449527681e-01
9.834204494484920511e-01
1.014642661493733167e+00
9.779494000682832366e-01
9.840311261585812375e-01
1.002021949351285635e+00
9.929446043108842712e-01
9.741214857794092685e-01
1.008037039901146681e+00
9.663048234225460886e-01
9.979885400118118088e-01
9.858995772931241630e-01
9.769738042175394321e-01
9.918595126962811426e-01
1.051694731224884327e+00
1.002208553698151094e+00
9.810038143247336029e-01
9.759354188453353007e-01
9.685054087785510690e-01
9.607683605336864163e-01
9.896565360892894958e-01
9.920406483974076872e-01
9.940734770108818896e-01
9.459696213833743705e-01
9.695752019718333337e-01
9.455226764995260380e-01
9.513093228188151951e-01
1.000387315347730732e+00
9.514895981888066290e-01
9.850743151378102969e-01
9.595991959664108562e-01
9.517372101285934693e-01
9.419333300661932862e-01
8.934006331713031379e-01
9.250775983782690837e-01
9.222646367558808844e-01
9.230513734251420965e-01
9.397825306879903362e-01
9.106414833729951086e-01
9.704122283982196118e-01
8.883157209130221332e-01
9.217331356222586702e-01
9.562805106066343264e-01
9.062375777362837725e-01
9.140732676686250668e-01
9.007808101685992330e-01
8.920104190810491662e-01
8.800973181741154061e-01
9.034611428171501757e-01
9.203831625916572001e-01
8.904744795181159800e-01
8.635368518753711031e-01
8.804270906692480692e-01
8.322979157124890115e-01
8.685840927399527400e-01
8.937724701946569983e-01
8.612018883891596754e-01
8.436989270144831243e-01
8.870651770813005044e-01
8.556528483084323566e-01
8.966297905226321419e-01
8.844330230226764566e-01
9.171637826033899321e-01
9.157044288065058213e-01
8.879355885699560247e-01
8.401409154307055704e-01
8.869840969022448895e-01
8.582444709749005307e-01
8.899741389751905096e-01
8.531834984476018846e-01
8.618359461660911602e-01
8.749653885283047439e-01
8.663965522684563547e-01
8.800525437189521405e-01
8.233385231710756980e-01
8.397119454645768366e-01
8.446922296281055287e-01
8.068538176643623716e-01
8.489462610677829257e-01
8.408486411338174094e-01
8.422315324795707214e-01
8.179799267101139915e-01
7.882493973934708853e-01
7.821085994638997674e-01
8.163727162408449534e-01
7.912156374402053993e-01
8.066606582076697451e-01
7.769807938700148409e-01
7.770133759868863566e-01
7.495507657592634931e-01
7.877568865671609188e-01
7.874719154786904429e-01
7.811487168186944663e-01
7.825969213573545913e-01
7.946281633772031006e-01
7.689025582911472867e-01
7.677973954724114369e-01
7.729516351206922042e-01
7.701362490318353071e-01
7.562884913181501245e-01
7.738602557432384677e-01
7.510392951427765640e-01
7.572903898490827013e-01
7.469512067593193638e-01
7.162078414707977458e-01
7.442888431485553680e-01
7.019667944459492270e-01
6.979509553497452723e-01
7.067245672674548063e-01
6.999415606308438953e-01
7.321725668057611491e-01
7.148763380346168095e-01
7.081145369843288018e-01
7.241824320779733926e-01
7.201677674991814326e-01
7.249223694064361734e-01
7.252874996584625089e-01
7.003170722508730295e-01
6.963807341447818544e-01
6.957143491193896745e-01
6.893654088011265113e-01
6.773700739145123162e-01
6.896800574326786837e-01
6.532580673934009763e-01
6.822030730429118339e-01
6.906711208575591066e-01
6.723778392681925009e-01
6.493599311233334559e-01
6.450655802912204084e-01
6.453023150457641854e-01
6.349366854469322696e-01
6.462974241216278282e-01
6.153870367898918170e-01
6.175216294434588971e-01
6.354130149988950205e-01
6.597841533950925541e-01
6.393035179026790304e-01
6.444988007252594464e-01
6.137085107828627040e-01
6.145117282631851197e-01
6.147912481029230714e-01
6.106656862423225363e-01
6.088818677928715672e-01
6.323786440195692249e-01
6.055898173564430165e-01
6.228295644889203508e-01
6.146224574661562912e-01
5.703833063839842676e-01
6.095367416534036575e-01
6.080265354770184594e-01
6.021998521165271567e-01
6.017230642285449349e-01
5.987153973756538239e-01
6.171929746795872251e-01
6.063476898019571903e-01
5.827137336806935686e-01
5.694698191641476281e-01
5.658006887943609620e-01
5.721479336010172334e-01
5.567568495077417356e-01
5.857575620459072319e-01
5.731329528805261253e-01
5.422038833083037135e-01
5.668461954259151891e-01
5.587795944217013311e-01
5.514841051650299919e-01
5.434789180972091627e-01
5.573573143645228489e-01
5.287873271057238478e-01
5.260083590266950715e-01
5.388586108446558054e-01
5.048931359800842289e-01
4.960991205831485340e-01
5.001960772139215639e-01
4.943498475082591104e-01
5.061632579287412836e-01
4.824835107339757734e-01
4.786299164646399817e-01
4.872789446726072948e-01
