0.000000000000000000e+00
0.000000000000000000e+00
0.000000000000000000e+00
0.000000000000000000e+00
0.000000000000000000e+00
0.000000000000000000e+00
0.000000000000000000e+00
0.000000000000000000e+00
0.000000000000000000e+00
0.000000000000000000e+00
0.000000000000000000e+00
0.000000000000000000e+00
0.000000000000000000e+00
0.000000000000000000e+00
0.000000000000000000e+00
0.000000000000000000e+00
0.000000000000000000e+00
0.000000000000000000e+00
0.000000000000000000e+00
0.000000000000000000e+00
0.000000000000000000e+00
0.000000000000000000e+00
0.000000000000000000e+00
0.000000000000000000e+00
0.000000000000000000e+00
0.000000000000000000e+00
0.000000000000000000e+00
0.000000000000000000e+00
0.000000000000000000e+00
0.000000000000000000e+00
0.000000000000000000e+00
0.000000000000000000e+00
0.000000000000000000e+00
0.000000000000000000e+00
0.000000000000000000e+00
0.000000000000000000e+00
0.000000000000000000e+00
0.000000000000000000e+00
0.000000000000000000e+00
0.000000000000000000e+00
0.000000000000000000e+00
0.000000000000000000e+00
0.000000000000000000e+00
0.000000000000000000e+00
0.000000000000000000e+00
0.000000000000000000e+00
0.000000000000000000e+00
0.000000000000000000e+00
0.000000000000000000e+00
0.000000000000000000e+00
0.000000000000000000e+00
4.522755735138261207e-02
4.352106347139354792e-02
8.381871988935618578e-02
8.077110848276312927e-02
3.894336909911830236e-02
7.515415554870027992e-02
1.451257884242165563e-01
1.752584366635581148e-01
6.776681552489491334e-02
1.310903101156362660e-01
3.171549077685302531e-02
2.456698857205915909e-01
1.487458352669882855e-01
8.650164422200563863e-02
8.388058593231699500e-02
5.425125105072051840e-02
7.898361412940538284e-02
1.022591955231809402e-01
4.966885292180645006e-02
1.448094724075995876e-01
1.642517908922636605e-01
2.282171817140928316e-01
1.554346712478975323e-01
1.729028521265744411e-01
6.313239117799326894e-02
1.229853644170238181e-01
1.997201142377233452e-01
2.919962734718571373e-01
2.277574013047546919e-01
2.221340510333542906e-01
1.805970160309876560e-01
2.467436913575272173e-01
2.064592477955429772e-01
1.008008049610065737e-01
2.297323165304491488e-01
2.404835883491923676e-01
2.350182902030688581e-01
1.991055777326609377e-01
2.545830991371244023e-01
2.343417354409332021e-01
2.292475527140679925e-01
3.785361016718067906e-01
3.430393047669895723e-01
2.686541553842332064e-01
3.025160081295976688e-01
2.318703557722432418e-01
3.028512981618839972e-01
3.090971878284899388e-01
2.665655979458223523e-01
2.137804735556310953e-01
1.746573626581103544e-01
2.511902288965062180e-01
3.023506610391022420e-01
3.185615378499941919e-01
2.263301234088229419e-01
2.432521379620250779e-01
3.529312328226480444e-01
4.483543236735218485e-01
2.000921152289082960e-01
3.635008580782168042e-01
1.833294314034406847e-01
2.653880499264852366e-01
3.724746281418462868e-01
3.842968218831979144e-01
3.956555220803510964e-01
3.270231090763879855e-01
2.693485088774076330e-01
3.417054846962324088e-01
4.116128946197047389e-01
4.378552079562496036e-01
4.306774158055987622e-01
3.517299284563795703e-01
3.224621943668312674e-01
2.708683379835535310e-01
3.655802489800806243e-01
3.748158329461828142e-01
3.468218883043096556e-01
2.833266301946660293e-01
3.934161925120187031e-01
3.310594169366984918e-01
3.329805567892794582e-01
3.143078660477304775e-01
3.163475914248575771e-01
2.785056162865586216e-01
2.678764479156661715e-01
2.961568777728360025e-01
2.982097122782939591e-01
3.689621484499957527e-01
2.958844888672270690e-01
3.159949180178954764e-01
2.696056956901906609e-01
2.894648306505765989e-01
2.679683538674222376e-01
2.987425973394078338e-01
3.229820567958623379e-01
2.794629924091415196e-01
2.646590624118347890e-01
3.372627504026312617e-01
3.220315943192030850e-01
2.965819154290169624e-01
2.665474732575184857e-01
3.610671955903966834e-01
2.952846928431951956e-01
3.166017434784099138e-01
4.167237369622102672e-01
3.183570205631919836e-01
3.578494721042494442e-01
3.390233503123661341e-01
3.159244526095260630e-01
3.306268402711051158e-01
3.633388913792449104e-01
3.407096219135706261e-01
3.365546783342421300e-01
3.768053149976048344e-01
3.240900057748716812e-01
3.980973462278925012e-01
3.976337804605044601e-01
3.337776422479290517e-01
4.384094134389837638e-01
4.209023945624382201e-01
3.793016270677854740e-01
4.394184817697168732e-01
4.343677505519979998e-01
4.136456716808737943e-01
4.011557711067047505e-01
4.081751118435700820e-01
3.959740378111776815e-01
4.216690080307421984e-01
5.026144563895413864e-01
4.307859940031203427e-01
4.442594858599736019e-01
4.826243286584438463e-01
4.987536190769282229e-01
4.193574797304082113e-01
4.845707070981358222e-01
5.173253766446959112e-01
5.254705531684357167e-01
5.469183857226953549e-01
5.445019060133710065e-01
6.016053185860563701e-01
5.070191829077945744e-01
5.406114792082885590e-01
4.517388518534210529e-01
5.802860871225573591e-01
5.837806694094758164e-01
6.244551433724557787e-01
6.919562345868228714e-01
6.119350837330677084e-01
6.028017752698022758e-01
6.505161391547407135e-01
6.765746575360501724e-01
7.459684831648896175e-01
7.357584387631451728e-01
6.884223920006240505e-01
6.533329517040515899e-01
6.695256699140755829e-01
7.633869940428125167e-01
6.926151815720696936e-01
6.996846116784024572e-01
8.094637554794514855e-01
7.455117277502372186e-01
7.092899845470305165e-01
7.974019845043712751e-01
8.812366624859060416e-01
7.180930177711781770e-01
8.036081098822719371e-01
8.114503035561302369e-01
8.467544672844583564e-01
7.693428384893469252e-01
7.944547684307295965e-01
8.753184128794757601e-01
8.383909341589712572e-01
9.461754572352941706e-01
8.401803749133024413e-01
9.105939004277597837e-01
9.399833723330901503e-01
8.088968832921399343e-01
1.015501113015868651e+00
9.565649417754670258e-01
1.009244099156732188e+00
8.998178899075759407e-01
9.719832097632180590e-01
1.042881934635387697e+00
9.576557141432776588e-01
9.711696501185952402e-01
1.014447181586485058e+00
1.044202813264873297e+00
1.081860335560886233e+00
1.062388307327595038e+00
1.072237500808763677e+00
9.440805082948829918e-01
1.054624067576839019e+00
1.029794284742176824e+00
1.099647427342504757e+00
1.122552721065372294e+00
1.227968363797518281e+00
1.126025131882151031e+00
1.113095651517391982e+00
1.146585699341600151e+00
1.190976647164736502e+00
1.149283864890569218e+00
1.213577786415942050e+00
1.254423030722017440e+00
1.161241759348618174e+00
1.141144057974144088e+00
1.196078783456457240e+00
1.183188587790021673e+00
1.139943496393634792e+00
1.177490559949265325e+00
1.272763593696670803e+00
1.238488623935729782e+00
1.310892479187910853e+00
1.354520364164810031e+00
1.325436299055921419e+00
1.334190164582560012e+00
1.354598743229361357e+00
1.352871950737560391e+00
1.372764699538435496e+00
1.362596118802934519e+00
1.414838921640377389e+00
1.407690517081568560e+00
1.360222101717293297e+00
1.436891914089501343e+00
1.394601617724162024e+00
1.436651518987917875e+00
1.506300862372377924e+00
1.481444235437574530e+00
1.560527897603081193e+00
1.472603254028159725e+00
1.576469540273452985e+00
1.527443474698128023e+00
1.519655107811978434e+00
1.583580128939467091e+00
1.544308161758860320e+00
1.496716409372640166e+00
1.569588558274775725e+00
1.461452050707366057e+00
1.666084410164211160e+00
1.578734795037161076e+00
1.663123100191470582e+00
1.534557748088478668e+00
1.601198506757523843e+00
1.523463056052027920e+00
1.676342827769188970e+00
1.607317648041502567e+00
1.603316625152344521e+00
1.565448812668503775e+00
1.599405554391814421e+00
1.544611143365877792e+00
1.559588340736960399e+00
1.540022483387085472e+00
1.609824192429693657e+00
1.545838685568602600e+00
1.592627846833717165e+00
1.532091400163560824e+00
1.592341987405965442e+00
1.625136120603116741e+00
1.619659217807602358e+00
1.701880289783234579e+00
1.702134009908605305e+00
1.635590598655707550e+00
1.673046185012193376e+00
1.617229504945073781e+00
1.605748614639949334e+00
1.672713691591585894e+00
1.659765284323733159e+00
1.631476689101667432e+00
1.640168501719956540e+00
1.689849559624786890e+00
1.612755363527138552e+00
1.695583366885594856e+00
1.765820852757788106e+00
1.660927615569476323e+00
1.737286056750472651e+00
1.702851378359099499e+00
1.646299520758288226e+00
1.682116715602870460e+00
1.605193329869974095e+00
1.556793674292610064e+00
1.612181870128873484e+00
1.558805928986860545e+00
1.618886617008666207e+00
1.639392041299659875e+00
1.614595138723656342e+00
1.609247388825121305e+00
1.524479446868540977e+00
1.567062418774769483e+00
1.537925756088680096e+00
1.566346586818412101e+00
1.470248583419816013e+00
1.614913118232298217e+00
1.513461896886886482e+00
1.544312620793055757e+00
1.496950837022677616e+00
1.466189556142640349e+00
1.504698295081380088e+00
1.457308280671411715e+00
1.491428098007955727e+00
1.450497802622926713e+00
1.396339213835514625e+00
1.414620138813240668e+00
1.423017319700516703e+00
1.353540400497719620e+00
1.358323984927091610e+00
1.386762073971123499e+00
1.401645983523184702e+00
1.464210305691963310e+00
1.419651837211633794e+00
1.390416715678936876e+00
1.408558709676469123e+00
1.309900564413859270e+00
1.440528775445474530e+00
1.357260858175478591e+00
1.417540745636618249e+00
1.327182470644867385e+00
1.323522146077052764e+00
1.326099432707134707e+00
1.321562110948898194e+00
1.280152290436329610e+00
1.302089439157734008e+00
1.302911660295001273e+00
1.338287364929887202e+00
1.266637995478275602e+00
1.241065624915933086e+00
1.241270370849691052e+00
1.227915361179344744e+00
1.265190875233479506e+00
1.289495814720400979e+00
1.215241848118117751e+00
1.295032424338652177e+00
1.177807002142430948e+00
1.252008124417532731e+00
1.208783316685955178e+00
1.190332844511444055e+00
1.222103824546134421e+00
1.198924417770348194e+00
1.184755497741398322e+00
1.251784323451313519e+00
1.193968917753110315e+00
1.198874960248158539e+00
1.200584762368852809e+00
1.189802928441977992e+00
1.207779473581219287e+00
1.184706731763306431e+00
1.121972869757279279e+00
1.218567353982760837e+00
1.186631080652191139e+00
1.121762223602431385e+00
1.172524809259177125e+00
1.177894863696901107e+00
1.133338953459871679e+00
1.183248652427603131e+00
1.137604318298209183e+00
1.146649568601865843e+00
1.110360366582861413e+00
1.079495623614319166e+00
1.160891600779681232e+00
1.144431916537346661e+00
1.123111465253582963e+00
1.059272334795032355e+00
1.109387073626820541e+00
1.120229525670783266e+00
1.136566919445485047e+00
1.141562550053263569e+00
1.111754646272128166e+00
1.149987885876442961e+00
1.098375800949208392e+00
1.091763126197990763e+00
1.083155969586830469e+00
1.145852405971658827e+00
1.118140059489656890e+00
1.096725045637920504e+00
1.167131086222190195e+00
1.089743596634425771e+00
1.064087762325772291e+00
1.113180035165931558e+00
1.119136817703742626e+00
1.102159553146285997e+00
1.064518916472862786e+00
1.117186093041786732e+00
1.059183618017054407e+00
1.076095402119173539e+00
1.086456633474695899e+00
1.071930345615228486e+00
1.073970649615183071e+00
1.081017800988790079e+00
1.101777256794781668e+00
1.039985903193594075e+00
1.048921385039591758e+00
1.029945445406894367e+00
1.069595105644659094e+00
1.074568462926901669e+00
1.138034540228908265e+00
1.063706037841777086e+00
1.039594765654865860e+00
1.049986123857236109e+00
1.074650920533297693e+00
1.096103763030385814e+00
1.069265065296822748e+00
1.089939480382061898e+00
1.098651283639225484e+00
1.077982512343414134e+00
1.165391809458277139e+00
1.078969071073275776e+00
1.058626213263789584e+00
1.089107204703073428e+00
1.060280062576763882e+00
1.087615230142834788e+00
9.925512450757842942e-01
1.073097362674825916e+00
9.957949428636337919e-01
1.033553419637367021e+00
1.010113459000570035e+00
9.957612410318250618e-01
1.014184965156051277e+00
1.044017428147408166e+00
1.014307898139899855e+00
1.006156806613629717e+00
1.007861513253404562e+00
1.018212905906818788e+00
1.020373587371480983e+00
1.019820309625753874e+00
1.017657460676334225e+00
1.043209010554993155e+00
9.990341955121057049e-01
9.927320590622704666e-01
1.008044792742453621e+00
9.854985499832960016e-01
1.021566266269659407e+00
1.015240314525140519e+00
9.841221572320074662e-01
9.666500540980605960e-01
9.739447766954419938e-01
9.796380209632958858e-01
9.954546159632257085e-01
1.033940534420567658e+00
9.741798739086369174e-01
9.782385752451149274e-01
1.025811707770422965e+00
9.822437829652077568e-01
9.752714831188550315e-01
1.013352576114038950e+00
1.011712726298779952e+00
1.002719331806286585e+00
9.625205210085212570e-01
9.990369087735390119e-01
1.027012847991072952e+00
1.041240160700802386e+00
1.020247374284006803e+00
9.994138814378507041e-01
1.016418748883186174e+00
9.705710373801965662e-01
9.894325115146468397e-01
1.017563206909808615e+00
9.816186649853251289e-01
9.927095275670624330e-01
1.007897247334162083e+00
1.019710449959479348e+00
9.995378391422498066e-01
1.015418596220849734e+00
1.026582639172862965e+00
1.031257919463720141e+00
1.016326786359841305e+00
9.725010055913654305e-01
1.010261593792718182e+00
1.002306432326654173e+00
9.688731316120802184e-01
9.673705417125777473e-01
9.872077520896999081e-01
9.772191482807640606e-01
9.972936185567380374e-01
1.016767998394717321e+00
9.656133031793018295e-01
9.684755884333098308e-01
1.008232760892503688e+00
1.008733928084527776e+00
1.004481862717353291e+00
9.719091649027976620e-01
1.000758759692074840e+00
9.556435645533903900e-01
9.889949159504123344e-01
9.734384649225582553e-01
9.487193460164250469e-01
9.397141637798360758e-01
9.178015420727712037e-01
9.873172360050432861e-01
9.201188542542569904e-01
9.617953067135969203e-01
9.710095473660949050e-01
9.292322410246789399e-01
9.654864741705261322e-01
9.639683466357241715e-01
9.827597993456572700e-01
9.755118660374909600e-01
9.618603980392770314e-01
9.876641982357897698e-01
9.736547289685791862e-01
1.007189520586852183e+00
9.947868769893986052e-01
9.290296183077000336e-01
9.718087102778950603e-01
9.769395176933297620e-01
9.514854278683269051e-01
9.519581229861213689e-01
9.881856403830195923e-01
9.335075284032635645e-01
9.401965655851869386e-01
9.849050038277461505e-01
9.250563842802764780e-01
9.893439453233819902e-01
9.747892379959346432e-01
9.489578396912590197e-01
9.890378765901322033e-01
9.539153576515400079e-01
9.362902171495488535e-01
9.569103688048657963e-01
9.446015229951889580e-01
9.594685279139115730e-01
9.261428803635520790e-01
9.439074331576635668e-01
9.615420872308576561e-01
9.636759108990861078e-01
9.588592627176603100e-01
9.729699600191280551e-01
9.525685080955016426e-01
9.546807828639387594e-01
9.959788278649760462e-01
9.642212126679621242e-01
9.569669994478281483e-01
9.849991142202446648e-01
9.706167557051943451e-01
9.591555940516129919e-01
9.710210003521161370e-01
9.459315062704923838e-01
9.643985421645072664e-01
9.663437097295685119e-01
9.672274112604648533e-01
9.296526444252989352e-01
9.416898281671979287e-01
9.357508552079578656e-01
9.740760576415635752e-01
9.615647120259529501e-01
9.726305133692486615e-01
9.540876223397544154e-01
9.373550606933849227e-01
9.581517832596367912e-01
9.667076995384873417e-01
9.407074100861128052e-01
9.606021412758327660e-01
9.640587342799346038e-01
9.456042035897642695e-01
9.477552114217305812e-01
9.834819451482805786e-01
9.329590900957209776e-01
9.308615963662260073e-01
9.414913005212677266e-01
9.806496641346812426e-01
9.505393121108607346e-01
9.341834147621428386e-01
9.411030284669024137e-01
9.146089231223964999e-01
9.256941557529246856e-01
9.551877607728650466e-01
9.851199910605937804e-01
9.743220304955763078e-01
9.235051061950516615e-01
9.806048115073577875e-01
9.410608997598118863e-01
9.336492297025419385e-01
9.873469976170968776e-01
9.596378214295366860e-01
9.333397188713739023e-01
9.284968086788772945e-01
9.519779987795617959e-01
9.262479100641408669e-01
9.584402582555409111e-01
9.572158138584863085e-01
9.310922916403173710e-01
9.405479244693827345e-01
9.357562354513305758e-01
9.255756742405409909e-01
9.451403293697642205e-01
9.523216972474983777e-01
9.823965773865694917e-01
9.332676620225351938e-01
9.374438009910166514e-01
9.536910942111227474e-01
9.657126517290229861e-01
9.770677592835022018e-01
9.561821513348313095e-01
9.409604137900809961e-01
9.746483299076654783e-01
9.551091235422994874e-01
9.787164202611452479e-01
9.437296622699331561e-01
9.284710702705825103e-01
9.550760110119983493e-01
9.264611448661230764e-01
9.608620292047090894e-01
9.533742469309053336e-01
9.275575989758323425e-01
9.362686044887319481e-01
9.628991005532104852e-01
9.347558298812591593e-01
9.388854901748994175e-01
9.530055888426880450e-01
9.512188578782352355e-01
9.690802253257551069e-01
9.449066642801964289e-01
9.282991385882388702e-01
9.720983094641642008e-01
9.432012072726670970e-01
9.673366730973872452e-01
9.796408945888412934e-01
9.818452556636707573e-01
9.510868981388485022e-01
9.703164572060489768e-01
9.947953513555833904e-01
9.439205748021189946e-01
9.523139352704842464e-01
9.747530147898990638e-01
9.715910322937817423e-01
9.790218190926084363e-01
9.544997507556925997e-01
9.472065933646506286e-01
9.465052862209549778e-01
9.520762457287259561e-01
9.281653872896019619e-01
9.763578257758060985e-01
9.330794132835784627e-01
9.659864627471356213e-01
9.381775114101212898e-01
9.641931958640218570e-01
9.193897535517784325e-01
9.432584052256438589e-01
9.682568646439029258e-01
9.560516932132162582e-01
9.770641360719545254e-01
9.616157501996834833e-01
9.517878048110682832e-01
9.793921094631845570e-01
9.630577598481524504e-01
9.705087629568106555e-01
9.535396789072220214e-01
9.664230922507703880e-01
9.930763157682613862e-01
9.396836855314909531e-01
9.778087792716158022e-01
9.480470622735314157e-01
9.377638388054686525e-01
9.875021623184232489e-01
9.764282537644816129e-01
9.952264386267963836e-01
9.837020530080384795e-01
9.601884049651029374e-01
9.817454391142845793e-01
9.744187899288415666e-01
9.554198166513236945e-01
9.670265714695317483e-01
9.488603744000293494e-01
9.679956750138898336e-01
9.815850152904469494e-01
9.870827690194486914e-01
9.894912101426753814e-01
9.433778174017349860e-01
9.823392202308326437e-01
9.833311708970552401e-01
1.009409616531756537e+00
1.010544997613081142e+00
9.767770435644127502e-01
9.526403406540407959e-01
9.973444923000420737e-01
9.565475001090756324e-01
9.728772278406324636e-01
9.499134661172277116e-01
9.532094882147487125e-01
9.782426841151254937e-01
9.748807931059731979e-01
9.690540947475089206e-01
9.859601343775711291e-01
9.595028671415356536e-01
9.644862744870077442e-01
9.380013096517582083e-01
9.656892533190393202e-01
9.402247343475721442e-01
9.553651921008639025e-01
9.507911778593697294e-01
9.732926544888966802e-01
9.765848196204055531e-01
9.855435952923636833e-01
9.479788336816831196e-01
9.576120962342097309e-01
9.615480139961541939e-01
9.468470365307292136e-01
9.406392608315113923e-01
9.615846008285424684e-01
9.645954214899278290e-01
9.714408044913463991e-01
9.615897924545183661e-01
9.586030178270257274e-01
9.611513626022112344e-01
9.621998697902830466e-01
9.414772746185622321e-01
9.495194645925518762e-01
9.823153796768646639e-01
9.658857944264279682e-01
9.549749817585841960e-01
9.334844709103633509e-01
9.709558688869085463e-01
9.501518729580186173e-01
9.815842365688172144e-01
9.389842626804829617e-01
9.511369041183742601e-01
9.410561450015714202e-01
9.451498267844641310e-01
9.647364094060307815e-01
9.278080195145436138e-01
9.625651638728596193e-01
9.695866366256677971e-01
9.393889244396101956e-01
9.712169227332902999e-01
9.586531904237423074e-01
9.591835252044806914e-01
9.551083677447463893e-01
9.538435420037264523e-01
9.653149859251726195e-01
9.544989554530083353e-01
9.579863135143271702e-01
9.875125533830767521e-01
9.465847081803325791e-01
9.679299130008880425e-01
9.537027927074347433e-01
9.827313517230527040e-01
9.457276223883512856e-01
9.577082011918476301e-01
9.940593756202434905e-01
9.936641441171502054e-01
9.633616392841762854e-01
9.457188854958187285e-01
9.796095227539501904e-01
9.666042190580778071e-01
9.758173590977039513e-01
9.746930121654981960e-01
9.762317804444681224e-01
9.743476234502468358e-01
9.783315144008197795e-01
9.656944978463680718e-01
9.691095839649656041e-01
9.689388481031327993e-01
9.916044802082553122e-01
1.018262205085645133e+00
9.728841406280817061e-01
9.736227317774546197e-01
9.737986138575689399e-01
1.009468412231737666e+00
9.710035390242657272e-01
9.621611293345714300e-01
9.790515431343620456e-01
9.940249939991089301e-01
9.930345208803272872e-01
9.663612820567049067e-01
9.754318887089961088e-01
1.009832225293818331e+00
9.901761101976861434e-01
1.021119114898899616e+00
9.968471433498834466e-01
9.999742528202637537e-01
9.944883278684181205e-01
1.013854547430210307e+00
1.006930090197192929e+00
1.008746203087352411e+00
9.727812091010507034e-01
9.801490563697307090e-01
9.897723177522556037e-01
9.903683570247188150e-01
9.748026359707301358e-01
9.936453415051755833e-01
9.863548018907402071e-01
9.801425524600910766e-01
9.645656138771491195e-01
9.882723789824895411e-01
9.777645210900383077e-01
9.502097639818167796e-01
9.920317703400283182e-01
9.841594323079922990e-01
9.608927375090894341e-01
9.639012373664921363e-01
9.822482878133907969e-01
9.976116345959732401e-01
9.633154664735953387e-01
9.832191947042513425e-01
9.856185794640003328e-01
9.839573968513410929e-01
9.705271542286754149e-01
9.747771457691900565e-01
9.657790936129188042e-01
9.827078749062340135e-01
9.848916424084669385e-01
9.609645994286322157e-01
9.568819525833611728e-01
9.643971919462428488e-01
9.434841992880750317e-01
9.495083183849074571e-01
9.086794597408013319e-01
9.308142596013802006e-01
9.373086698377144366e-01
9.307189970644106358e-01
9.427122302987253066e-01
9.138891348828844796e-01
9.417372760732639625e-01
9.316324263723907428e-01
9.202818413219436833e-01
9.204039032941714327e-01
9.171522350664409462e-01
9.137529897191967176e-01
9.317761058714563172e-01
9.278757415065739256e-01
8.885261504587609327e-01
9.091732259118845416e-01
8.806486985719623739e-01
9.204833747129442800e-01
9.030893609667430821e-01
8.733522301192273574e-01
8.870419738699821810e-01
9.136565645794313406e-01
8.531748387742148498e-01
8.767807937507580140e-01
8.749412785859479458e-01
8.617869211609767710e-01
8.675670018924738214e-01
8.436779967641502287e-01
8.588642522421532366e-01
8.622999303263439996e-01
8.663312161347551665e-01
8.342372095920004282e-01
8.300665512558460524e-01
8.380964088689996094e-01
8.383383049519345098e-01
8.535867806525251344e-01
8.279207955680364384e-01
8.275738166074743107e-01
8.419847654495269396e-01
8.052409163383034141e-01
8.190335683708067638e-01
8.198979733831152084e-01
8.153832844068580332e-01
8.244386782830028793e-01
8.187411667275574789e-01
8.198869758478587455e-01
7.973564700406888806e-01
8.144818780620874943e-01
8.087014363639243308e-01
7.788444828831834199e-01
8.095278548256825690e-01
7.718964965746770712e-01
7.709243138969971154e-01
7.821899123465486658e-01
7.795968908190721303e-01
7.786085882182890439e-01
7.547599988803703752e-01
7.886231881286350776e-01
7.762346653126936946e-01
7.628922046663253465e-01
7.556306051522257983e-01
7.611369907852965078e-01
7.734725586376028916e-01
7.548297705674393843e-01
7.482103576168289694e-01
7.238826718055312304e-01
7.300972949696181713e-01
7.396736580999628830e-01
7.344059173599598589e-01
7.308471147206229146e-01
7.266002249892891118e-01
7.275517670005464677e-01
7.177370443880923823e-01
7.280430341283871121e-01
7.317631726842723783e-01
7.176933768576569950e-01
7.082544057689774686e-01
7.157208040697555784e-01
7.136347542750044459e-01
7.101794121893764133e-01
7.050888512625639315e-01
6.879562286026630336e-01
7.060470322407591537e-01
6.843416490943792230e-01
6.857441576785581194e-01
6.807515802754122713e-01
6.740156559694672200e-01
6.839522528623661612e-01
6.857426705219085150e-01
6.876587208047986177e-01
6.835139474188260955e-01
6.902542501441263356e-01
6.656312799113854872e-01
6.599511423182835568e-01
6.624271330227352594e-01
6.672862799423412428e-01
6.472939888576337841e-01
6.725664890084783742e-01
6.636184066420723893e-01
6.432272307784567822e-01
6.587336273146322529e-01
6.561729935699920357e-01
6.536216225505835364e-01
6.535655079664105527e-01
6.569030523599634908e-01
6.455014782204463453e-01
6.251740138572564609e-01
6.358119703892619601e-01
6.220606354342912425e-01
6.433834507089786214e-01
6.385683207962697949e-01
6.256646179317947309e-01
6.250126784263041468e-01
6.110341695576799737e-01
6.211550939701819818e-01
6.165561136783067608e-01
6.099369665687979225e-01
6.074109525675143173e-01
5.927175124662712458e-01
5.923864819699915518e-01
5.849817162794040959e-01
5.953804862649987317e-01
5.949165040103626678e-01
5.792622895995099830e-01
5.936146287660943877e-01
5.785245823365180451e-01
5.853308787630695509e-01
5.735542795032841923e-01
5.685349651839564089e-01
5.691156497030662731e-01
5.824406540773704455e-01
5.696488703520969921e-01
5.779859117386736411e-01
5.472923736112457194e-01
5.704932686898541716e-01
5.467974608139123394e-01
5.445934986296838698e-01
5.497187594780739150e-01
5.417919831103219508e-01
5.357189915557371007e-01
5.328228339478073838e-01
5.236428600197671201e-01
5.396256021879921594e-01
5.268498105715827551e-01
5.256747373137284907e-01
5.373517194208767833e-01
