4.750358894753360003e+07
0.000000000000000000e+00
0.000000000000000000e+00
0.000000000000000000e+00
0.000000000000000000e+00
0.000000000000000000e+00
0.000000000000000000e+00
0.000000000000000000e+00
0.000000000000000000e+00
0.000000000000000000e+00
0.000000000000000000e+00
0.000000000000000000e+00
0.000000000000000000e+00
0.000000000000000000e+00
0.000000000000000000e+00
0.000000000000000000e+00
0.000000000000000000e+00
0.000000000000000000e+00
0.000000000000000000e+00
0.000000000000000000e+00
0.000000000000000000e+00
0.000000000000000000e+00
0.000000000000000000e+00
0.000000000000000000e+00
0.000000000000000000e+00
0.000000000000000000e+00
0.000000000000000000e+00
0.000000000000000000e+00
0.000000000000000000e+00
0.000000000000000000e+00
0.000000000000000000e+00
0.000000000000000000e+00
0.000000000000000000e+00
0.000000000000000000e+00
0.000000000000000000e+00
0.000000000000000000e+00
0.000000000000000000e+00
0.000000000000000000e+00
0.000000000000000000e+00
0.000000000000000000e+00
0.000000000000000000e+00
0.000000000000000000e+00
0.000000000000000000e+00
0.000000000000000000e+00
0.000000000000000000e+00
0.000000000000000000e+00
0.000000000000000000e+00
0.000000000000000000e+00
0.000000000000000000e+00
0.000000000000000000e+00
0.000000000000000000e+00
0.000000000000000000e+00
0.000000000000000000e+00
0.000000000000000000e+00
0.000000000000000000e+00
0.000000000000000000e+00
0.000000000000000000e+00
0.000000000000000000e+00
0.000000000000000000e+00
0.000000000000000000e+00
6.554515505781813300e-02
6.343098155370605062e-02
6.141747143014789773e-02
0.000000000000000000e+00
5.766776281467042575e-02
5.592039062154466333e-02
0.000000000000000000e+00
0.000000000000000000e+00
5.112959776159047010e-02
0.000000000000000000e+00
4.826982413586652920e-02
0.000000000000000000e+00
0.000000000000000000e+00
0.000000000000000000e+00
0.000000000000000000e+00
4.208826078532884596e-02
0.000000000000000000e+00
3.994402284754466903e-02
0.000000000000000000e+00
0.000000000000000000e+00
0.000000000000000000e+00
0.000000000000000000e+00
3.524909876536103104e-02
0.000000000000000000e+00
0.000000000000000000e+00
0.000000000000000000e+00
3.206447844655898466e-02
0.000000000000000000e+00
0.000000000000000000e+00
0.000000000000000000e+00
0.000000000000000000e+00
0.000000000000000000e+00
2.803971123494864923e-02
0.000000000000000000e+00
0.000000000000000000e+00
0.000000000000000000e+00
2.576337286358258011e-02
0.000000000000000000e+00
0.000000000000000000e+00
0.000000000000000000e+00
0.000000000000000000e+00
0.000000000000000000e+00
2.283547535422783895e-02
0.000000000000000000e+00
0.000000000000000000e+00
2.155524984845932912e-02
4.230471964556957454e-02
4.152132150854682957e-02
4.075948397032017056e-02
6.002763456867248743e-02
3.929739006250992234e-02
7.719133953829081241e-02
1.895628928046323367e-02
9.311865703546157169e-02
5.489954598331398677e-02
1.798434191274322913e-02
7.070769925975957382e-02
3.475464630676227545e-02
0.000000000000000000e+00
3.360105262201670828e-02
0.000000000000000000e+00
4.875593386478476593e-02
7.993862010372262961e-02
4.718958941953628472e-02
4.643457222575203547e-02
6.093004149668011099e-02
7.496316658923657394e-02
8.855026935429183288e-02
4.358871233764093078e-02
4.291813009222022329e-02
2.817526952652753269e-02
4.162256959865993228e-02
0.000000000000000000e+00
6.730799817550160713e-02
5.304868881648735351e-02
7.840286280458522161e-02
1.416402458913563478e-01
1.142079749150913121e-01
1.375791062016933353e-01
8.629964258627456641e-02
8.507555485097184622e-02
1.318072290040932237e-01
1.299638015165854033e-01
8.155558595965023416e-02
8.043069928368673516e-02
1.246597412194556387e-01
6.707111817819395860e-02
6.616476560295869724e-02
7.615610492962641975e-02
1.073438647730676904e-01
9.532990138789830536e-02
1.045284208853013708e-01
1.237944670595645807e-01
1.629156926031421759e-01
1.105593389924605929e-01
8.929794363475934693e-02
1.469340094907039818e-01
9.671607354168904047e-02
1.050494888291838708e-01
1.037363874240234823e-01
8.382088908281537520e-02
1.103814353557199812e-01
1.181126689300378146e-01
6.282353995572520500e-02
1.241241037639168876e-01
7.883270410740123024e-02
8.654290135388968686e-02
8.551264095924826503e-02
9.295073581587896816e-02
1.753637653755935055e-01
9.903585754410311470e-02
1.223553635702533809e-01
1.693172131589734675e-01
7.173045421959600709e-02
1.339424079728543659e-01
1.012626218327604133e-01
1.309240924781262527e-01
1.066083947953170713e-01
1.054172520076855496e-01
2.010457825558165657e-01
1.251856734709922425e-01
1.383759054317950377e-01
1.584736601565039649e-01
1.496260857230784502e-01
1.550565471272097595e-01
9.761136545861728853e-02
1.241580903947270276e-01
1.160129792709533314e-01
1.552978132299011604e-01
1.336200996351830927e-01
1.388319965967822478e-01
1.700967581368085235e-01
1.489109463687501300e-01
1.473757956401231806e-01
1.331804134379639959e-01
2.322568254639850172e-01
2.361123925189385075e-01
1.845216625564861102e-01
1.948450017856533933e-01
2.290646746025248870e-01
2.148493670602813210e-01
2.009042651198751639e-01
2.515815276556098157e-01
2.201481942755867394e-01
2.638952502669058564e-01
1.988404635621026373e-01
1.969193146806104688e-01
2.061702100699566720e-01
2.317915348687404620e-01
2.295840132069758011e-01
2.653091907591513254e-01
2.735330799659143608e-01
2.178343772766161146e-01
1.842182802485346216e-01
1.825046342426432655e-01
1.859809254659166300e-01
1.945038737294670916e-01
2.637213486557423159e-01
1.658332191120897581e-01
1.892234813112956826e-01
2.467250833635806218e-01
1.613715509777804424e-01
2.374633281721941769e-01
2.929781872657509778e-01
2.903739539360422062e-01
2.642137742173810699e-01
3.086512565869848346e-01
2.642241968346817904e-01
2.573215489994961636e-01
2.915245536839518592e-01
2.844849138562600688e-01
3.088927084757350228e-01
3.062412852678632058e-01
2.684210886614289415e-01
2.879511486717827862e-01
2.292739040369066728e-01
2.573650354976283472e-01
2.892292924725514691e-01
2.404134079024191906e-01
2.593231301350822360e-01
2.903544489617541635e-01
3.455458069576042290e-01
3.427018246671353352e-01
2.711049786944040862e-01
3.290915658470269789e-01
3.343774062747917886e-01
2.763915931377050605e-01
3.015789048866978628e-01
2.175684345025268585e-01
2.852011487437929871e-01
3.593958421620713772e-01
2.693041399578561812e-01
2.897534559814807786e-01
3.024055520490577798e-01
3.111461173374287514e-01
3.307663936156939322e-01
3.281923491191498510e-01
3.401214900680796238e-01
2.908202305760139161e-01
3.313362241309582013e-01
3.782936236820660381e-01
3.789143665299116726e-01
4.178143359961468684e-01
3.559071365024883415e-01
3.978023562496426635e-01
3.846007362189522438e-01
4.290125695514436233e-01
3.755183605516896339e-01
3.760543298129532253e-01
4.195144414253883514e-01
3.869084420708332472e-01
3.352419034899458139e-01
4.103282824657868422e-01
4.458213751304480055e-01
4.043707887008414770e-01
3.635091852224654474e-01
3.954039763727492107e-01
4.455237132861685767e-01
4.052114065133868293e-01
5.067352177573438698e-01
5.427690099974363802e-01
4.692839218596825401e-01
4.509362337721004588e-01
5.522381222503325304e-01
5.187215514545115980e-01
5.886790204022184225e-01
5.758080930728692870e-01
4.673163459064268999e-01
4.727298326417485042e-01
4.608817806001503925e-01
5.458455303192518704e-01
5.082251971590178163e-01
4.598888881054885025e-01
5.124628927121994693e-01
5.532484580096332927e-01
4.670837609693255232e-01
5.621842123938434188e-01
6.207580573179001249e-01
5.223647770235891885e-01
5.483035227532553346e-01
5.499740826789621950e-01
5.278568923349050701e-01
5.951630157679811406e-01
5.573874957231356175e-01
5.666701843323868060e-01
5.192658772366430808e-01
5.490834439330914973e-01
5.226823432384730683e-01
6.125715018322916983e-01
5.535180927771815584e-01
6.121710035636211966e-01
5.686860736066707833e-01
5.011768307525513722e-01
5.883053746290758390e-01
6.112517385034248463e-01
5.929215679128676530e-01
6.442667553868458574e-01
5.926151649690958312e-01
6.574864361617128727e-01
6.204732736313542940e-01
6.282855797086173144e-01
5.733184005759643931e-01
6.505048732562981328e-01
7.060948317396807949e-01
6.721303432673959577e-01
6.657424271776266611e-01
6.256613352984334853e-01
5.860566216595106681e-01
6.336289460013055930e-01
6.518866343737685920e-01
6.479477543433483921e-01
7.051741107321511937e-01
6.900883970626754405e-01
7.355693237936631323e-01
7.011588451031017799e-01
7.246941883450878086e-01
6.949676978080353562e-01
7.582560090845659184e-01
7.160934085532043580e-01
7.472670095253287625e-01
7.449535398045513679e-01
6.727090314165115048e-01
7.342335418680976389e-01
6.994648341709166495e-01
6.812591925410430571e-01
7.396268083077335298e-01
7.133828570306145478e-01
7.231904760250769115e-01
7.032429177362016226e-01
8.072506389682098105e-01
7.909334008438929642e-01
7.068246129416878576e-01
6.584109986674032688e-01
7.660462692178583444e-01
7.254576447959169005e-01
7.004999388026620366e-01
7.248916601655258640e-01
6.814209499566443728e-01
6.944253562692015436e-01
7.258383655947454605e-01
7.698151794693154359e-01
7.233368218347029366e-01
7.631698708950676036e-01
8.007385129837940596e-01
7.205079713490581961e-01
7.417136134997702746e-01
7.608912742629211357e-01
7.230039773768303091e-01
6.749154096022448313e-01
7.169555724063452207e-01
7.882447477317289231e-01
7.648847638823221828e-01
7.227443391998615851e-01
7.429567061053836685e-01
7.441261844775064471e-01
8.031249006731380202e-01
8.327144833910925525e-01
7.963210698408993427e-01
7.368547512688005119e-01
8.079400909352804083e-01
8.351840586905702191e-01
8.374051183881805471e-01
8.231932920204341197e-01
8.515315672200656216e-01
7.805727310293177901e-01
8.185028256867770136e-01
8.544243673862361721e-01
8.452267812612268560e-01
8.186272083522875276e-01
8.729415133771084578e-01
8.464497750833456235e-01
7.936068768200891244e-01
8.191575135608382130e-01
8.382407892334056143e-01
7.892906267570759526e-01
8.803997638286784611e-01
8.744384393639599296e-01
8.366394439403164185e-01
8.777694975259429100e-01
8.598515267900631587e-01
8.690246549941581522e-01
8.349351974930899756e-01
8.870662613318326395e-01
9.033049833119199956e-01
8.035344802990057600e-01
7.251630777814482842e-01
9.045403813204047072e-01
8.350906599261428420e-01
8.151920812521050719e-01
8.097848271764687134e-01
7.716742008856284363e-01
8.486881955331615490e-01
8.445783333880416688e-01
8.601426192840522233e-01
8.727542431599873973e-01
8.143602783943338919e-01
8.146035655817497334e-01
9.249480429045965346e-01
8.301235313374935032e-01
8.288972051715455258e-01
9.172246612632817264e-01
8.426562767168428447e-01
8.695846869212433550e-01
9.136395780971413583e-01
9.000203681427877411e-01
8.189367834586890327e-01
7.702572755176588792e-01
8.519880289615590074e-01
8.767623712639691647e-01
8.700832683205195206e-01
8.505113130109547281e-01
8.439966785902318636e-01
8.593372102739526008e-01
8.579305025793133588e-01
8.514443764815686766e-01
8.854881681161697049e-01
8.751396292221421680e-01
8.586091250334759728e-01
8.322382692623002676e-01
8.632331114298594787e-01
8.988839601570375315e-01
8.800466059101625937e-01
8.111337770326213503e-01
9.257965873887903374e-01
9.228499871686649536e-01
8.764025640695090047e-01
8.736847288485426466e-01
9.440634619623617940e-01
8.074670811442559160e-01
8.810601648531287688e-01
8.582386797802351586e-01
8.697410804599760015e-01
8.635577299968436593e-01
8.889174762834906041e-01
8.339072045539418498e-01
8.892228924083607211e-01
8.553981533767267553e-01
8.596865372244032466e-01
8.627881573850819663e-01
8.590369104491046848e-01
9.073527515711232727e-01
9.056777534642099781e-01
8.770903680482050602e-01
8.911780434300219378e-01
8.462024616697028101e-01
8.469994523410253606e-01
9.425922925723695389e-01
8.419633743217566080e-01
9.137936885703362710e-01
9.207892442898274465e-01
9.179630987792183339e-01
8.557972023115647531e-01
8.543278673893303088e-01
8.838959647935353825e-01
8.908301663166233730e-01
8.510094793422291470e-01
9.076709299994575320e-01
9.133432986434756318e-01
8.498025773912313285e-01
8.650443664326330495e-01
8.687214973828223386e-01
9.054751709547912419e-01
8.976036216624848629e-01
9.257093662584706673e-01
8.656790858173307734e-01
9.394730169059890557e-01
8.950681293072167977e-01
9.206756943053646669e-01
9.068563153865298876e-01
9.371983977287612344e-01
9.323836924593595921e-01
8.987990755830588263e-01
9.248264115828466192e-01
9.516207337922313325e-01
8.889077442431465581e-01
9.429769571301757081e-01
9.265300897734137786e-01
9.664292680010379000e-01
8.602178796332080601e-01
9.385121934978233327e-01
8.993288305415829686e-01
9.234099942927492810e-01
9.605945362617511751e-01
8.962148143513826160e-01
9.143458181588831613e-01
8.675424643198855756e-01
9.062039870112892359e-01
8.802799433741064217e-01
9.612557107898277442e-01
9.158964388256769507e-01
9.067881389642221679e-01
8.849059819578497521e-01
8.787157825722753390e-01
9.280692229964531137e-01
9.244650752126680748e-01
9.028253742562272199e-01
9.874674407309701474e-01
9.334866418305941549e-01
9.075791890421508468e-01
9.298688056603566787e-01
9.395827062309839439e-01
9.774447849277891898e-01
9.534946225222716842e-01
9.708659594069317667e-01
9.322831193473284372e-01
9.313446959730838914e-01
9.832018380986902173e-01
9.389534321881525258e-01
9.508647331395466695e-01
9.387194180266833499e-01
9.539385804953111059e-01
9.698859545001038418e-01
9.535551064473908323e-01
9.929732470967114200e-01
9.749849366831006003e-01
9.830599926485925621e-01
9.985699018438513042e-01
9.732665137057664451e-01
1.014332082607199759e+00
9.973867167342741480e-01
9.362127748724118348e-01
9.859416960809186392e-01
9.741582868750024993e-01
9.470230793694515148e-01
1.009094398132518666e+00
9.505728493615319685e-01
9.535237115135277719e-01
9.684522992618008752e-01
9.386081280528306703e-01
9.781011546117809319e-01
9.341755003008829217e-01
9.765415449058718611e-01
9.549328350743327976e-01
1.030580101296064255e+00
9.784881034627836982e-01
9.850756934423964273e-01
1.000131302214616769e+00
9.841959122505035129e-01
9.783671728769176568e-01
1.023923222368226416e+00
9.721612060182672765e-01
1.032622167026138404e+00
1.020613066100227506e+00
1.023038414746401115e+00
9.855368612200994249e-01
9.955585882671885711e-01
9.920469214094194133e-01
1.006432695241719522e+00
9.687477206403517505e-01
9.557321097681383826e-01
1.051161264883114566e+00
9.512582146401532546e-01
1.008693813307208975e+00
9.643301219572056882e-01
9.842370757309670815e-01
1.001102416872990952e+00
1.020732421149042946e+00
9.905834929361300167e-01
9.950476157495400376e-01
1.020193262569241144e+00
9.882029422028908439e-01
9.897736653572705157e-01
9.899136245280193425e-01
1.006958642600271459e+00
1.017561063538191091e+00
1.011288747044784442e+00
9.659949750815246539e-01
9.932935470292520996e-01
1.029406728476895960e+00
9.672342003388887388e-01
9.914830752607848297e-01
9.867620182655474359e-01
1.008036922699559801e+00
9.876150170766180292e-01
1.022988293750273892e+00
1.010760346933177178e+00
1.052550973728566541e+00
1.004677101710141462e+00
9.698428834494063899e-01
1.031362271209980364e+00
1.020611524075513810e+00
1.025178189866602807e+00
9.808010695605635654e-01
1.016418380015938983e+00
9.953314430577853145e-01
1.007097361551930970e+00
1.035086036665917586e+00
1.012178672229167242e+00
1.078185013873532716e+00
1.043004642129872650e+00
9.913123555670517728e-01
9.848647471012828003e-01
1.011069057164334373e+00
9.778164998502335559e-01
1.015299416778348229e+00
1.008203232076020361e+00
1.036497186857330721e+00
1.004199729974811106e+00
1.002209475385657855e+00
1.010229096216476607e+00
1.043116992118030995e+00
9.987686840509352182e-01
9.868945352444244978e-01
1.074451940119591553e+00
9.762772756466330248e-01
1.044903302713866999e+00
1.018342774396512329e+00
9.962112384841661505e-01
1.021589846405096980e+00
1.037720722588041156e+00
1.018136581235985050e+00
1.011304977834481367e+00
9.871199125270506691e-01
1.005527366459693761e+00
9.588571992811588673e-01
1.022970664546661856e+00
1.000808606238040577e+00
1.004755334167335867e+00
1.018088292194521349e+00
1.002587091333236424e+00
9.684633899758291475e-01
9.975113184602407701e-01
9.874344141402049413e-01
9.855266115532007598e-01
9.980654908298961514e-01
1.028371675908542171e+00
1.017156560444805180e+00
1.016306168698208001e+00
1.025724838958921969e+00
9.901514015065987495e-01
9.559256499110950767e-01
9.936905904933048816e-01
1.018259023960962129e+00
9.915501239652371179e-01
9.706002715303907458e-01
1.024594037746619390e+00
1.045411504583275697e+00
9.662030522555470347e-01
1.014173024848477933e+00
9.906902329522666584e-01
1.022338920992616140e+00
9.594878971022489100e-01
9.899376333647059711e-01
9.607969322088415476e-01
9.350870657722661905e-01
9.826578172545649137e-01
9.753906519243387141e-01
9.665471923889333850e-01
9.491625370732171829e-01
9.409766773473916546e-01
9.589846689162567772e-01
9.470853527980459541e-01
9.776916584861805593e-01
9.097339431870807847e-01
1.002488412257774408e+00
9.821714773273201304e-01
9.976181443802145665e-01
9.591325341269349991e-01
9.948723887343347005e-01
9.825932136998666300e-01
9.522487293810201203e-01
9.525556349228438968e-01
9.425555014441514556e-01
9.541789389695619628e-01
1.010279021864471716e+00
9.930379421725993305e-01
9.601116964870667347e-01
9.573206760818294692e-01
9.747865972932320267e-01
9.825588379106711123e-01
9.892756141996088548e-01
9.698590920042703400e-01
9.515510957045121287e-01
9.782409067891573162e-01
9.416017799537669264e-01
9.949421211470594884e-01
1.004945753805332354e+00
9.685325417915761070e-01
9.721538630223708344e-01
9.718279169517141103e-01
9.617213091399149372e-01
1.001884445107064758e+00
9.844496957296865469e-01
9.918330703509135038e-01
9.870857947137172683e-01
1.007908611838368662e+00
1.025245053429997055e+00
9.979045354804959578e-01
9.592434077134599502e-01
9.856140708718539312e-01
9.856931713026100272e-01
9.748676149344290831e-01
1.021755803109266392e+00
1.008054448762282451e+00
1.016043693340519694e+00
1.003832729694245529e+00
9.977612917187571595e-01
9.949820141541293461e-01
1.021492788737016877e+00
1.014484292490270390e+00
1.007048581938422283e+00
9.941196007696013748e-01
1.011132665004651043e+00
9.799226426608546037e-01
1.012413934539347471e+00
9.786296601505219961e-01
1.005938291568545084e+00
9.918419800018046795e-01
1.001326666695910417e+00
9.895667541152742830e-01
9.895568881737500933e-01
9.886466458163953863e-01
9.953391038516825606e-01
1.008680276887224725e+00
9.641327659201829325e-01
1.017837625154565107e+00
9.774801271031986483e-01
1.013206836252828591e+00
9.814309207524196665e-01
9.757073849217349215e-01
1.011139289110167594e+00
1.030231542611026008e+00
1.001782797332947395e+00
1.003429929297724454e+00
1.012855801363157227e+00
1.011867107567261392e+00
9.854789126019850576e-01
1.019340988478561583e+00
9.695137674094813640e-01
1.054054456041639609e+00
9.775578431073201902e-01
1.008093782742562450e+00
1.019821702591462431e+00
1.008665284791071759e+00
9.975643908968354623e-01
1.030233203075736181e+00
1.020384558868891345e+00
1.056576960991218117e+00
1.027520990092979813e+00
9.586863473053434115e-01
9.943305127615675865e-01
9.673104088926848254e-01
1.007277778599454443e+00
9.647186946142228825e-01
9.851841866973921613e-01
9.805647975519998782e-01
1.012718008604002629e+00
1.036554613548952286e+00
9.818611525978905297e-01
9.894402702214294409e-01
1.014758265978860541e+00
9.960062320290351545e-01
1.005892339039716088e+00
1.019733990215298647e+00
1.041500079400050183e+00
1.018869262349442639e+00
9.868017992969613239e-01
9.723586032681373892e-01
1.018157354693739469e+00
1.023443637892416991e+00
9.763193224793196290e-01
9.958207505914168367e-01
1.048916341856122703e+00
9.837084161013813777e-01
1.052930877193296144e+00
1.002035742781726135e+00
1.021596720789590851e+00
9.729668376307699651e-01
9.982842222424049838e-01
1.021545755842858227e+00
1.014739552670464562e+00
9.960925411133361163e-01
1.000074318308001198e+00
9.834568664578384745e-01
1.000746847541477358e+00
1.010743487983796873e+00
1.015014219038191001e+00
1.000776368275943184e+00
1.011441103357727744e+00
1.013041236114799792e+00
1.006767773184821024e+00
1.030773404011142702e+00
9.883444859606742572e-01
1.005581340530455003e+00
9.845485795225363823e-01
9.902404424749426948e-01
1.006597780815658538e+00
9.893886335681310040e-01
9.997887173375828995e-01
9.643689997030028271e-01
9.926693003871752685e-01
9.840308474402110761e-01
9.667096959634611242e-01
1.026327420501453869e+00
9.710090781157002526e-01
1.007230019006439825e+00
9.957675255051001706e-01
9.883069890555327142e-01
9.887584707399000861e-01
9.931344756363581494e-01
9.347646882276541280e-01
9.819055552166581213e-01
9.671069475824153328e-01
9.647596017759449971e-01
9.814786292276780344e-01
9.692442541375936305e-01
1.001670732404439601e+00
9.946964472966126625e-01
9.961414547798049801e-01
1.004550228971014647e+00
9.913494408762622001e-01
1.000070574518095112e+00
1.010824004808961618e+00
1.010126679864369992e+00
9.860027528088769477e-01
9.836438956750388485e-01
9.860936710351976275e-01
9.902392058821840592e-01
9.991394777549447159e-01
9.909733725674383376e-01
9.933713165645219334e-01
9.788146979671199510e-01
1.006912808032667028e+00
9.866550182272186831e-01
9.597622083238859236e-01
9.585000958226224110e-01
9.860355107263116814e-01
9.786995491078400722e-01
9.793931778171153235e-01
9.923817088027909739e-01
9.466000321223267955e-01
9.622463661621802888e-01
9.821082900217016354e-01
9.389692042023486396e-01
9.394014013375342476e-01
9.526135722492026225e-01
9.333841394685404858e-01
9.419757211305709310e-01
9.235064217394626240e-01
9.298026272813426640e-01
9.114422699446383946e-01
9.164392535620151659e-01
8.936747791495026627e-01
8.822749529217333020e-01
9.242146603977190455e-01
9.115110440731979402e-01
8.780935318706316606e-01
9.002992935971704247e-01
9.322606575960724618e-01
9.069518602639322635e-01
8.798571753843189569e-01
8.522526235331241429e-01
8.745674321000564966e-01
8.643907400892011372e-01
8.608463930324424807e-01
8.729661386132353540e-01
8.666032860902072033e-01
8.583976854240719101e-01
8.231815618033718751e-01
8.675249301735655783e-01
8.565812239123835603e-01
8.392010229478354955e-01
8.369921712130309333e-01
8.599947264491571985e-01
8.497712566050996674e-01
8.108302238836607723e-01
8.444148881109490024e-01
8.620072095581570171e-01
8.421371915975387479e-01
8.047670749029490755e-01
8.138523442638472272e-01
8.259135372015501408e-01
8.529783064757862077e-01
8.261269934741541920e-01
8.059902001759943202e-01
8.182524930497427906e-01
8.062786934588773713e-01
8.137162099238308688e-01
7.902115289758894212e-01
7.854902708936628564e-01
8.020903117923219305e-01
7.970645417787735054e-01
7.917645095415146717e-01
7.923640474917217347e-01
8.284427422142920383e-01
7.818451246578989045e-01
7.862522921130896680e-01
7.591757585009705211e-01
7.563426957163407183e-01
7.195857356563886142e-01
7.524447841598784770e-01
7.718746912734681942e-01
7.335907416058344843e-01
7.587233948047606980e-01
7.605074921254938447e-01
7.345158023148066206e-01
7.703306833994146841e-01
7.843275546919362684e-01
7.598700401186495590e-01
7.567993279911218174e-01
7.452457166414717671e-01
7.379784549110400826e-01
7.406081938213491256e-01
7.691054702256285847e-01
7.637933985689996375e-01
7.758684868494758469e-01
7.286372565108087951e-01
6.983412210141664023e-01
6.896022597115903929e-01
7.306060261220721497e-01
7.124108283380442552e-01
7.189005565313364432e-01
7.126690780175281015e-01
6.976525026120875550e-01
7.044020318087722554e-01
7.083797149668384918e-01
7.013965868521140345e-01
6.810659810492525335e-01
7.041305452230676165e-01
6.882263929955455550e-01
6.894759748387869758e-01
6.847642262531802304e-01
6.911443457524868439e-01
6.678496218515739269e-01
6.618641843784107692e-01
6.596597771595110737e-01
6.336284885416769708e-01
6.421796294759406498e-01
6.741609469732184889e-01
6.466622772721392076e-01
6.269789159765635222e-01
6.585215623270561647e-01
6.386285921660110887e-01
6.375536367428724649e-01
6.472785352545936677e-01
6.196459426664161496e-01
6.259557925890643082e-01
6.366866389919025870e-01
6.123783175448676008e-01
6.129267165016106800e-01
6.191927316947286597e-01
6.031130690549570961e-01
6.179170175463026826e-01
5.995780701525730283e-01
6.125200976943218079e-01
5.968392632594948788e-01
6.192338474155821837e-01
5.928364237361215539e-01
5.982630285345915677e-01
5.916692492263776471e-01
6.212721910466895148e-01
6.032166522045245838e-01
5.819362181029856806e-01
5.954243613647094424e-01
5.820763870903680193e-01
5.771018137034011897e-01
5.716431791548082231e-01
5.765003107587667319e-01
5.773271864403044518e-01
5.628955413181335743e-01
5.575055140297153766e-01
5.591095777181385174e-01
5.696533946236626011e-01
5.553497231140402945e-01
5.388751822891778565e-01
5.481573474897238896e-01
5.332410011050334742e-01
5.587327401533553894e-01
5.504824223811719541e-01
5.258468971125501712e-01
5.289428547534827940e-01
5.400788522641409850e-01
5.231598919851523366e-01
5.167597894952346005e-01
5.217855296251917574e-01
5.311476814070129615e-01
5.194515534829564629e-01
5.102124481324801231e-01
5.202603717428615493e-01
5.180190653813769863e-01
