4.750358894753360003e+07
0.000000000000000000e+00
0.000000000000000000e+00
0.000000000000000000e+00
0.000000000000000000e+00
0.000000000000000000e+00
0.000000000000000000e+00
0.000000000000000000e+00
0.000000000000000000e+00
0.000000000000000000e+00
0.000000000000000000e+00
0.000000000000000000e+00
0.000000000000000000e+00
0.000000000000000000e+00
0.000000000000000000e+00
0.000000000000000000e+00
0.000000000000000000e+00
0.000000000000000000e+00
0.000000000000000000e+00
0.000000000000000000e+00
0.000000000000000000e+00
0.000000000000000000e+00
0.000000000000000000e+00
0.000000000000000000e+00
0.000000000000000000e+00
0.000000000000000000e+00
0.000000000000000000e+00
0.000000000000000000e+00
0.000000000000000000e+00
6.063333349866950606e-01
1.134458142350593945e+00
7.976837441973076981e-01
7.493545302856989831e-01
4.701919624740880099e-01
4.433313743069888235e-01
4.187083675351113143e-01
3.960811452715198855e-01
5.628595654125114756e-01
7.120019508208922376e-01
1.691023646283119353e-01
4.825654351707749923e-01
1.531968586849480063e-01
1.460727382958345588e-01
5.577369517880100824e-01
1.332382038083032572e-01
1.274461711198077996e-01
1.220237658124136565e-01
2.338803867115167023e-01
3.365034017961431312e-01
0.000000000000000000e+00
3.103783174062713091e-01
9.948073002703636258e-02
0.000000000000000000e+00
1.843643108944047482e-01
2.664913597211741592e-01
8.565828036198787354e-02
5.785712834682985584e-01
2.394096689661641686e-01
3.854914623673543761e-01
2.235857740773378177e-01
2.883410140515894615e-01
2.092803830506198837e-01
0.000000000000000000e+00
3.926104830082474684e-01
1.268437094503848672e-01
1.845003889733027314e-01
5.966444326713915558e-01
3.474584104872863177e-01
2.811565563774721110e-01
4.369985060106946761e-01
3.716033251811360905e-01
5.161166908946498433e-01
6.525706255771902553e-01
6.837757983310831511e-01
3.327714360564444918e-01
4.628782929800214774e-01
4.057705484664853035e-01
5.271556704534989812e-01
2.997228961852029805e-01
3.339773931016865594e-01
3.664478946261093828e-01
2.780637919293352245e-01
3.488962985173708065e-01
3.405896409344590925e-01
4.064819502860027023e-01
2.165614432971926795e-01
3.173748616486042895e-01
1.378498269537429821e-01
3.705685771407561391e-01
2.305762216210708870e-01
4.188020916823316786e-01
3.781828254131296418e-01
2.775376336992518289e-01
2.112699577449166366e-01
3.545525745922694649e-01
6.654021374576234438e-01
4.250106501190888397e-01
3.885814496844809951e-01
2.991462485682646055e-01
3.464659841327425438e-01
3.396054979943483598e-01
2.305016183850286948e-01
3.515960012548578484e-01
2.709415893542134746e-01
2.416190497314286423e-01
4.267086052784390127e-01
3.489441482462998789e-01
4.338110475548034306e-01
4.258514372024053141e-01
3.300859729331120374e-01
2.377016695442762673e-01
3.395739791726451462e-01
3.752594758580004575e-01
3.686761466311017088e-01
4.226419756763824531e-01
2.966823050992434818e-01
3.888145830120752766e-01
4.586695973297962303e-01
2.442705674443173547e-01
3.510607877425262480e-01
5.088016511811785936e-01
4.110928236949458747e-01
5.099064149787547739e-01
6.400774143088472368e-01
5.106781588515021397e-01
5.695819715996393029e-01
5.441237646849205190e-01
3.408503669406354741e-01
3.675246357869478286e-01
4.720050300084208672e-01
3.253592911731584270e-01
3.204296999696875647e-01
4.959606138569076506e-01
5.033631537220077945e-01
3.062949189314282394e-01
4.023875515532269187e-01
3.398686164159721579e-01
4.465907615156096133e-01
3.713893088827955324e-01
3.525251775312727154e-01
4.009902748139045903e-01
3.426302693567711000e-01
3.248445348844866687e-01
3.075195631351967385e-01
4.549169725532029585e-01
3.739044427698129391e-01
2.704660834353619925e-01
4.244723514820220034e-01
2.991248729632254300e-01
3.069420648380060124e-01
3.145257694261792691e-01
2.529081969030487764e-01
3.517122681073079349e-01
3.919374978267456400e-01
3.868803104115298708e-01
5.456005354386638251e-01
3.124171767482142315e-01
3.722824266501729151e-01
3.150854493976721349e-01
2.904038040264604881e-01
3.482527107575479897e-01
3.641858994939771721e-01
3.697095677366480371e-01
2.862385986499320634e-01
3.705250048084473558e-01
2.504627227300845749e-01
3.616769922608067955e-01
3.385623457294773542e-01
5.111268216230099304e-01
4.959297503980277244e-01
4.356706390662405948e-01
3.947210289142348283e-01
4.610956186235745657e-01
4.032039129409182854e-01
3.552702753317415474e-01
4.540331051366597315e-01
4.997220321718242042e-01
4.689831404713009078e-01
4.885865437840141712e-01
4.995360931330509180e-01
3.968328569631063840e-01
4.645588127926270072e-01
3.723386336410561270e-01
3.604555249706140607e-01
3.875638550470150712e-01
3.910644729788635976e-01
2.882650235785949033e-01
4.052819417701535865e-01
4.752512998002592637e-01
3.526865257317370328e-01
3.708056012168749471e-01
3.813330026062455858e-01
4.485854387102747309e-01
4.721488806011441275e-01
5.579777559983637447e-01
4.004060124354114625e-01
4.305083404782842904e-01
3.788087187055771410e-01
3.816980857566134588e-01
3.911401241252766003e-01
4.528835055176563817e-01
4.483995472258056614e-01
4.568508928424345195e-01
3.568004495778777652e-01
3.470102205895301828e-01
3.561372601292266404e-01
4.145728994761331831e-01
4.105866524575033094e-01
3.581014895349801108e-01
3.787378742166668810e-01
4.346952653950812984e-01
4.954784844766438878e-01
3.505900990596189648e-01
3.762563783749028890e-01
3.784910573889765373e-01
4.147578349583724844e-01
3.377549665368197451e-01
3.681219508484244174e-01
4.200268163873500660e-01
3.943027110329149765e-01
3.636000528673444809e-01
5.055297537796229479e-01
5.223148590070259001e-01
4.701119535653037751e-01
4.397571853447392876e-01
3.424657927018501247e-01
3.754506053930862786e-01
4.027454632746056973e-01
4.396562158863188685e-01
4.859289060637508317e-01
4.469583301081014315e-01
5.711134526935741640e-01
4.539452034651390022e-01
3.823135799836455129e-01
6.045764969113617271e-01
4.947866015819879504e-01
5.000460431084361446e-01
5.660106041747033911e-01
4.777788146816969728e-01
5.565968841873473183e-01
5.109216458435188457e-01
5.564642747803278944e-01
5.249631601615429854e-01
6.096619525236252057e-01
7.062016327109793545e-01
6.566814260402759063e-01
4.906943615136508674e-01
6.030372023329292341e-01
6.323760450947555345e-01
5.679762604889169175e-01
5.550408671662770965e-01
6.632658549787092683e-01
5.586984968363457593e-01
6.364177365065797343e-01
6.029102263182294363e-01
6.790378539867609753e-01
6.897952904235060689e-01
6.645513208582350950e-01
7.028545049852195081e-01
6.974479586323769631e-01
6.648860005064093359e-01
6.289422293209243620e-01
8.309361627864451094e-01
6.954347633187043520e-01
7.429873559710263864e-01
7.261715542654690880e-01
7.021565231028216170e-01
6.932291841818192246e-01
6.807551399430754602e-01
6.103209970243099747e-01
7.284225852129501133e-01
6.586348872591020198e-01
6.289365480926548679e-01
7.266397339565145996e-01
7.073482094866616610e-01
6.466009345654039064e-01
8.041410697569664201e-01
8.634578910995841516e-01
8.878849788057149306e-01
8.241244626594143030e-01
8.618545904654760781e-01
8.390934918790695640e-01
7.835704602038698896e-01
6.336038379013150257e-01
7.139144842196810670e-01
6.830253980971552341e-01
7.972032384907726810e-01
7.246307978952957196e-01
6.625540045913866916e-01
7.776182638569234529e-01
7.066149209604227766e-01
7.141959101581434322e-01
8.326810233522204951e-01
8.453946940363219476e-01
8.092406459389057671e-01
7.342736706017662929e-01
6.993155428940526219e-01
7.631900211255596700e-01
6.514793744328898351e-01
8.383355250079036480e-01
7.801695123912958385e-01
7.488791543923520866e-01
7.352856561855855011e-01
7.504997891422074963e-01
7.171213022095931366e-01
7.463596921681068252e-01
7.274539193395637149e-01
7.673776352964267744e-01
8.150864629237245529e-01
6.858746151750194642e-01
6.951478744725682057e-01
7.505155140579939932e-01
6.835765787942168492e-01
7.194927173928350461e-01
7.095892674088283281e-01
7.236534272179474536e-01
6.690414015898856759e-01
7.407398072790244425e-01
7.152873272069262267e-01
6.978928542644208255e-01
7.449183023136969339e-01
7.326333075969096997e-01
7.915199672886755744e-01
6.530071179356177202e-01
7.041150722531838158e-01
7.969199845967017692e-01
6.856147075096949983e-01
7.576957258099611403e-01
7.995465183337706616e-01
7.606769094143495114e-01
7.826522141265624954e-01
6.963020439984952681e-01
7.708785522026683212e-01
7.591455373892068703e-01
7.498970053605945596e-01
7.219920457417804416e-01
7.480000771065827836e-01
7.435740540996252923e-01
7.645176017534219826e-01
8.264077810691569104e-01
8.534219133100533483e-01
7.647192820783215161e-01
7.287702189973984668e-01
8.385800865858897835e-01
7.247795142609997354e-01
8.333203940875333338e-01
8.109361367746800164e-01
7.975354822553851752e-01
7.560324702178047307e-01
7.603526676866352307e-01
6.851432932083263427e-01
7.154197453614002944e-01
7.432186128374040912e-01
7.749148889100613280e-01
7.789475390217053263e-01
6.910596951559533352e-01
8.138301606953994849e-01
6.916071883667991305e-01
7.082842106421780581e-01
6.920997553181963413e-01
7.430830171000486484e-01
7.551301123095097712e-01
7.188425835370669814e-01
7.168898165430414027e-01
7.149476286552891580e-01
6.873394600685482914e-01
7.484172955164607455e-01
7.502108424604346792e-01
7.189414779560153734e-01
7.595047018813469997e-01
8.015422764328380412e-01
6.920822948545308773e-01
7.663361240845100175e-01
8.586999707211998567e-01
7.694607524390070230e-01
7.747244613927790624e-01
7.445550985170462654e-01
7.369125844521281499e-01
7.532833265070471018e-01
7.309979363127264707e-01
7.490301799441836383e-01
7.378569000813782752e-01
7.195762757165071744e-01
7.176225474767669033e-01
7.317420127081079029e-01
7.510319726824997710e-01
7.930748343791055310e-01
7.889868288439100263e-01
8.198938402396127589e-01
7.878619133343860437e-01
8.616960377267610660e-01
8.745144911196574000e-01
8.923294638063193895e-01
8.946160043079958157e-01
8.324426277078504910e-01
8.063094625345299526e-01
8.425276658748159786e-01
8.633424889774459210e-01
7.692919335065222519e-01
7.819777816969297746e-01
8.389420763897524891e-01
7.742066261536548755e-01
7.459342563189823583e-01
7.665507401247191321e-01
7.966301568052809312e-01
7.766592005760680761e-01
7.728427011467425833e-01
8.357903779681198353e-01
8.095667994464346151e-01
8.087646451020314986e-01
8.737249312196578854e-01
8.523431995609280776e-01
8.823303433930499429e-01
8.286862125308867011e-01
8.369784743441910368e-01
9.246559651745920316e-01
8.563380501569936021e-01
8.870569761885466198e-01
8.557053975008067637e-01
8.651247647220227099e-01
8.117714287023480857e-01
8.673303675208867691e-01
7.848884869559291655e-01
7.885419918155091024e-01
7.950808741974789706e-01
7.986349219944001154e-01
7.861910283416404521e-01
7.594171051108083992e-01
7.774321248107877169e-01
8.210175238757573268e-01
7.488697781115595253e-01
7.779964529241345517e-01
7.870980724245482119e-01
8.087441536012038856e-01
7.854591970276180168e-01
7.275992560305545309e-01
7.879717494344855577e-01
7.802381731622175520e-01
8.055004448325738808e-01
7.526632642358405123e-01
8.022820334721465496e-01
7.458595663275032761e-01
7.168890788601949282e-01
8.075624666487744019e-01
7.545218154070835181e-01
7.444910734636763783e-01
8.404225258263873233e-01
7.312633203410358051e-01
7.555522021341679606e-01
8.122652623013278950e-01
7.917618839658785435e-01
8.037907060836948503e-01
8.118396766885602744e-01
7.787552711432604857e-01
8.468619984654739419e-01
7.948224900283248351e-01
8.065378661428852514e-01
8.244464372182042089e-01
8.497220407832067890e-01
8.010394290952176366e-01
8.249377078709201339e-01
8.151722366439587697e-01
8.178185404064405306e-01
7.921859510473854282e-01
7.447538469606131972e-01
8.340999608430766932e-01
8.584141387574666382e-01
7.931750424652145304e-01
8.655261786730051865e-01
7.984018663589345088e-01
7.902439440561522810e-01
8.699764261823735856e-01
8.166600793082013920e-01
8.802956113766605695e-01
9.094026050864826294e-01
9.370902292147443857e-01
8.924878605926566122e-01
8.968542260367777796e-01
8.504707595178889745e-01
9.203733922297193670e-01
8.719762659350941414e-01
9.343669859048442383e-01
8.704292890910536595e-01
9.526127763741757404e-01
9.003510307544753122e-01
9.056011525155855946e-01
9.108005440909505701e-01
8.748707405710637319e-01
9.752284545175349262e-01
8.600279340379561877e-01
8.960060655390061912e-01
9.393302836687620339e-01
9.322561778544289357e-01
9.263150476856945037e-01
9.484691338870178123e-01
9.081055101440836941e-01
8.787626131017178821e-01
9.114794158068851848e-01
8.855287110653123905e-01
8.597783052458192188e-01
8.879455467385863887e-01
8.875552789120199071e-01
9.070150986842396845e-01
9.075790437750320683e-01
8.407472158965523246e-01
8.601409156007666645e-01
9.174298804382333694e-01
8.943532241934202265e-01
8.551238731076791222e-01
9.005592113459295334e-01
8.686858014736472677e-01
8.693264995627126845e-01
9.141565640664464087e-01
8.905863624466555661e-01
8.861310062011795718e-01
8.717743915783486841e-01
9.950027024767102990e-01
9.271197804190104419e-01
9.471019357271547312e-01
9.649681558004358228e-01
9.476289195309119950e-01
9.575808692017020451e-01
9.104272489811512381e-01
9.695339770955263559e-01
9.274754535058877813e-01
9.210824958234643534e-01
8.880794672409584312e-01
8.960945118226903983e-01
9.059319183940158782e-01
9.919176540809767628e-01
9.216153079389306502e-01
9.246887964356456102e-01
9.109832817227107027e-01
9.298203037845759189e-01
9.660580098860296339e-01
9.569325552676615221e-01
1.041371816908802206e+00
9.690035953099483956e-01
9.726872699993495130e-01
9.382625764119665313e-01
9.275684966281865229e-01
9.493415327738654597e-01
8.875700796299970108e-01
9.593390635484141393e-01
9.905270522749042295e-01
9.008887081332235258e-01
9.514858115403679317e-01
9.832226448123390083e-01
9.182487895610725870e-01
9.664662231653530222e-01
9.464155013995215748e-01
9.525291047907642472e-01
9.378472771793101570e-01
9.224039822255104548e-01
9.671364784960178040e-01
9.893095059315984985e-01
9.090777579645155093e-01
9.890155784913764458e-01
9.812475496967800748e-01
1.051916712216764527e+00
1.000293575224100451e+00
1.051131546692366303e+00
9.890234479362349784e-01
9.738828632287284126e-01
1.009352275618238703e+00
9.628809428457867359e-01
1.003060102773296824e+00
9.413589402889291913e-01
9.364173135732487552e-01
9.428941353706039585e-01
9.606695132047502472e-01
1.001742666732421405e+00
9.773152178638634391e-01
9.674920838740186380e-01
9.665252230311791592e-01
9.137759418945826662e-01
9.828539321278370045e-01
9.913204202397487563e-01
9.981456948472047230e-01
9.994180526547931098e-01
1.031212779324054640e+00
1.003479466840965229e+00
9.642658495845249922e-01
1.009786721759195594e+00
9.769862590031291871e-01
9.467128544890286435e-01
9.465555114072217169e-01
9.379847616378625963e-01
9.721307986654157407e-01
9.832616762748430661e-01
9.564763437615014796e-01
1.027905811461429231e+00
9.613041097177249528e-01
9.835359611965606152e-01
1.020544064586079047e+00
9.873573333648925088e-01
1.032250981561010805e+00
9.711504406890119068e-01
9.841133303154617762e-01
9.595424198775708291e-01
9.629346896277289902e-01
9.998461033135054299e-01
1.024150680451455520e+00
1.001923582566862203e+00
1.003665873972536593e+00
1.001073127096874238e+00
9.862977816895351912e-01
9.630348423840969785e-01
1.016880167402387736e+00
1.014966664229969728e+00
9.939458874054767357e-01
1.043619586870298432e+00
9.705856607144477399e-01
9.842489144731034756e-01
9.726630812579707408e-01
9.458246466756645709e-01
9.781642879159717641e-01
9.874543362890463305e-01
1.022889487932591157e+00
9.735261117744175019e-01
9.347549456499942844e-01
9.775170498018416199e-01
9.948061878159593086e-01
9.658261465852705507e-01
9.397326895430558880e-01
9.542645406799707963e-01
9.559263223651937036e-01
9.575726724827885450e-01
9.718951270217763838e-01
9.987729363522094284e-01
9.849874454330368456e-01
9.633445425725716271e-01
9.767894838394522994e-01
9.783103982183509739e-01
9.699859409284872225e-01
9.780423667351246797e-01
1.008187057678485266e+00
9.576319340635411903e-01
1.076957331096123349e+00
9.729426069751366812e-01
1.041299258993584553e+00
9.521384669324484129e-01
9.888058542160828024e-01
9.882837964863911973e-01
1.007451898105238497e+00
9.980003648514693682e-01
9.671385337275579808e-01
9.628948545420896732e-01
9.881607012837326787e-01
9.738616925439449457e-01
9.976825179706215740e-01
9.933788668711829306e-01
9.574904118355386240e-01
9.619763850715761233e-01
9.953802907464803784e-01
9.923455970922386848e-01
9.397360812655687345e-01
9.673969982612017349e-01
9.626355677262374844e-01
9.227129121795003552e-01
9.707253627340504121e-01
9.659837017017072203e-01
9.492428821751707213e-01
9.889380217881822421e-01
9.985124041989991150e-01
1.000875704840529234e+00
9.925288238598831692e-01
9.735679285959786267e-01
9.682957169200120395e-01
1.007200268953903244e+00
9.777873608672438266e-01
9.608334311923183435e-01
1.001734669551629375e+00
9.609522988190521975e-01
9.563651346502805017e-01
8.997583248839748915e-01
9.680149891492109138e-01
9.829795875662825644e-01
9.818036613170332272e-01
9.777730797069138502e-01
1.049543288008243591e+00
9.998801265834826868e-01
1.050198533869839634e+00
1.045998192432983753e+00
1.033370723540764091e+00
1.036534515912077570e+00
1.031837345303066034e+00
1.045026803858583264e+00
1.033644040813273213e+00
1.021767861452311577e+00
1.075257364716692754e+00
9.838614983407745207e-01
9.821224905470062883e-01
1.035251720804362563e+00
9.912442592325952928e-01
1.046215924908770134e+00
9.719620388201603012e-01
1.007141455170092792e+00
1.016698121544261202e+00
1.018646537409958475e+00
9.931563172772488457e-01
1.023033871761272140e+00
1.036697725157115890e+00
1.023622960931337422e+00
1.031351558248131628e+00
1.063417705211967990e+00
1.028163702380704869e+00
1.004174263177805893e+00
1.059687504923215506e+00
1.033639520903955500e+00
1.012438033171799479e+00
1.023666922086822861e+00
1.031190554074968402e+00
1.014308036873488250e+00
1.050234385756858790e+00
1.042662136755004409e+00
1.026390613923395589e+00
1.008668085699422123e+00
1.010462315028527902e+00
1.006636098744213337e+00
1.034848562233074531e+00
1.007145446850415738e+00
9.922282650490552580e-01
1.020235509315408962e+00
1.040041596023053128e+00
1.031662239815079429e+00
9.973294906527835346e-01
9.761435539801944783e-01
1.015228086993145151e+00
9.658403812259005461e-01
1.016104523628106104e+00
1.009876556976666118e+00
1.034167806573500048e+00
1.063717527327969314e+00
1.000176651448977605e+00
1.041356723285189245e+00
1.020532833401085471e+00
9.988477547977701043e-01
1.022753523305951706e+00
1.017094370764569877e+00
9.965451368929473253e-01
1.016893911633615977e+00
1.016071054516999750e+00
1.034341541063321213e+00
1.031088753329615582e+00
9.756263750047752259e-01
9.891127904904390977e-01
9.845792244565330087e-01
9.965499148502052762e-01
9.755740163629892381e-01
9.903086957169622284e-01
9.816012108561585903e-01
9.831877295977387021e-01
9.466545332036881977e-01
9.858617230425168465e-01
9.698477220337995419e-01
9.981758072979757257e-01
9.748495386128636087e-01
9.640255525570974315e-01
9.843594497331377147e-01
9.680860168759120032e-01
9.928461029026969253e-01
9.652833130994220578e-01
9.899145442385228755e-01
1.012607871691693306e+00
9.888011228512588735e-01
9.889173618665846321e-01
1.031582996761575721e+00
1.009242412208703588e+00
9.772110949862259366e-01
9.564537778327086848e-01
9.987489530979106744e-01
9.886483123447595833e-01
9.790375405476356985e-01
9.716724254742684641e-01
9.862788256513546070e-01
9.649230493396399044e-01
9.903773685658560089e-01
9.813042621754256567e-01
9.627210359348801205e-01
9.697846067471928011e-01
1.001002303299634022e+00
9.928434846464242458e-01
9.860124984102212053e-01
1.002364366062633350e+00
1.001524367440940644e+00
1.001538496573789239e+00
1.007505862112122452e+00
1.019381192184015017e+00
9.837819814472232860e-01
1.017607509194113469e+00
9.960848067627321445e-01
1.012057686279540514e+00
1.021661078271223655e+00
9.747825646847075864e-01
1.012777761605933691e+00
9.956795691588854469e-01
1.015586782565635282e+00
9.753865256247787885e-01
1.008035283810809535e+00
9.981066599696080122e-01
1.013689884200497326e+00
9.923184528177023678e-01
9.882152355718453185e-01
1.021635512623312758e+00
9.625741170182725570e-01
1.006027723024510934e+00
1.006370122350515484e+00
1.032137818124855277e+00
9.639565343643071715e-01
1.014598742523682873e+00
9.936687789494661471e-01
9.788340264112472822e-01
9.708471572422164853e-01
1.020169192941094760e+00
9.831513589143756615e-01
9.902433621317433543e-01
1.019802086805118302e+00
1.053151979468047950e+00
1.000686503127570681e+00
1.008438989705196409e+00
9.915191968240637532e-01
9.957401408958023170e-01
9.847635193549514332e-01
9.781067016438940165e-01
9.834823613048684354e-01
9.621771206282606625e-01
9.509904694372307565e-01
9.863672424327338817e-01
9.414250066807969830e-01
9.938638350000815747e-01
9.853686603922428011e-01
9.628250031425396038e-01
1.002294152785948800e+00
9.358608639494042647e-01
9.683965466834638658e-01
1.026038522050614299e+00
9.675387068637658627e-01
1.011017034427473593e+00
9.842744251313857440e-01
9.961267341079951265e-01
9.598527951590822838e-01
9.490257835637099237e-01
9.905370631456045238e-01
9.796832643305952715e-01
1.022396988379470795e+00
9.687995750911003734e-01
9.646778895254762842e-01
9.451803093445193538e-01
9.403969559672175071e-01
9.556957888648432986e-01
9.516328069549472302e-01
9.635608817360412637e-01
9.334141600835912378e-01
9.380966205008258729e-01
9.261708201439623478e-01
8.952352610945636391e-01
9.412327954146049169e-01
8.978710131413372153e-01
9.175703261144302347e-01
8.922767840088264846e-01
9.481552854067226699e-01
9.441844898092103255e-01
8.931649772495905415e-01
8.805083371429579531e-01
8.809404785767286361e-01
8.901538498163329427e-01
8.968681307377757150e-01
9.273359601760671200e-01
9.136870901495250941e-01
9.028840584343346132e-01
9.025502340350916031e-01
9.018689610390651090e-01
8.814771044103697495e-01
8.718718059275463172e-01
8.578330153856648099e-01
9.043031384725100930e-01
8.621511393473255680e-01
8.536936101470498084e-01
8.459545164665627226e-01
8.283786049520645012e-01
8.373662628946981767e-01
8.364860107836625813e-01
8.369597120450551486e-01
8.408017844241685301e-01
8.809667797534959099e-01
8.501063150951209124e-01
8.585763150929220933e-01
7.938085472218332495e-01
8.273740218488476739e-01
8.095455366002393127e-01
8.379414558193567508e-01
7.916778112332485406e-01
8.094065100112114441e-01
7.845141369198481707e-01
7.926338978392671875e-01
7.757649536022674930e-01
7.982770371045899704e-01
7.942132584963084163e-01
7.872305740177116817e-01
7.672614686678767004e-01
7.571189327212003439e-01
7.573857124553020626e-01
7.721947748445473492e-01
7.562976089885621311e-01
7.675001992640386739e-01
7.468632952208488218e-01
7.138203782628659289e-01
7.653169039133802531e-01
7.572553164067282738e-01
7.555928465672662186e-01
7.244008691244390175e-01
7.329543218880675282e-01
7.477924315040687109e-01
7.347999068901055475e-01
7.256400694799437501e-01
7.121206923587921622e-01
7.184052400600222654e-01
7.243479875156226822e-01
7.137230482014828015e-01
7.208923782977098016e-01
6.966456882825606822e-01
6.991668376541123608e-01
6.979628708171753404e-01
6.887359681419771285e-01
7.309908094999004735e-01
6.959092353430037514e-01
6.965564571652320680e-01
6.987295659567510642e-01
7.024187127944395703e-01
7.042619351346155465e-01
6.933238720642765918e-01
7.118645271069803382e-01
7.163959486311969327e-01
6.949223027766499028e-01
6.967538664934199710e-01
6.754104995035687953e-01
6.742706019037809639e-01
6.539615397014030274e-01
6.839580685328927601e-01
6.607286775118245137e-01
6.685534424265768827e-01
6.659473832059626952e-01
6.559407789440042658e-01
6.711160075136844982e-01
6.537590151006207329e-01
6.753514625260375048e-01
6.862707268404637517e-01
6.446441477495039596e-01
6.508964030727030226e-01
6.784408573579283619e-01
6.609863514997362799e-01
6.505834968587664857e-01
6.602479073510788554e-01
6.577067454367143684e-01
6.459266035026177688e-01
6.333290579329228231e-01
6.469724225722784938e-01
6.502183409858490748e-01
6.399791018594352954e-01
6.443672823432148311e-01
6.304696231565393161e-01
6.154890322896511279e-01
6.142120845484702052e-01
5.956372623049637216e-01
5.864786718469332527e-01
5.793339395805182646e-01
5.660161062246458208e-01
5.718803271034154090e-01
5.931586918064487568e-01
5.692455610671883770e-01
5.831707363325069338e-01
5.763922408460093738e-01
5.704756021924521914e-01
5.876431981684138162e-01
5.637023691744466047e-01
5.575676707073341509e-01
5.771381500853161040e-01
5.605267171138417215e-01
5.489321729248527459e-01
5.823944301776000643e-01
5.746347761440676605e-01
5.535118702804850965e-01
5.660260279376894132e-01
5.594321418512286925e-01
5.672627510164475195e-01
5.663844098675673289e-01
5.444033608546482439e-01
5.478929720356275901e-01
5.448997192908736631e-01
5.580539305799612215e-01
5.265996863693096497e-01
5.496463594566404209e-01
5.335705172303908395e-01
5.418354040654634884e-01
5.237075822120691448e-01
5.279712710702967327e-01
5.210792466451682481e-01
5.216239416204171420e-01
5.290325369116201104e-01
