0.000000000000000000e+00
0.000000000000000000e+00
0.000000000000000000e+00
0.000000000000000000e+00
0.000000000000000000e+00
4.349275652885320476e+00
0.000000000000000000e+00
2.341917659245941863e+00
0.000000000000000000e+00
1.460457876061123317e+00
2.391444618807035294e+00
2.990811721001742196e+00
8.438893057837183465e-01
7.235540848492952870e-01
2.508932389303103250e+00
1.097875407524449010e+00
4.844358438342269979e-01
1.722672837486677322e+00
1.156136565956860540e+00
6.937494906442835951e-01
6.277305066020041346e-01
8.560578610221309948e-01
7.816670528227068759e-01
1.910846514967116105e+00
8.790318365631624165e-01
6.085864957650906071e-01
1.127054820349021602e+00
6.977242563465216874e-01
1.136843902703301934e+00
1.212666669973390121e+00
5.672290711752969727e-01
1.196525616295961658e+00
8.742469519999821470e-01
7.052879437111320149e-01
8.866627486139776471e-01
5.233854594188891429e-01
2.970608589536398725e-01
6.566694929812634252e-01
7.120019508208922376e-01
9.300630054557156301e-01
9.651308703415499846e-01
6.893858640822659867e-01
9.494727989229246878e-01
1.045756784602518863e+00
7.994292228498194319e-01
1.465630967877789681e+00
9.761901264993092520e-01
8.770514501681876407e-01
4.486712023948574712e-01
1.399862086073550005e+00
5.690269152448307333e-01
9.948073002703636813e-01
5.743631651893570389e-01
6.452750881304166741e-01
1.021550212264501045e+00
1.070728504524848468e+00
8.265304049547123055e-01
9.576386758646566744e-01
1.117925240865327741e+00
1.043400279027576483e+00
7.568951618854223851e-01
1.604482936721419062e+00
1.080731350900423049e+00
9.160911270192441114e-01
8.879059661526941261e-01
1.383752917299770679e+00
8.651344273735177559e-01
9.265557612994301806e-01
1.180857536785382855e+00
6.828101656417103760e-01
1.141353070199203623e+00
1.083845050878764704e+00
1.129449159652829326e+00
1.050084261722734835e+00
9.032367550103493903e-01
9.257565859600429548e-01
1.172226028903179618e+00
1.054311340906997962e+00
1.177482806441868979e+00
1.148047288787047426e+00
9.161197365652734570e-01
8.937764740585774081e-01
1.279286427897026401e+00
9.650039826476340954e-01
1.200969398572280689e+00
1.010620068720232467e+00
1.040284268737091677e+00
1.137261072368379589e+00
1.027485600253914777e+00
1.004653537063237456e+00
9.825741381777781669e-01
1.150306093964935883e+00
1.125569292224743556e+00
9.808962323871128763e-01
1.447756346251767079e+00
1.446526385777442192e+00
1.558372383769992542e+00
1.457180436316803718e+00
1.318963005050984849e+00
9.461186489778738995e-01
1.345360242054534083e+00
1.344592773912667516e+00
1.155244004123104462e+00
1.256183732460444125e+00
1.244338106116857467e+00
9.956534123163577332e-01
1.349250706552359569e+00
1.164440180278683012e+00
1.389620479292059452e+00
8.912321269194025675e-01
1.242531454435989557e+00
1.262790735048274104e+00
1.104930678915223563e+00
1.505427598743665385e+00
1.418869489770712589e+00
1.335070372946595585e+00
1.147003019885622033e+00
1.165785226546565356e+00
1.249537902695931013e+00
9.607979454005981523e-01
1.072117764988911981e+00
9.830480566618271521e-01
1.063770279524643536e+00
1.020663984978972705e+00
1.123491949473304663e+00
1.214549792381583782e+00
1.145957625624302478e+00
1.209207254146540178e+00
1.310305223240422645e+00
1.242946579022174980e+00
1.154250818685728763e+00
1.152021064176733889e+00
1.300017972685530543e+00
1.243603085666136865e+00
1.130374105580270960e+00
1.214348146651702764e+00
1.090411811001243958e+00
1.172300748978475138e+00
1.162310985207267500e+00
1.199941469673755368e+00
1.096040084491339384e+00
1.120137419050982519e+00
1.123962090700323824e+00
1.204451622279520739e+00
1.017244896959245581e+00
1.221421179714722305e+00
1.204803462575703366e+00
1.018733643556852808e+00
1.082832040126876061e+00
9.975617107235195125e-01
1.124138398134307382e+00
1.230053503119373781e+00
1.248011273929157117e+00
1.052632137020402592e+00
1.133006623348051800e+00
1.085745065522941033e+00
1.109619627760898730e+00
1.138120561473385806e+00
1.024027710542434466e+00
1.260145078186248213e+00
9.474522277962702521e-01
1.067267011017072109e+00
1.219042358483001687e+00
1.149889542852313262e+00
9.848164601487680025e-01
9.585015735247467417e-01
1.146896778090189972e+00
1.189670464854968968e+00
9.386147087986181914e-01
1.134209706928822614e+00
1.134558955901668220e+00
1.072026430801160446e+00
1.121703764536195802e+00
1.126341365498000124e+00
9.704944106623183409e-01
1.015149489786682624e+00
1.147666701004782741e+00
1.021713270312476940e+00
1.101390005479218503e+00
1.019544976968276062e+00
1.048772550545352678e+00
1.045257328783410822e+00
1.073444358688576683e+00
1.179316445827769844e+00
1.100681348333522713e+00
1.157857557251145142e+00
1.027892386707884409e+00
1.155804056159326798e+00
1.110157333127168133e+00
1.054385759218838814e+00
1.097875407524472768e+00
1.090036790468796424e+00
1.068060568357797058e+00
1.092284723778766287e+00
1.056670375421901342e+00
1.118375414043735638e+00
1.021603125420690539e+00
1.021430652223966895e+00
9.642899008588129428e-01
9.944240443862965018e-01
1.099391118466774619e+00
1.013772889380082365e+00
1.097085594783592688e+00
9.525297716409415472e-01
1.072577045458547707e+00
9.434513382370741663e-01
9.838371793538086552e-01
1.054043346607322018e+00
1.013609300887146958e+00
1.130201910360847162e+00
1.116511811802434861e+00
1.088283099832628498e+00
1.089750891243648878e+00
1.076672098118952814e+00
1.049452477305798492e+00
1.053939429928467009e+00
1.052669645706421520e+00
1.029068180780822850e+00
1.041777038013361745e+00
1.161002426930249687e+00
1.134215090287686412e+00
1.212733611460691252e+00
1.148559715469531284e+00
1.027379494027545803e+00
1.039188110606318327e+00
1.087069448046024345e+00
1.018345477641521724e+00
1.096079425367597837e+00
1.114301098884290964e+00
1.016943999288055789e+00
1.149676149111394263e+00
1.063452636050103761e+00
1.005513031331383145e+00
9.751415995785389645e-01
1.046013304179975067e+00
1.068073000530348926e+00
1.042548825726079098e+00
9.940268874968963830e-01
1.080800619619761260e+00
1.147693575245811282e+00
1.154135503557234488e+00
1.119714699253098855e+00
1.137420180350009691e+00
1.112521811174498554e+00
1.213784056221995700e+00
1.127303114702473685e+00
1.131202488268195250e+00
1.178076248843258123e+00
1.113067295589079908e+00
1.267350014076016107e+00
1.219407965744093714e+00
1.161758117053902639e+00
1.266383259495716951e+00
1.219458501564220532e+00
1.226189041363425991e+00
1.244902732309061788e+00
1.169042599758441936e+00
1.114217783474885204e+00
1.093767965623066329e+00
1.151964605831004684e+00
1.110087445289940744e+00
1.161420926537412468e+00
1.112382282439918324e+00
1.143857179010546510e+00
1.172939429984716675e+00
1.091128907568990947e+00
1.177691099595737922e+00
1.139403286766926371e+00
1.092502200392516221e+00
1.126187554032952898e+00
1.099845982623513851e+00
1.186616658295610582e+00
1.080207404633712232e+00
1.167561902619448144e+00
1.153817995177500055e+00
1.084620922496806417e+00
1.076789758644521644e+00
1.146137557828614817e+00
1.126015049749776287e+00
1.087574085968571413e+00
1.106661536395358247e+00
1.118791322505426011e+00
1.104272294126972698e+00
1.116193289567083413e+00
1.121399920418129303e+00
1.039104989522212419e+00
1.073652748612572871e+00
1.059812444498846595e+00
1.082594222813198837e+00
1.070405707333416778e+00
1.053669152051603941e+00
1.082162063870056423e+00
1.205845481965623023e+00
1.053680343291647725e+00
1.101297420413097417e+00
1.163355404039835506e+00
1.160023422010949989e+00
1.107519893938068156e+00
1.070499062988589323e+00
1.147195981589762992e+00
1.149800386239606453e+00
1.063814767770531189e+00
1.127438006151231242e+00
1.095672402087382924e+00
1.092756270033665711e+00
1.091268337791247101e+00
1.112246146943888903e+00
1.054795440516542948e+00
1.096485360837867518e+00
1.236777920536480835e+00
1.070089838262890281e+00
1.093142161780121580e+00
1.178021297842998250e+00
1.038968961309802985e+00
1.104398333485920647e+00
1.047044336084576033e+00
1.172139463415350802e+00
1.044364604608942537e+00
1.126252409747632965e+00
1.185125458074951510e+00
1.090406273559187511e+00
1.138517265464187078e+00
1.192353796877171579e+00
1.101791932578628952e+00
1.195241599518749753e+00
1.160514727568946913e+00
1.091538216649008852e+00
1.132853512128204843e+00
1.144305108807965432e+00
1.164103001947199401e+00
1.129289846000518516e+00
1.093674417383843522e+00
1.105005478853979595e+00
1.154138449812028400e+00
1.126024591382653872e+00
1.163860554255824686e+00
1.135981425512333720e+00
1.152423962350665354e+00
1.154836076142593759e+00
1.093101704876793479e+00
1.079863194308320784e+00
1.117666643037546814e+00
1.070662420502350720e+00
1.122579209242977827e+00
1.118294772003935122e+00
1.098568264884626222e+00
1.108718918706845802e+00
1.105624531564999735e+00
1.097116084655147761e+00
1.150249419156628594e+00
1.062079493703816269e+00
1.063519502059633748e+00
1.096778324372912117e+00
1.164483818076018640e+00
1.140076856304005348e+00
1.104442836064952749e+00
1.104483789515185110e+00
1.172635471618930891e+00
1.106565766771402837e+00
1.093272622338920641e+00
1.085185444371519203e+00
1.092313879035948565e+00
1.074247994950644713e+00
1.053368741577867196e+00
1.162782879382421752e+00
1.094212818614872962e+00
1.121643768346191727e+00
1.137038308104096229e+00
1.141562481889619063e+00
1.055189738491642437e+00
1.110049555491520179e+00
1.045770760456984361e+00
1.127636033702517304e+00
1.097963288554309580e+00
1.095870142532326508e+00
1.192963391637431370e+00
1.067505872498815123e+00
1.110923494148936763e+00
1.119795262876001507e+00
1.089168604355678971e+00
1.149970908868077402e+00
1.075059316334784576e+00
1.138878240889659832e+00
1.097065469455107412e+00
1.146693276012096030e+00
1.132762171563675757e+00
1.146337566841958866e+00
1.078926309376750048e+00
1.168654652878851063e+00
1.088745160590122829e+00
1.097018650439290255e+00
1.127572818274361399e+00
1.095287316898543750e+00
1.070983159443000599e+00
1.096925417773888523e+00
1.164762936987642217e+00
1.103509841260341684e+00
1.108818980040665592e+00
1.179691733886891525e+00
1.086172098466982705e+00
1.135861772053184504e+00
1.160491538991419214e+00
1.126230432848419838e+00
1.170894100930464088e+00
1.099801147654254185e+00
1.132895445468396822e+00
1.217546610794196793e+00
1.135308412658216026e+00
1.109991978928509981e+00
1.128966211791259999e+00
1.129735730958751239e+00
1.149183015861397594e+00
1.142842641618062816e+00
1.163555687613200273e+00
1.121858303685195457e+00
1.102709551856972059e+00
1.129362348564063367e+00
1.116389965766302339e+00
1.130645952155555412e+00
1.161996001143098090e+00
1.142299685058175474e+00
1.168816779518729199e+00
1.129293416260508165e+00
1.135000273667285953e+00
1.128194868451487087e+00
1.098123017742300256e+00
1.102408084021488488e+00
1.119634914474205267e+00
1.100044901187907653e+00
1.071327744569585683e+00
1.125440227371079516e+00
1.145737945699750071e+00
1.036063681354535415e+00
1.087451991257174289e+00
1.081753413699957811e+00
1.019056319392698251e+00
1.103714383654279541e+00
1.067658065572681059e+00
1.100530420367503037e+00
1.078453080062061753e+00
1.049765643797452741e+00
1.064643464458405298e+00
1.035581310345977002e+00
1.024209208116842573e+00
1.103070831019913323e+00
1.078182608176859958e+00
1.113725284225047130e+00
1.078448698557005203e+00
1.083482845421567253e+00
1.096949871918192043e+00
1.047231851452405937e+00
1.111198584819407476e+00
1.129488058123052419e+00
1.061005946022201663e+00
1.102325648077984832e+00
1.040899532941094163e+00
1.104083232773305889e+00
1.083504147995483891e+00
1.054935561710908853e+00
1.060346264566758512e+00
1.025884072608708397e+00
1.056750635041484587e+00
1.083640403841716449e+00
1.060546618185143064e+00
1.164212910191303463e+00
1.061803161832354458e+00
1.090598189000481888e+00
1.055755821363516089e+00
1.055461090104025779e+00
1.043787747323824400e+00
1.085244511407430723e+00
1.072931363259025606e+00
1.027620751025298373e+00
1.066240406293121001e+00
1.026007707156205706e+00
1.102218831249472064e+00
1.029033854889059185e+00
1.044401211610570313e+00
1.025059269093715697e+00
1.041444954424526559e+00
1.021115063712983773e+00
1.027120834079320311e+00
9.769662072870940461e-01
1.014126279113977347e+00
1.032987012813187055e+00
1.043848052806901849e+00
1.015592773154046391e+00
1.047513380366495772e+00
1.032172066090837781e+00
1.022453184064330722e+00
1.051737841923998662e+00
1.052923713321728627e+00
1.065513332798615043e+00
1.054699063066694364e+00
1.041265886462994672e+00
1.021484363777457327e+00
1.023260728532572994e+00
1.025014571109146289e+00
1.066563057871830145e+00
1.048548818759200252e+00
1.141794748119368430e+00
1.068003869896496871e+00
1.063234865105085136e+00
1.064740093786534114e+00
1.080220220671032738e+00
1.089890439875881523e+00
1.088676601394473087e+00
1.059803448371240853e+00
1.057169847899230852e+00
1.017957167226803961e+00
1.014479222699993688e+00
1.031190656383844217e+00
1.009590491084372044e+00
9.961558694557816063e-01
1.002753422090423507e+00
1.033122157673430408e+00
1.025169285404682107e+00
1.021703732512767138e+00
1.050645204348102713e+00
1.018740444117582689e+00
9.977860514485297205e-01
1.072548785108897285e+00
1.042835458227879153e+00
1.058592460592384654e+00
1.036815889596550910e+00
1.025229790475702618e+00
1.033237150793204995e+00
9.947123205312192740e-01
1.016929833317161691e+00
1.009327973436288106e+00
1.004588812265070352e+00
1.015756632448247210e+00
1.023576721036753678e+00
1.045700202062813222e+00
1.006233462496012754e+00
1.008459692858997059e+00
1.038621715279641755e+00
1.021061281391632658e+00
1.009083426033001496e+00
1.050219511858225374e+00
1.009758110253468955e+00
1.027628464860430801e+00
9.942577962723905260e-01
1.047323139674595671e+00
1.054159293279087306e+00
9.975391699309807958e-01
1.015094890863400989e+00
9.907046434523613110e-01
1.007267177469810759e+00
1.042927158542358734e+00
9.964788788884567650e-01
1.044485466455446376e+00
9.802016703422468114e-01
1.038242764307052202e+00
1.019912781448551131e+00
1.035910515502274531e+00
9.985371437061032474e-01
1.003023095268292808e+00
1.001549223138782363e+00
9.798503028461448272e-01
1.024230071356666993e+00
1.027280233729999548e+00
1.031136166419186040e+00
9.950722941266231247e-01
1.039988891038972740e+00
1.068905108360511225e+00
9.903163063856034176e-01
1.031889978497742666e+00
1.034385995028165750e+00
9.876388958929362971e-01
1.025524838990724996e+00
1.044963015659989614e+00
1.034875381024708663e+00
1.003592534764840227e+00
1.017289781891791201e+00
1.017740859433591494e+00
9.832508844429128647e-01
1.021384407445742770e+00
1.042691691497178663e+00
1.015525025987673136e+00
1.024165767164664675e+00
1.042885153524844455e+00
1.029587084556379928e+00
1.015599001431639170e+00
9.947496455304588592e-01
1.007517989045640938e+00
9.795392123719790511e-01
9.700918194934373684e-01
1.051744958900945548e+00
1.028438564103687280e+00
1.027985057753164400e+00
9.864275872278426283e-01
9.924957598766660505e-01
9.973938555470071021e-01
9.929214381122787314e-01
9.970300125915267930e-01
1.025947724848892628e+00
9.796498547437483273e-01
9.627515888640033603e-01
1.006528429726204710e+00
9.991544974822674785e-01
9.732272974995426207e-01
9.692724857217998036e-01
9.722208588609755342e-01
9.856143294766277485e-01
9.953156971782725071e-01
9.966987401146248926e-01
9.998546600402075102e-01
9.794686686016691457e-01
9.986306017546097147e-01
9.758934514162747043e-01
9.959898897007615215e-01
9.723439680708145794e-01
9.684756946898807062e-01
9.621817980547597848e-01
9.674156364009558473e-01
9.798998526567737066e-01
1.025167203372264968e+00
9.842638565608951007e-01
9.707760380123429123e-01
1.003285366885330987e+00
9.925452644039663985e-01
1.018637958229072771e+00
1.023178437088752890e+00
9.715306999163629831e-01
9.913560952647046953e-01
1.028528321532170553e+00
9.887323150793243531e-01
9.919342018057305532e-01
9.854559638675132183e-01
1.016846877630331880e+00
1.003373625557214766e+00
9.833849563839455188e-01
9.697633315672498089e-01
9.670366593513397557e-01
9.486422955907822807e-01
1.006558848606007084e+00
9.836016136313660008e-01
1.025180536331886660e+00
9.755233565957603936e-01
1.001422449816560256e+00
9.684883193949247460e-01
1.024919319479953961e+00
9.666192903093846489e-01
9.559994367265975956e-01
1.002749732069988520e+00
9.601943275454410953e-01
9.912152914403863369e-01
9.593001347700490511e-01
9.519701323390392655e-01
9.699344729395635856e-01
9.694457715179034540e-01
9.705048446177693133e-01
9.768045374426216343e-01
9.618108440597952224e-01
9.564221952173030949e-01
9.577961557915194435e-01
9.457297468805879737e-01
9.635483068865341449e-01
9.666949543445324533e-01
9.658868562531330859e-01
9.680941529850755067e-01
9.537516355737228890e-01
9.760518596860938700e-01
9.501105461857620726e-01
9.898541569003210805e-01
9.595633243241420418e-01
9.910376694071595383e-01
9.901414129724757096e-01
9.565753577148409237e-01
9.610605062545688471e-01
9.418157171157346408e-01
9.606034556882688813e-01
9.702593428754110461e-01
9.479556170927128100e-01
9.682810507829150426e-01
9.590785791838668528e-01
9.530878106344423673e-01
9.969921009112546750e-01
9.583433399582084178e-01
9.717676860467207023e-01
9.515904613791668076e-01
9.533355622993204825e-01
9.499832395638653226e-01
9.505884366958091691e-01
9.660658909137213035e-01
9.268620320939910950e-01
9.518005879160708060e-01
9.362354747700192270e-01
9.548895196244986394e-01
9.753685565173293437e-01
9.582027436168003565e-01
9.741444647134311907e-01
9.760004299475150136e-01
9.794828069293388673e-01
9.570311992974125381e-01
9.526533357546227432e-01
9.813798939850741920e-01
9.526136920745831294e-01
9.679568738225915459e-01
9.762183508483190941e-01
9.750456476928057725e-01
9.816281709068926942e-01
9.812385727052742590e-01
9.619745590979351668e-01
9.523578800664508348e-01
9.729230304533097451e-01
9.909961232410893217e-01
9.556110535468281819e-01
9.542295881367397481e-01
9.771568936575525388e-01
9.324542380923248608e-01
9.404936026202900257e-01
9.570361727577394451e-01
9.520333359075462409e-01
9.702478855369727206e-01
9.734520895197351642e-01
9.415260535720723079e-01
9.629291864004788648e-01
9.396119736885859552e-01
9.270941932775678129e-01
9.407458225235891813e-01
9.351106929907041510e-01
9.370641362733918012e-01
9.628804626303326675e-01
9.434345652730706799e-01
9.485878238163693021e-01
9.616858608926430740e-01
9.409006633861543012e-01
9.688152489298818004e-01
9.547921338812034309e-01
9.689489426070063693e-01
9.581911417539062947e-01
9.818176531630219417e-01
9.363511976523558600e-01
1.013798571123309511e+00
9.716464893797274183e-01
9.869624852530661796e-01
9.709869069418377574e-01
9.425492662659331611e-01
9.469825347200967469e-01
9.533080488250015305e-01
9.801759395434834765e-01
9.360146571412888417e-01
9.784870417677862253e-01
9.677928785631310094e-01
9.517073762019063743e-01
9.470377144592695418e-01
9.798308590953932473e-01
9.739300543710439628e-01
9.725074987267803284e-01
9.872076908800871964e-01
9.701406886362520243e-01
9.945216990946944557e-01
9.668582765710814764e-01
9.737770383528115969e-01
9.774285041439761956e-01
1.006348214742571745e+00
9.608151915352612926e-01
9.971671005660968090e-01
9.979680310631749984e-01
1.005359057911782150e+00
9.843439144864346568e-01
9.758828337349133575e-01
1.008544799535997738e+00
9.860994804390970092e-01
9.931838082506593279e-01
9.426688739403977779e-01
9.730544372689492461e-01
9.709726292635596501e-01
9.733428315304981648e-01
1.002516980661751100e+00
9.669829423515158284e-01
9.744069575855860421e-01
1.000483898479503697e+00
9.957116524981091121e-01
9.973059543968433305e-01
9.938692235453742141e-01
1.020486774862110702e+00
1.004408550346133300e+00
9.877596229061961219e-01
9.843693345136883543e-01
9.934898671234075884e-01
9.653810250345932209e-01
9.933610933135677001e-01
9.512770945227893016e-01
1.000898672150935420e+00
1.002187524579858158e+00
9.608155783116610893e-01
9.829353532359950130e-01
9.768609844483739924e-01
1.006193066958210203e+00
9.923122685729658388e-01
9.642502629622992094e-01
9.777085843900219508e-01
9.844249877116546532e-01
9.507616938584846356e-01
9.911098135413819454e-01
9.873874629362419109e-01
9.719160834285631712e-01
9.841068140789451801e-01
9.707682501247468787e-01
1.003380632101797287e+00
1.000067279340076665e+00
9.568150630993276229e-01
1.005680520230751052e+00
9.652592608616225034e-01
9.804723789526734734e-01
9.715900384147542201e-01
9.865052252266302002e-01
9.884906988720442156e-01
9.968741621073675674e-01
9.914241741580640532e-01
9.788212612031381710e-01
9.748283399214905387e-01
9.994181893080356094e-01
9.641218345934959855e-01
1.008944728157367354e+00
9.950592655669495690e-01
9.900785189954762755e-01
9.823755645923338831e-01
9.960154392386838529e-01
9.939850172632009873e-01
9.876816253980815752e-01
9.984839245948085029e-01
9.925815091358386466e-01
1.003313958583663901e+00
1.002046481268848543e+00
9.761806750420607415e-01
9.999045641222722436e-01
1.005149047907126336e+00
1.011319500402573013e+00
9.595889365048521080e-01
9.886213261469589675e-01
9.872005996033088593e-01
9.763342232956234712e-01
9.862564330846680383e-01
1.006661578369921095e+00
9.869988123772293065e-01
9.561950862630502757e-01
9.923917257311372087e-01
9.969278545994273433e-01
9.888008555736265137e-01
9.816366926793018699e-01
9.541552638627662786e-01
9.277237654483031504e-01
9.618033029790779009e-01
9.795558234652256280e-01
9.713844164085492228e-01
9.413110276584764069e-01
9.536895572469972215e-01
9.525425897531832886e-01
9.508537864606978474e-01
9.542412125495619568e-01
9.505636210429208033e-01
9.371666200717128081e-01
9.405545230061405082e-01
9.369267361141949690e-01
9.465593934392725339e-01
9.329286460922117108e-01
9.245256054755992547e-01
9.289575405953379716e-01
9.087155007104421589e-01
8.942265837994117783e-01
9.283467010895781746e-01
8.918597727933933461e-01
8.848825084238162164e-01
9.052828434577547823e-01
8.633214446301522571e-01
9.005995172386743741e-01
9.222091896503413766e-01
8.691996480199380981e-01
8.895644460056727487e-01
8.838977947716378791e-01
8.666964687336748963e-01
8.901910825791851112e-01
8.905651492818908999e-01
8.797985096479563616e-01
8.842925601302941141e-01
8.466367378508099506e-01
8.862357794967855584e-01
8.630033889484490794e-01
8.507154204446240042e-01
8.418611320065467751e-01
8.691320491219745037e-01
8.806302760179139932e-01
8.548067449574162646e-01
8.513740557193373304e-01
8.554749375218030361e-01
8.633903033319898501e-01
8.436509280928511378e-01
8.371114821111362847e-01
8.277836193606226134e-01
8.389866989234219252e-01
8.283730609258758149e-01
8.161595614737658932e-01
8.090870622737148521e-01
8.103969592928829124e-01
7.878399422244245498e-01
8.058188684332086016e-01
8.157440635921827665e-01
8.033837045534348853e-01
7.831394182466606679e-01
8.033864013713363228e-01
7.930643157794773357e-01
7.662129871898012423e-01
8.036968305837423054e-01
7.737325913396864152e-01
7.996826379028073584e-01
7.601261242616821345e-01
7.702336515133885175e-01
7.693384942805583382e-01
7.548193665098905658e-01
7.770401270280121730e-01
7.641414231377569033e-01
7.572786061318892425e-01
7.520145291164307411e-01
7.339205364749310512e-01
7.387348646424442000e-01
7.355685284700022031e-01
7.412891172949019891e-01
7.496243189035136645e-01
7.157546096339327812e-01
7.254977535754769669e-01
6.984603890278903160e-01
7.217494591901673084e-01
7.045158866635001793e-01
7.071382263295651338e-01
7.189293694403889878e-01
7.135657923670469804e-01
7.051761652537863467e-01
7.135458183328179382e-01
7.083749951113578192e-01
6.936868631927608497e-01
6.935626721842607090e-01
6.768552272945598247e-01
6.823300725497079000e-01
6.744207066682297302e-01
6.956017843273741841e-01
6.639295761414137909e-01
6.877245896178381113e-01
6.910270777352174321e-01
6.742642996777588049e-01
6.584602080542726332e-01
6.715596716878892147e-01
6.626135390071754561e-01
6.640121553706722635e-01
6.752492483580151417e-01
6.562289720607439314e-01
6.674322154709079191e-01
6.575590143527230147e-01
6.558861481702630281e-01
6.248451689767812178e-01
6.236803309439422627e-01
6.384476091216366722e-01
6.524292203164024917e-01
6.409716900072500723e-01
6.312873705125858770e-01
6.269552289629455322e-01
6.475740173091777407e-01
6.176258971239113604e-01
6.097774331706411477e-01
6.341445304918593706e-01
6.140699716182184131e-01
6.031536372816691527e-01
6.197369942127705089e-01
6.015073741280905217e-01
6.020968141911571259e-01
5.893208486382957023e-01
6.027031288729036707e-01
6.042631275698451265e-01
5.897404929498673010e-01
5.893652511070642808e-01
5.774360170557080174e-01
5.765293788177109358e-01
5.702183581934330281e-01
5.628251326147482025e-01
5.680254424523900614e-01
5.741678540347537885e-01
5.716210027175884223e-01
5.609869063539182354e-01
5.645006070700302470e-01
5.603453501604911402e-01
5.688902560308680689e-01
5.708657914657063737e-01
5.487886767496282792e-01
5.696379344814547219e-01
5.379094837867995915e-01
5.607194462454315742e-01
5.345245268117941873e-01
5.534819224740048504e-01
5.237814923291068681e-01
5.323694636550062587e-01
5.338378371288028390e-01
5.240943630165451061e-01
5.343574567867934721e-01
5.322226753667862464e-01
5.246591804007456616e-01
5.159339798016251422e-01
5.384088000470982349e-01
