4.750358894753360003e+07
0.000000000000000000e+00
0.000000000000000000e+00
0.000000000000000000e+00
0.000000000000000000e+00
0.000000000000000000e+00
0.000000000000000000e+00
0.000000000000000000e+00
0.000000000000000000e+00
0.000000000000000000e+00
0.000000000000000000e+00
0.000000000000000000e+00
0.000000000000000000e+00
0.000000000000000000e+00
0.000000000000000000e+00
0.000000000000000000e+00
0.000000000000000000e+00
0.000000000000000000e+00
0.000000000000000000e+00
0.000000000000000000e+00
0.000000000000000000e+00
0.000000000000000000e+00
0.000000000000000000e+00
0.000000000000000000e+00
0.000000000000000000e+00
0.000000000000000000e+00
0.000000000000000000e+00
0.000000000000000000e+00
0.000000000000000000e+00
0.000000000000000000e+00
0.000000000000000000e+00
0.000000000000000000e+00
0.000000000000000000e+00
0.000000000000000000e+00
0.000000000000000000e+00
0.000000000000000000e+00
0.000000000000000000e+00
0.000000000000000000e+00
0.000000000000000000e+00
0.000000000000000000e+00
0.000000000000000000e+00
0.000000000000000000e+00
0.000000000000000000e+00
0.000000000000000000e+00
0.000000000000000000e+00
0.000000000000000000e+00
0.000000000000000000e+00
0.000000000000000000e+00
0.000000000000000000e+00
0.000000000000000000e+00
0.000000000000000000e+00
0.000000000000000000e+00
0.000000000000000000e+00
0.000000000000000000e+00
0.000000000000000000e+00
0.000000000000000000e+00
0.000000000000000000e+00
0.000000000000000000e+00
0.000000000000000000e+00
0.000000000000000000e+00
0.000000000000000000e+00
0.000000000000000000e+00
0.000000000000000000e+00
0.000000000000000000e+00
0.000000000000000000e+00
0.000000000000000000e+00
0.000000000000000000e+00
5.790973508121438629e-02
1.124626225509888500e-01
1.092496265026736690e-01
5.308618931159087007e-02
5.161166908946498988e-02
0.000000000000000000e+00
4.884112845222022409e-02
4.753877657949207025e-02
0.000000000000000000e+00
4.508561649627614021e-02
0.000000000000000000e+00
4.281755659788614304e-02
0.000000000000000000e+00
4.071643273623437587e-02
0.000000000000000000e+00
3.876625539081898081e-02
0.000000000000000000e+00
3.695290457145479490e-02
0.000000000000000000e+00
0.000000000000000000e+00
3.446245673843574553e-02
3.368805246734146719e-02
9.881838069474467579e-02
1.932932730841530888e-01
6.303047090218827364e-02
1.541875742773621272e-01
9.054426760496427085e-02
5.909209576537825109e-02
0.000000000000000000e+00
5.666808668254517956e-02
5.551163566921157172e-02
5.439022701241175151e-02
7.995368864601751224e-02
0.000000000000000000e+00
5.122258186333971536e-02
5.022800017926540989e-02
1.231552678882788382e-01
9.664761989257145136e-02
7.111810087973984007e-02
4.652588643283998848e-02
4.566432079524247040e-02
4.482646707393739965e-02
1.100286576443706837e-01
1.728739414867463686e-01
4.244674739658064327e-02
8.339099463511120969e-02
6.144602443851695378e-02
4.025161673108404448e-02
5.933646101984869914e-02
5.832218745181129427e-02
5.733369966622452879e-02
3.758008729912574314e-02
7.390753426158447326e-02
1.817148754218494630e-02
1.787360103021503818e-02
5.274893948056083581e-02
5.189816872774437317e-02
3.404521059010014172e-02
3.350482185880231112e-02
3.297719785969215750e-02
3.246193970863194694e-02
4.793799597221058695e-02
1.573350100028069604e-02
3.098659915934842343e-02
6.103422856565477589e-02
0.000000000000000000e+00
2.960959727776516295e-02
4.375641699020403619e-02
1.437098398404381902e-02
2.832238470133101316e-02
4.186788389208839778e-02
0.000000000000000000e+00
2.711732134855944151e-02
4.009902748139046458e-02
3.953426184885820011e-02
0.000000000000000000e+00
3.843994539189959231e-02
1.263658257092230459e-02
1.246348142566043073e-02
0.000000000000000000e+00
6.063890735457456993e-02
2.392998983705803620e-02
0.000000000000000000e+00
5.824551285669987005e-02
5.747913565978381850e-02
4.538222814287844187e-02
4.479285689448521401e-02
4.421489261846055230e-02
8.729608567018622145e-02
1.400490792319581124e-01
7.445648533003458580e-02
1.155313314458131096e-01
1.659450308722631162e-01
9.218454108288035020e-02
7.081392490160667852e-02
5.995290287621319464e-02
9.870296505170071677e-02
1.072572382340242353e-01
8.669863479118312954e-02
1.142137870297284530e-01
1.316631344503522982e-01
7.434571950880143609e-02
1.102066111995617242e-01
8.168824482492011152e-02
6.279652732726463682e-02
7.093778748054993533e-02
4.382651227618677287e-02
1.299769299994176230e-01
1.284999354160357710e-01
1.016383794247777972e-01
1.004963872438501965e-01
7.453015074671402729e-02
1.555932093365240410e-01
1.052821865412323088e-01
1.201445205498173213e-01
1.029872816453984985e-01
9.403187607929062997e-02
1.240204336150448200e-01
1.533586168544563144e-01
1.517184334624183673e-01
2.026409708850767932e-01
2.376256499001296318e-01
1.836908988186130298e-01
1.817674515768994692e-01
1.367042839531823761e-01
1.566488833591435648e-01
1.832219536661156278e-01
1.743680487494886633e-01
2.278172139718720457e-01
2.050039716563258618e-01
2.232265663800722388e-01
1.406256105419102231e-01
2.055143025065012674e-01
1.509611685058854513e-01
1.754606923927065631e-01
1.737320296724750857e-01
2.357431541853835244e-01
2.145154090917095469e-01
2.249287958710905200e-01
3.650716577476396663e-01
2.635108366518305045e-01
2.974063218171868472e-01
3.366558881925927893e-01
2.441439161807990865e-01
3.421160964243493141e-01
2.454130693417332643e-01
2.604851850287789317e-01
3.268786404722979211e-01
2.386277954555019731e-01
2.251699776912131634e-01
2.956130817419165835e-01
2.210667454670263432e-01
2.957270332746862462e-01
3.093313882602781173e-01
1.989851158494260752e-01
2.451681991257468329e-01
3.750331314959164941e-01
2.931714568964928214e-01
2.957659118788705799e-01
2.571579488993741558e-01
2.498041481070339132e-01
1.920337494675875556e-01
2.705171229633251961e-01
2.830736090684642381e-01
2.560163753453953417e-01
2.782244795431497164e-01
2.274523830282448034e-01
2.974900222897176594e-01
2.331206103607443292e-01
2.500230215542180723e-01
2.666330945285792509e-01
2.736791268565060276e-01
2.667985064699681108e-01
3.375732302894677850e-01
4.524099794962015419e-01
4.800945139938896933e-01
2.981558453947655840e-01
4.325485000354748477e-01
4.202761126657765800e-01
3.169972423937744699e-01
3.919741815164040077e-01
2.862783447388420610e-01
2.755108726252208928e-01
3.363884043431982773e-01
3.337186691716775844e-01
3.310805907178345220e-01
3.982743254266982724e-01
4.440352342478851577e-01
4.324824427177584862e-01
3.248454565366511448e-01
4.735425579768262061e-01
4.146051855249890394e-01
4.310071654469745384e-01
4.588102225716742533e-01
3.627028807126803089e-01
4.135534819397975737e-01
3.762188063855286257e-01
4.186375457501722019e-01
4.042604528900549665e-01
4.495287793409598609e-01
4.240497669197298425e-01
4.611567077033736917e-01
4.977022416210146738e-01
3.930597118228295606e-01
4.832375531520585743e-01
4.939106225134408112e-01
4.127031498685058697e-01
3.676809999806904816e-01
4.345436388208359091e-01
4.245036548502440499e-01
3.666269616970456724e-01
4.898675745134978832e-01
4.323275869688730788e-01
4.460181343654019970e-01
4.162170098606495783e-01
4.595624218073329770e-01
4.202139443076078895e-01
4.824627564589625828e-01
4.305325969048419132e-01
4.050306776203119186e-01
4.373322436636806199e-01
4.121149310855515280e-01
4.564965516568983417e-01
3.845736074253628400e-01
4.285175460948860149e-01
4.255925230466904852e-01
4.992729533620307580e-01
4.928458069251982487e-01
4.290817334380692127e-01
4.772153275543106199e-01
4.352568089231707571e-01
4.441904825678794078e-01
6.059548005320285480e-01
5.843966384953527271e-01
5.282790934085584977e-01
6.285971492096378288e-01
6.015456325185631892e-01
5.606067322828962585e-01
5.682511292643540601e-01
6.207232284712107528e-01
5.608832897984792343e-01
5.683426016985154705e-01
5.894665367367637465e-01
5.692549523239928133e-01
5.520095991078723952e-01
6.160294860279899032e-01
5.530429096377762477e-01
5.441962802684247036e-01
5.115938148463877733e-01
6.189949975339492649e-01
6.465114219007739305e-01
6.320538927683020392e-01
6.306883571871061411e-01
6.062093770552844374e-01
6.509459701645016194e-01
6.012507443827439513e-01
6.731772219645170141e-01
6.389656349628536347e-01
6.300648628217673242e-01
6.509627006319486098e-01
6.937343983065228370e-01
7.604249761523017570e-01
7.631071870802100809e-01
7.029376367618200838e-01
6.218697565365871593e-01
6.801869578258837867e-01
7.140712711067226381e-01
6.650030047537348610e-01
7.805952962078340773e-01
6.081869785819878915e-01
6.601825713968636489e-01
6.678015196038926682e-01
7.096576513336251280e-01
6.918406977233498845e-01
8.009190114074727918e-01
7.737560349848920938e-01
6.887537777825442076e-01
7.181097641297634615e-01
6.410156877596410174e-01
6.395187420093004782e-01
6.555086155523713876e-01
6.821672288746859492e-01
6.955498835087969844e-01
7.366901240453164190e-01
6.342676548427936822e-01
7.665769120980082674e-01
7.622459806445017749e-01
7.348561688884012177e-01
7.536935043845895965e-01
7.390906561417404097e-01
6.978006855760540139e-01
6.898072312341212431e-01
7.043493085096688144e-01
7.024773877503192043e-01
7.409966610095991557e-01
7.770728486839243443e-01
7.388557997797362553e-01
7.804844946153574048e-01
7.525182019716002424e-01
8.309199895104012468e-01
8.322651533545446512e-01
7.966648809782872487e-01
9.141112569716975944e-01
8.572850246739706082e-01
8.316458515517152206e-01
8.081708504613319688e-01
8.227631878055550185e-01
8.334257049644989701e-01
7.541399950272703601e-01
7.668917514725576146e-01
7.406156627659579161e-01
7.440744838847115350e-01
7.786318870498967204e-01
7.617873849553984389e-01
8.466318730663481285e-01
8.602453220971777448e-01
8.593530006034284519e-01
8.691667321679233948e-01
7.776643121393259639e-01
7.330201698604205118e-01
7.942584557626889419e-01
8.863244712185152085e-01
8.017755895080617146e-01
7.872925645897114189e-01
8.641855798072204387e-01
8.238204838595770685e-01
8.503112117136950587e-01
8.629598727154702553e-01
8.434199398896756739e-01
8.139958524886170554e-01
8.015558891860233848e-01
8.224611384141004011e-01
8.018165414862811202e-01
8.043974026560568591e-01
7.987586333255466409e-01
7.573349982277877146e-01
8.005836482486495820e-01
8.466211180622924548e-01
7.702405294969270066e-01
8.510850407256483896e-01
8.008333659618486200e-01
8.570023541014991642e-01
8.811443604224468151e-01
7.876050903288314142e-01
8.071549860558697720e-01
8.125502635113499572e-01
8.317725671399402998e-01
8.523358775431669754e-01
8.681067573870550058e-01
8.806744778701585119e-01
8.915982235069180861e-01
8.737836805465984957e-01
9.116046047677466291e-01
8.893672270341902442e-01
8.435678916983967435e-01
8.972265754844613861e-01
8.988790242523807539e-01
9.048986745009981458e-01
8.904487907638293231e-01
8.775748563592112861e-01
8.489301479185462629e-01
8.579056904104256365e-01
8.539154385955175508e-01
8.755796835334773709e-01
9.154566640965225988e-01
8.943013941167806680e-01
8.986046151124487125e-01
8.441589946702513503e-01
9.028908549977627818e-01
9.042979830944096742e-01
9.429026686271321234e-01
9.207679701578485032e-01
8.974587379363833106e-01
8.661926361385717810e-01
9.082972214260520705e-01
8.772458464999752792e-01
8.504893751749551534e-01
8.747111311356455809e-01
9.133310133384744400e-01
8.390990257857159351e-01
9.065029989092480145e-01
8.395024468157421538e-01
9.363250692444567980e-01
9.295726552308755108e-01
8.879233886850477209e-01
9.806507840634830497e-01
9.339931423266780719e-01
8.839042276592879999e-01
8.991032007200410181e-01
8.888376484023632340e-01
9.152111826000248751e-01
8.359156265311901146e-01
9.572483661262664034e-01
9.244777027874715447e-01
9.551638213563711233e-01
9.621394593016947550e-01
9.862408041721713037e-01
8.462556027861155572e-01
9.035068188986319360e-01
8.850880244250715068e-01
8.438802963214382391e-01
9.340470011512846948e-01
8.283269737936771460e-01
8.796380553747215059e-01
8.794713939988251239e-01
7.930230292558656524e-01
8.697038192611660223e-01
8.543228081289250264e-01
8.962456986761191402e-01
8.855152991817765162e-01
9.037976135931915511e-01
8.827379428058305111e-01
8.675838959172915699e-01
9.611166967908442160e-01
9.457478261716510959e-01
9.440984346521453796e-01
9.322963901481861049e-01
9.453123806048860933e-01
9.179146416103587391e-01
1.006674285574208572e+00
9.215009069466787439e-01
9.088863827816482388e-01
9.327063509989101941e-01
9.508411980689331910e-01
8.869025469058544608e-01
9.061486536204659270e-01
9.013966311982430923e-01
9.344417177999516655e-01
9.360472181485169907e-01
9.344211464528621169e-01
9.679804790089493460e-01
9.630390179091586900e-01
9.602444048747894589e-01
9.269182457057603131e-01
9.347656660881912272e-01
9.592625122029170281e-01
9.585783249045923826e-01
9.361217459366051319e-01
9.324216648109151517e-01
9.153728627690893571e-01
9.045978201177434785e-01
8.877777680234854030e-01
9.208878617149121037e-01
9.365202405164612109e-01
9.479894542795243018e-01
9.111428611079855910e-01
9.136015156334792442e-01
8.741697327766416725e-01
1.030639884348890645e+00
9.593962439387763164e-01
1.040423473031323098e+00
9.598608219079349801e-01
9.522583421982011576e-01
1.039177859341709365e+00
9.090712000425479333e-01
1.036070075273666680e+00
9.290966116158718702e-01
1.025306370008060020e+00
1.030962669080413008e+00
9.813611261794513707e-01
1.074365166026569396e+00
9.720583357950388637e-01
1.050265751379857893e+00
9.563047956233055036e-01
9.732583089756997596e-01
9.575094963152903649e-01
1.011399752172454924e+00
9.697523043789015862e-01
9.541721728966970906e-01
9.497017626034499616e-01
9.854428645989012914e-01
9.699575582968256171e-01
1.013504889302974332e+00
9.356971397339837182e-01
1.043825761154202780e+00
1.034601890801026824e+00
9.754173718760412726e-01
9.691679783714023388e-01
1.017933304071791945e+00
1.020395647473653744e+00
1.020192520445390327e+00
9.813948381268770005e-01
9.725830979955135680e-01
1.104006307060343417e+00
1.054028107760272004e+00
1.038114820177282516e+00
1.036950881979005201e+00
9.971717728592481844e-01
1.045743756053885143e+00
1.085440546997931355e+00
1.034858360670375843e+00
1.030309927181618956e+00
1.014829905055276038e+00
1.123755502644707249e+00
1.046110217647657548e+00
1.020712226200633843e+00
1.001304479684827387e+00
1.028396658177073375e+00
9.868085755300436412e-01
1.003060102773296824e+00
9.798653547306869216e-01
9.829524372643343444e-01
1.000655553499433026e+00
1.002825474965633790e+00
9.799305280213121971e-01
1.006296558756037296e+00
9.370072586773248169e-01
9.737201998775650846e-01
9.647625681206100090e-01
9.836478367579887250e-01
9.462244394307577355e-01
1.033624807223290309e+00
1.011203642898363730e+00
9.701386739426755002e-01
9.590017610789628444e-01
9.627105820851951101e-01
9.601886018876771844e-01
1.006334462830891230e+00
1.005208933302984775e+00
9.987157827003263488e-01
9.433359379471251138e-01
1.014794846255747451e+00
9.825024008491481942e-01
1.005662231692274977e+00
9.796402414441648387e-01
9.868587146672188615e-01
1.007506373045981674e+00
9.705247139443325954e-01
1.040929095235481938e+00
9.862742855432071742e-01
9.600642484437035273e-01
9.679078712833208975e-01
9.793646427824632683e-01
9.578126965977943330e-01
9.940118445049656026e-01
1.013247727856159797e+00
9.983012991880956255e-01
1.041935148303863690e+00
9.938763396986221021e-01
1.036509305121002367e+00
9.973523423354233586e-01
1.004053367813569908e+00
1.000761392512265369e+00
9.946538260717199265e-01
9.963427022723877480e-01
9.839487966228350757e-01
9.765375625790834180e-01
9.747593378986129098e-01
1.038456957432559502e+00
1.040644618584841474e+00
9.978340244770881329e-01
1.049099737791956199e+00
1.022339921051242051e+00
1.008767800584158048e+00
1.003474875023693480e+00
1.005019803707293713e+00
1.033019954394084117e+00
9.931804091066998019e-01
1.016308595621707500e+00
1.050712265722079986e+00
1.023912556720574463e+00
1.002621708357172681e+00
1.081338165757325331e+00
1.055343691535396644e+00
1.002381168954289858e+00
1.033510547722094275e+00
1.000006798178838530e+00
9.922694017336011196e-01
1.016589126679929178e+00
1.030981984693179809e+00
1.064756862280818783e+00
1.018061227051804130e+00
1.037461347490729269e+00
1.035510689919500349e+00
1.097684212382728397e+00
1.043135846205977435e+00
1.024603703900784701e+00
1.052552203758120974e+00
1.037261800524560185e+00
1.046681259086351901e+00
1.011354268790286337e+00
1.082271244263135701e+00
1.022648598143448995e+00
1.033224957673325006e+00
1.014514587442910232e+00
1.095071558390548150e+00
1.038588505655311245e+00
1.063135137270065034e+00
1.045156068224622592e+00
1.046872116589004920e+00
1.057728074439534760e+00
1.030786758361723177e+00
1.054962363103320921e+00
1.030601880435403128e+00
1.014825574259658802e+00
9.973362517597266219e-01
1.000925149325008645e+00
1.027792540527994181e+00
9.949181113593357217e-01
1.029949120630184067e+00
1.048776643274621723e+00
1.030880683989232383e+00
1.018384842367184628e+00
1.034130450088885711e+00
1.000039180211736989e+00
1.038490222365695992e+00
1.049369217354461314e+00
1.002762472898929724e+00
1.011938990068737887e+00
1.055649461067424300e+00
1.019769466867008978e+00
1.048862054997180993e+00
1.016632559204324826e+00
1.019344702631242106e+00
1.002720695124913020e+00
1.076255239672435415e+00
1.004203448242896757e+00
9.888822836717067188e-01
1.008459366510342070e+00
1.018400505212304408e+00
9.852950367576921442e-01
9.852180679803412833e-01
9.768122955763544057e-01
9.944608771980940620e-01
1.013658761891196303e+00
9.502103872127057871e-01
9.699655762491323774e-01
9.797563290759261356e-01
9.916686921189489246e-01
1.008403816436808764e+00
1.071680945296770826e+00
1.016698121544261202e+00
9.684961255628826704e-01
9.748740677984040204e-01
1.048234391663148246e+00
1.061291895016438946e+00
1.028421193560703051e+00
1.014871198296743993e+00
1.057056283246592177e+00
1.022877513679518735e+00
9.772908577069040481e-01
9.692776582730204815e-01
9.985209367758798304e-01
1.050593932202022129e+00
1.009594107984814526e+00
9.786954704249827275e-01
1.019491011001610437e+00
1.032144718679353756e+00
1.022561383747863983e+00
9.688263932126192080e-01
9.866290980545667777e-01
9.767291269699125422e-01
9.561768715160223753e-01
1.048571996015143837e+00
1.008159181572962693e+00
1.024578040374139132e+00
1.003601234707005352e+00
1.021945173859288181e+00
9.745147688049147217e-01
9.698341914117293294e-01
9.995749876048467542e-01
9.824146424576173375e-01
1.032774904565477936e+00
1.010171066555825226e+00
1.005931726675975968e+00
1.043019456843744086e+00
9.724997034077285107e-01
1.037347030671531334e+00
9.867281738669496649e-01
9.845369184002844554e-01
9.935115113287193989e-01
9.942093142827487240e-01
9.905572785482267273e-01
9.508320572189589148e-01
9.578670352150531198e-01
9.935767824669294868e-01
1.031000336269854101e+00
9.939581334036183824e-01
1.001738029810255837e+00
9.966885705995089939e-01
1.029912368604172013e+00
1.010678694361313967e+00
1.029120206957780281e+00
1.005299177392904975e+00
1.030657911065533394e+00
1.006951982777589238e+00
1.056330757963663824e+00
1.039627571595846511e+00
1.030405420597397148e+00
1.018923110451975145e+00
1.012096148342883417e+00
9.906256867380259790e-01
1.022324986130837665e+00
1.020550621937518887e+00
1.010591748188308880e+00
1.002950692030899260e+00
1.027483317522380979e+00
1.004933179842046220e+00
1.018068915649679607e+00
1.014965139790409365e+00
1.042333318916277340e+00
9.953926934046001263e-01
9.954808874597486090e-01
9.884540901022045301e-01
9.659449484244773121e-01
9.948384180571150370e-01
9.490490032695999556e-01
9.593560706018015027e-01
9.270494477763844277e-01
1.038878602781090787e+00
1.038390374534231553e+00
1.010473466064402359e+00
1.004842795287917312e+00
1.034321411751807362e+00
1.020875460810114488e+00
1.029471825008814179e+00
1.005354504699872420e+00
1.014368729728054142e+00
1.017774549320853428e+00
1.017747381952751606e+00
1.030055613248922475e+00
9.947666588173734725e-01
9.875918083977504036e-01
1.002406733123164084e+00
9.885036116161236563e-01
9.969335365468450227e-01
1.014956165534415033e+00
9.747825646847075864e-01
9.827571774825795137e-01
9.769637877837183959e-01
9.765895776795366912e-01
1.004354305342103570e+00
9.803782960895466303e-01
9.602247240301674536e-01
9.816526836463486116e-01
9.480697356813225785e-01
9.596068540623212684e-01
9.482538716527636469e-01
1.008933833680749625e+00
9.565376495531439094e-01
9.735932908626216964e-01
9.501964895838519443e-01
9.691910518859179202e-01
9.732275348910861545e-01
9.696284052652047736e-01
9.588496649083634304e-01
9.696510416480782490e-01
9.784078809493540474e-01
9.494274422445927453e-01
9.807446248451079374e-01
9.676867652959136867e-01
9.897423053115947944e-01
9.448963643587778849e-01
9.982487783828742911e-01
9.446018846715055206e-01
9.423063769699405734e-01
9.843744385492008142e-01
1.018473009965705556e+00
9.327594521194597643e-01
9.780138375876177292e-01
1.026129505717725099e+00
9.659941076513874902e-01
9.847574000636606373e-01
1.032501343597082455e+00
1.026203070408497675e+00
1.033637755449582807e+00
9.802657098675763292e-01
9.987567762634127488e-01
9.774681770973605577e-01
1.018496893810624471e+00
1.019075566443989667e+00
1.028655416245621845e+00
1.047172144196457211e+00
1.018910285206828137e+00
1.034002914039772181e+00
1.013706741785443510e+00
9.734780197518576594e-01
9.637745104158612630e-01
9.563287353397864621e-01
9.805827702271380231e-01
9.606369691961615942e-01
9.704681888888279095e-01
9.451501287617640745e-01
9.983738069172045648e-01
9.585471562215415187e-01
9.657392409261001953e-01
9.297920640025528760e-01
9.803760136435826222e-01
9.636646953074392563e-01
9.254481023689482555e-01
9.225732051128285871e-01
9.265112368460050041e-01
8.911397289433645730e-01
9.100938124435075105e-01
9.172255854328250635e-01
8.661527137919202701e-01
8.630861250046558686e-01
8.999261232467521410e-01
9.020745964154346375e-01
8.957766139683508433e-01
8.628586668278600547e-01
8.636712507260315697e-01
8.840219248849301437e-01
8.168785195090432216e-01
8.355016600671267835e-01
8.637422947384127969e-01
8.558869491626776016e-01
8.315041758153489670e-01
8.206556615888542794e-01
8.572505254946393149e-01
8.052683535239327783e-01
8.198467269253606471e-01
7.906945843425372544e-01
8.406307125027113747e-01
8.091824024647468194e-01
8.571525343388685103e-01
8.271568721220718956e-01
8.205658810685928506e-01
8.170310699929289600e-01
8.269399107738083510e-01
7.902385982458850489e-01
8.222185373329303770e-01
7.900238040144781371e-01
7.696172733893766882e-01
8.010906231743691874e-01
8.009526977246840262e-01
7.978388383695648178e-01
7.643983898193392745e-01
7.883565044511764430e-01
7.760932502394245480e-01
8.051559118601075982e-01
7.981352992790062828e-01
7.927744512995265058e-01
7.998001229794915456e-01
7.619889087035407460e-01
7.781182554823077302e-01
7.521545588376985503e-01
7.540400041856112345e-01
7.716836385053100766e-01
7.741562359318427955e-01
7.548298075347001923e-01
7.474147541142368567e-01
7.336508962659962219e-01
7.734164351973280560e-01
7.701324452550480926e-01
7.354893995253802830e-01
7.101656664516441397e-01
7.130303948353965415e-01
7.272141260297917409e-01
7.221726827229215662e-01
7.071213881219067243e-01
7.562493237533574053e-01
7.159075962283347749e-01
7.289887937775113569e-01
7.068996167898419225e-01
7.230408272325454799e-01
7.344697940248112733e-01
7.159026042677028023e-01
7.349953946341182265e-01
7.091265927280518966e-01
7.229342005893667489e-01
7.167869660406092081e-01
6.669923777143721422e-01
6.807966954092302680e-01
6.784234906032460266e-01
6.942651483464497009e-01
6.667387484724833779e-01
6.535291047416929011e-01
6.732372928947670809e-01
7.012836856760886750e-01
6.655645255657535175e-01
6.728344563304403669e-01
6.845559339774145435e-01
6.819077908767633422e-01
6.628978255939388387e-01
6.790168233759280580e-01
6.568299892182165589e-01
6.524821121970859616e-01
6.466753959753769321e-01
6.582688699283444356e-01
6.333676301247106455e-01
6.549091819493368938e-01
6.175321090303073079e-01
6.682189761665691119e-01
6.434999400843993689e-01
6.534917824951489429e-01
6.872382613658702954e-01
6.889847412566902918e-01
6.733820967163756110e-01
6.607271729163598506e-01
6.409286410446904947e-01
6.421767713976849201e-01
6.371130960293437395e-01
6.395052123033414526e-01
6.578689367930389276e-01
6.396984574375549348e-01
6.579828670660382572e-01
6.336445923758518006e-01
6.354462443515276338e-01
6.171841335852913391e-01
5.975867256953432127e-01
6.059174739698753864e-01
6.094403785668718321e-01
5.966993332052712429e-01
5.747838129911956306e-01
5.998273561563021161e-01
5.821690991627220813e-01
5.856982797820408093e-01
6.080665497292481181e-01
6.051615363955036297e-01
5.953635653511681891e-01
5.919426688104877377e-01
5.844092522371303611e-01
5.404027488311473615e-01
5.743608796826071838e-01
5.362915009828700397e-01
5.597520044954884533e-01
5.384704508913530363e-01
5.615575221987533228e-01
5.438808646215126386e-01
5.733552294488070133e-01
5.376317926677843806e-01
5.287305881546459085e-01
5.411106064225936763e-01
5.354568676385181858e-01
5.523249479530177863e-01
5.308973182462706220e-01
5.044858439624773094e-01
5.021415861982523321e-01
5.247827178479296251e-01
4.828932865856749856e-01
4.985994449583286969e-01
5.102800106406640834e-01
