4.750358894753360003e+07
0.000000000000000000e+00
0.000000000000000000e+00
0.000000000000000000e+00
0.000000000000000000e+00
0.000000000000000000e+00
0.000000000000000000e+00
0.000000000000000000e+00
0.000000000000000000e+00
0.000000000000000000e+00
0.000000000000000000e+00
0.000000000000000000e+00
0.000000000000000000e+00
0.000000000000000000e+00
0.000000000000000000e+00
0.000000000000000000e+00
0.000000000000000000e+00
0.000000000000000000e+00
0.000000000000000000e+00
0.000000000000000000e+00
0.000000000000000000e+00
0.000000000000000000e+00
0.000000000000000000e+00
0.000000000000000000e+00
0.000000000000000000e+00
0.000000000000000000e+00
0.000000000000000000e+00
0.000000000000000000e+00
0.000000000000000000e+00
0.000000000000000000e+00
0.000000000000000000e+00
0.000000000000000000e+00
0.000000000000000000e+00
0.000000000000000000e+00
0.000000000000000000e+00
0.000000000000000000e+00
0.000000000000000000e+00
0.000000000000000000e+00
0.000000000000000000e+00
0.000000000000000000e+00
0.000000000000000000e+00
0.000000000000000000e+00
0.000000000000000000e+00
0.000000000000000000e+00
0.000000000000000000e+00
0.000000000000000000e+00
0.000000000000000000e+00
0.000000000000000000e+00
0.000000000000000000e+00
0.000000000000000000e+00
0.000000000000000000e+00
0.000000000000000000e+00
0.000000000000000000e+00
0.000000000000000000e+00
0.000000000000000000e+00
0.000000000000000000e+00
0.000000000000000000e+00
0.000000000000000000e+00
0.000000000000000000e+00
0.000000000000000000e+00
0.000000000000000000e+00
0.000000000000000000e+00
0.000000000000000000e+00
0.000000000000000000e+00
0.000000000000000000e+00
0.000000000000000000e+00
0.000000000000000000e+00
0.000000000000000000e+00
0.000000000000000000e+00
0.000000000000000000e+00
0.000000000000000000e+00
0.000000000000000000e+00
0.000000000000000000e+00
0.000000000000000000e+00
0.000000000000000000e+00
0.000000000000000000e+00
0.000000000000000000e+00
0.000000000000000000e+00
0.000000000000000000e+00
0.000000000000000000e+00
0.000000000000000000e+00
0.000000000000000000e+00
0.000000000000000000e+00
0.000000000000000000e+00
0.000000000000000000e+00
0.000000000000000000e+00
0.000000000000000000e+00
0.000000000000000000e+00
0.000000000000000000e+00
0.000000000000000000e+00
0.000000000000000000e+00
0.000000000000000000e+00
0.000000000000000000e+00
0.000000000000000000e+00
0.000000000000000000e+00
0.000000000000000000e+00
0.000000000000000000e+00
0.000000000000000000e+00
0.000000000000000000e+00
0.000000000000000000e+00
0.000000000000000000e+00
0.000000000000000000e+00
0.000000000000000000e+00
0.000000000000000000e+00
0.000000000000000000e+00
0.000000000000000000e+00
0.000000000000000000e+00
0.000000000000000000e+00
0.000000000000000000e+00
0.000000000000000000e+00
0.000000000000000000e+00
0.000000000000000000e+00
0.000000000000000000e+00
0.000000000000000000e+00
0.000000000000000000e+00
0.000000000000000000e+00
0.000000000000000000e+00
0.000000000000000000e+00
0.000000000000000000e+00
0.000000000000000000e+00
0.000000000000000000e+00
0.000000000000000000e+00
0.000000000000000000e+00
0.000000000000000000e+00
0.000000000000000000e+00
0.000000000000000000e+00
0.000000000000000000e+00
0.000000000000000000e+00
0.000000000000000000e+00
0.000000000000000000e+00
0.000000000000000000e+00
0.000000000000000000e+00
0.000000000000000000e+00
0.000000000000000000e+00
0.000000000000000000e+00
0.000000000000000000e+00
0.000000000000000000e+00
0.000000000000000000e+00
0.000000000000000000e+00
0.000000000000000000e+00
0.000000000000000000e+00
0.000000000000000000e+00
0.000000000000000000e+00
0.000000000000000000e+00
0.000000000000000000e+00
0.000000000000000000e+00
0.000000000000000000e+00
0.000000000000000000e+00
0.000000000000000000e+00
0.000000000000000000e+00
0.000000000000000000e+00
0.000000000000000000e+00
0.000000000000000000e+00
0.000000000000000000e+00
0.000000000000000000e+00
0.000000000000000000e+00
0.000000000000000000e+00
0.000000000000000000e+00
0.000000000000000000e+00
0.000000000000000000e+00
0.000000000000000000e+00
0.000000000000000000e+00
0.000000000000000000e+00
0.000000000000000000e+00
0.000000000000000000e+00
0.000000000000000000e+00
0.000000000000000000e+00
0.000000000000000000e+00
0.000000000000000000e+00
0.000000000000000000e+00
0.000000000000000000e+00
0.000000000000000000e+00
0.000000000000000000e+00
0.000000000000000000e+00
0.000000000000000000e+00
0.000000000000000000e+00
0.000000000000000000e+00
0.000000000000000000e+00
0.000000000000000000e+00
0.000000000000000000e+00
0.000000000000000000e+00
0.000000000000000000e+00
0.000000000000000000e+00
0.000000000000000000e+00
0.000000000000000000e+00
0.000000000000000000e+00
0.000000000000000000e+00
0.000000000000000000e+00
0.000000000000000000e+00
2.204290785823356455e-02
1.454139612615195851e-02
1.438992462665077653e-02
0.000000000000000000e+00
1.409399643585504923e-02
0.000000000000000000e+00
1.380710387708315549e-02
0.000000000000000000e+00
6.764441405456734537e-03
6.696457644852867562e-03
0.000000000000000000e+00
6.563529065473280681e-03
6.498544162692835961e-03
0.000000000000000000e+00
6.371436599604959720e-03
0.000000000000000000e+00
6.248022107530292607e-03
6.187655216061689611e-03
0.000000000000000000e+00
0.000000000000000000e+00
0.000000000000000000e+00
2.977364831473159820e-02
1.769566015988013885e-02
1.752950495298094893e-02
2.315423866922479076e-02
2.293885196296827425e-02
1.136322835502390390e-02
1.125849888456065782e-02
1.115521063177043679e-02
1.105333727335131716e-02
5.476426542123819310e-03
2.713433230353316794e-02
5.377976104038542128e-03
3.197846075553219258e-02
4.753941103469364049e-02
1.047040917487474486e-02
2.594437823498864371e-02
5.657474875786232260e-02
4.588239455027153663e-02
1.010703944566250165e-02
3.005745810703613213e-02
2.979722200720676464e-02
2.461695916782647570e-02
2.928678732033154763e-02
3.387588683399390954e-02
3.358758316174231817e-02
4.757563476749884085e-02
5.660898601227578458e-02
1.871109435288275530e-02
5.566355122505207975e-02
4.599974249482208927e-02
5.474160491180558863e-02
3.619279835969612530e-02
4.486864616765324359e-02
7.565148315986590377e-02
2.648256122666172580e-02
6.129026643042575356e-02
3.473942382397528228e-02
5.168890305710821531e-02
5.127373338606126124e-02
6.781806095390052747e-02
6.307282581434967006e-02
9.177263402221133570e-02
6.621611814356689885e-02
9.033025937512745296e-02
8.962179039865572627e-02
1.050891916884272997e-01
1.604175094008153668e-01
1.273391752542726019e-01
1.145100036211874617e-01
1.253839026754834940e-01
1.283113334310614362e-01
2.160783119139372266e-01
1.838015475287989031e-01
1.900094981745094058e-01
1.772609427951179761e-01
1.834144647371545866e-01
1.969010355790981326e-01
1.696199067678919314e-01
2.195984322397017685e-01
1.961746061863853530e-01
2.055449869165255350e-01
2.219313207068713545e-01
1.741123777205654533e-01
2.222247730061185367e-01
2.801379047471927453e-01
3.059187217298685035e-01
3.209661780575016055e-01
4.043175839275831018e-01
3.469895319470610029e-01
3.613988422317923610e-01
3.051703024605382231e-01
3.329736078885196515e-01
3.306204473434050106e-01
3.447067511898345704e-01
3.618470673442219510e-01
3.981617249571094419e-01
3.568127398083700275e-01
4.181790067149063206e-01
4.121149310855515280e-01
4.344587870941515328e-01
3.626873045637568627e-01
3.912551507822872310e-01
4.040044965153365975e-01
4.747687593319924182e-01
4.350429036438478447e-01
4.653421616159341689e-01
4.411990764181362157e-01
5.097870844237136767e-01
4.175390536138066655e-01
4.441707518462927884e-01
4.616733444113286233e-01
4.615185486371472523e-01
5.593937933333474888e-01
5.499845783026863222e-01
6.516697547857017714e-01
6.898172912462805506e-01
6.291493356450280627e-01
5.580928256701286339e-01
5.156669459313359960e-01
6.032391193708003252e-01
6.705166505739338367e-01
6.308681132661398960e-01
6.133276023173408475e-01
6.631145567016054621e-01
6.562366909119239367e-01
6.944952305168580198e-01
6.506032527271722321e-01
5.863099534646695199e-01
6.320538927683020392e-01
6.048404736958313821e-01
7.218001481039615363e-01
6.994478267649939518e-01
7.001907402938284397e-01
6.908260629898039795e-01
7.091265674293629750e-01
7.222087360407609680e-01
6.930401375549263276e-01
6.961944493643473786e-01
6.455054459942368705e-01
7.412346880874651767e-01
6.981064502548659512e-01
7.299166254329053638e-01
7.207595132049715581e-01
7.828688354326195364e-01
6.791520048548781441e-01
7.407450858909175873e-01
6.944050560054880750e-01
7.157768931987047445e-01
7.023429775144388598e-01
7.279713971744927736e-01
6.486006541156404959e-01
7.443569343306738473e-01
7.512631269911452803e-01
7.334780490671249931e-01
7.403422645672175229e-01
7.913228145446603579e-01
7.494016873717233018e-01
8.040905684109089790e-01
7.169273424479183365e-01
8.121948950289058500e-01
8.805916934652470163e-01
7.581313719501405757e-01
7.687003938489722632e-01
8.551513079252720528e-01
9.280183618533524026e-01
8.622587737142257680e-01
8.449716209260907940e-01
7.948321418543810024e-01
8.540470481946262904e-01
8.962589751760713375e-01
8.263245572669939421e-01
8.379117556375575981e-01
8.393189941857374103e-01
7.428496149136807336e-01
8.758108451027292185e-01
7.900453564006302276e-01
8.210982402254083379e-01
7.423961461848050947e-01
7.791771152982760462e-01
7.846282670835290629e-01
7.957757852354794270e-01
8.507641469896857211e-01
7.910566442162684231e-01
7.508896219742651201e-01
8.221377721658827964e-01
8.664189024754992419e-01
7.929511799206542255e-01
8.257864639840430954e-01
7.901186969963892581e-01
7.786318870498967204e-01
7.253382277804989453e-01
7.559860622455399914e-01
8.891005110983408732e-01
7.768264076436002252e-01
7.567283253371652751e-01
8.060721408932739473e-01
7.842432660675342504e-01
7.696575301417207804e-01
7.517150347612654437e-01
7.687306085955819546e-01
7.838319379321743163e-01
8.762359763383968936e-01
7.484606059181604376e-01
9.065442176987690281e-01
8.290518227070038382e-01
8.079963024143093087e-01
8.358142980192397875e-01
8.182549702107321243e-01
8.241226760674622565e-01
8.051230014511729927e-01
8.307171540722059211e-01
8.102162366724294795e-01
7.377908692412641356e-01
8.022042629212177145e-01
7.579274771224332463e-01
7.140771575544427874e-01
8.510850407256483896e-01
8.278456025121491146e-01
7.921737627395776249e-01
7.946033964523850912e-01
8.768565617975061510e-01
8.352028427141818812e-01
8.420129639058454574e-01
8.919564820164851415e-01
7.862990437875703176e-01
8.130859065667487284e-01
7.848497937495713117e-01
8.386170047925850524e-01
8.270814493449699656e-01
8.156462253185101652e-01
8.789216387972115241e-01
8.123796421813785917e-01
7.774978232369468278e-01
8.120805587353749910e-01
7.950808741974789706e-01
7.840612920309986134e-01
7.557297523357835445e-01
8.474863891635827651e-01
7.975505162106971691e-01
7.938409856289987410e-01
8.129365842237652462e-01
8.403495384043930816e-01
7.631183820460225586e-01
8.003197353345247178e-01
8.567375227365300328e-01
8.013330238500945280e-01
8.253623245394611230e-01
8.781125729758525456e-01
8.562730452734687026e-01
8.086690606671825821e-01
8.430760351741201086e-01
8.609195720223086212e-01
8.031313740614213215e-01
9.095138743984535479e-01
9.307994784756411510e-01
8.654708729015238022e-01
8.536575262331020930e-01
7.813317999319535634e-01
9.103354657658203619e-01
9.715841722703986161e-01
9.919775327848363577e-01
9.539351858030323816e-01
9.046213540243956963e-01
9.481056760706251252e-01
9.490474583104783202e-01
9.944818995234400161e-01
9.382175177580501790e-01
9.353811260182072207e-01
9.024374406545430105e-01
9.372536221862921568e-01
9.481184515801525103e-01
9.328642768889072734e-01
8.905957559177225535e-01
9.014953303391951556e-01
9.184074533126773687e-01
9.461250650730956835e-01
9.117619100926763753e-01
8.764765309432963614e-01
9.424618389994945389e-01
8.797981585814345085e-01
9.523452659138245124e-01
9.364412008975344648e-01
9.525731171091321725e-01
1.035641895737247742e+00
1.014874556707337616e+00
9.919385987951839789e-01
1.000562562461298599e+00
9.396717826346626667e-01
9.645583004288252882e-01
9.582441178451567287e-01
9.851160435597000609e-01
9.127433893979112201e-01
9.622323781748757243e-01
9.435832713848469888e-01
9.958938991865980972e-01
1.016422554368543452e+00
9.888373104145325998e-01
1.014761239697908879e+00
1.019456502341459458e+00
9.789562527013355719e-01
9.629049272255171266e-01
1.035447801067426177e+00
9.931737344003426227e-01
1.068241680722917808e+00
9.419949418468334112e-01
9.908559530802900639e-01
1.003994313141792327e+00
9.786410569716029739e-01
1.016128269172067000e+00
9.591868669839581640e-01
1.001703695075202294e+00
1.024989961580429654e+00
1.051217959995789375e+00
9.658639364945295069e-01
9.796622922592379545e-01
9.819856071264455588e-01
9.400570747988176157e-01
9.804078299577355660e-01
9.622694658001686996e-01
9.737423526742668978e-01
9.506946009134671360e-01
1.022618411318550580e+00
1.009590491084372044e+00
9.846482928623696562e-01
1.036643696793280833e+00
1.048512252285576540e+00
1.006871521989354923e+00
9.753970059668652937e-01
1.005007649932234681e+00
9.600797659534224815e-01
9.466549946393078008e-01
9.362366147716743026e-01
1.005142610340124421e+00
9.733851547602554444e-01
9.946143177720844220e-01
9.831886807078266122e-01
1.011820443383857127e+00
1.067727428901956932e+00
1.007955533812737059e+00
1.010739620951583539e+00
1.033184200761649629e+00
9.966090361584181156e-01
1.004035710907870138e+00
9.752452239096449649e-01
9.974595130754416727e-01
9.863766338912818288e-01
1.032204811478267148e+00
9.589573751889215458e-01
1.069137083488527429e+00
1.023476762095758552e+00
1.002532649714982460e+00
1.030328014242726020e+00
1.009498898649875409e+00
1.002214552422086236e+00
1.044814698446305146e+00
9.877854536027668164e-01
1.064568619225759960e+00
1.095892741979733298e+00
1.012967862409779318e+00
1.059967024140662906e+00
1.043059586639031089e+00
1.093933698671360366e+00
1.128009858727188730e+00
1.063649783425308470e+00
1.164511270025817335e+00
1.104743199363548145e+00
1.134856207693284658e+00
1.052686109295542183e+00
1.111516620949628553e+00
1.094903693244853482e+00
1.027169641057157801e+00
1.154068792108895680e+00
1.074916715337105311e+00
1.086893161350833470e+00
1.083045755954598954e+00
9.876336663122594617e-01
1.000593561536969212e+00
1.062613181509783455e+00
1.000096956518944813e+00
9.925201424953725704e-01
1.032010371569322515e+00
1.085759793619656799e+00
1.070699538516423743e+00
1.022846108573278512e+00
1.035277224007755903e+00
1.003799203824912167e+00
1.019373545114816482e+00
1.107620581273462301e+00
1.008395216200296041e+00
1.030060587288076812e+00
1.013203748250058212e+00
1.046396551348160342e+00
1.055248998295322815e+00
1.042335487924879622e+00
1.063486228179690851e+00
1.134516054891730130e+00
1.093831571528928848e+00
1.095462235881872193e+00
1.055935177860710228e+00
1.037929506924872847e+00
1.097980359808495843e+00
1.057317643190699874e+00
1.032706682370722495e+00
1.094399116000133176e+00
9.764971737224515946e-01
1.034976677249860977e+00
1.002588597033395645e+00
9.571079305116212410e-01
1.043042272250519265e+00
1.028553121842751938e+00
1.043423151526703396e+00
1.080796444281994839e+00
1.045229722135694095e+00
1.041768699733295778e+00
1.083814731534372466e+00
1.044973530226212421e+00
1.121868894954496820e+00
1.068847133900686641e+00
1.090990565026668246e+00
1.041246416907722461e+00
1.077482650022176358e+00
1.092307721754714134e+00
1.116173509821615006e+00
1.163713104006660837e+00
1.092848461988122244e+00
1.092782673515550584e+00
1.031619681932671284e+00
1.050424444629833420e+00
1.006335645916149879e+00
1.045715548028876452e+00
1.017676755344751882e+00
1.103890672592436006e+00
1.007062526885560416e+00
1.047951911684931625e+00
1.058806090089908114e+00
1.070259947744956586e+00
1.079618617242265266e+00
1.110355436181931887e+00
1.117512403785176467e+00
1.060031009781811528e+00
1.052025000681511724e+00
1.032154867042041069e+00
1.077700213770199200e+00
1.064438531394832133e+00
1.076815473611827390e+00
1.123736052628199422e+00
1.134536081702791632e+00
1.029697794864255167e+00
1.041360784695710695e+00
1.031654660844325999e+00
1.028435772162286321e+00
1.029720119793610777e+00
1.052084315474901333e+00
1.046905401435938687e+00
1.067797377499940525e+00
1.084122223747281399e+00
1.027742514953305708e+00
1.045338793068242511e+00
1.012002038838514695e+00
1.047667524091912439e+00
1.022001029346155443e+00
1.047461445981191064e+00
1.064084813670951313e+00
1.011403559641727679e+00
1.083461591227140364e+00
1.046384218716073455e+00
1.080543441976370644e+00
1.074817737500300519e+00
1.082508644111868756e+00
1.083474859403410706e+00
1.036045200226435092e+00
1.034724114931416805e+00
1.060458799339456082e+00
1.024300048021820286e+00
1.028390094330626781e+00
1.060451639652465472e+00
9.770855267800765409e-01
9.842274314638177479e-01
9.877797161019390426e-01
1.053704547882809317e+00
1.028261378294964778e+00
1.050948137893668477e+00
1.035573114999500222e+00
1.065656544453089438e+00
1.114696051423795797e+00
1.055886054780294403e+00
1.059108716537880079e+00
1.121516476808080309e+00
1.079812082849556765e+00
1.107495165676212201e+00
1.067206611530640892e+00
1.122592687573273684e+00
1.075122339420148787e+00
1.076497059814938817e+00
1.102637534982461087e+00
1.020250929259070904e+00
1.030157740291720803e+00
1.020464208041394372e+00
1.020285151755912834e+00
1.010112714743730100e+00
9.911404736014393091e-01
1.020280376013512180e+00
1.026689393479391477e+00
9.919104987887055191e-01
9.726447532646548266e-01
9.818501902167812156e-01
9.463984037756457690e-01
1.006056757857039408e+00
1.017779715290584974e+00
9.458475524706548843e-01
9.791757735581322342e-01
9.822840948986637510e-01
1.013172867030806890e+00
9.761737715964994289e-01
9.595822487824111624e-01
9.701168497197912854e-01
9.731873398883690296e-01
9.846706160714653322e-01
1.013431304311487757e+00
9.922310411111499029e-01
9.727140834964992377e-01
9.684180963530125696e-01
9.953275761358693074e-01
9.464110757950893182e-01
9.768420221852672780e-01
9.715363953451227053e-01
9.513515404968477807e-01
9.538268838854798704e-01
9.889957408094091074e-01
9.750353705811037885e-01
1.004860318042626988e+00
1.044653631584653741e+00
1.029127227529228916e+00
9.395844809110287521e-01
9.882657214989475358e-01
9.990781554671784859e-01
9.618355589052408616e-01
9.422427563955911856e-01
9.883807232822587885e-01
9.787314746098191298e-01
9.903928763148889258e-01
1.018259321365632575e+00
1.050395832068947266e+00
1.022522381041409023e+00
1.027076267991615222e+00
1.045746517434869016e+00
1.062852355091216117e+00
1.024073633015100793e+00
1.043073129729248816e+00
1.018541848521824944e+00
1.002319420641240688e+00
1.039928790235981948e+00
1.009849234588256817e+00
1.054866084794619185e+00
1.022044115142513698e+00
1.013606963812746953e+00
1.011840130817648786e+00
1.006773576278814586e+00
9.956079962161313857e-01
1.038514275483182203e+00
9.968670314501871799e-01
9.993550642652657690e-01
9.850515925922367355e-01
9.945216990946944557e-01
9.348768666557388807e-01
9.790931721961807499e-01
9.456159726411770272e-01
9.840462323733623062e-01
9.461392554354386419e-01
9.724666311025329524e-01
1.002302063655220898e+00
9.696402590676659328e-01
9.838900906438867722e-01
9.804091919618841411e-01
9.819091042931044067e-01
9.401715594323445391e-01
1.008228645499765097e+00
9.478200699728589473e-01
1.043643326657605952e+00
9.914704452094631471e-01
1.003565348673910895e+00
9.606253800990557368e-01
9.930698164250134630e-01
9.587511770948468071e-01
9.839887803467354255e-01
9.682906442226599797e-01
9.684239039404186622e-01
9.929962598004946628e-01
9.939297384855797501e-01
9.779196088973162171e-01
9.654532775522522980e-01
9.500233340336189380e-01
9.622480474025457697e-01
9.460390187449420063e-01
9.213349113210431707e-01
9.322472762686808689e-01
9.512056419759581383e-01
9.300708676423562471e-01
9.650594633748751372e-01
9.410272567801968302e-01
9.627158178267960498e-01
9.375411331305885110e-01
9.708863897849805413e-01
9.818506588964220905e-01
9.634964886784953553e-01
9.994352797733317972e-01
9.661502252113997047e-01
9.529423364188172041e-01
9.712482713794466926e-01
9.337329287387597931e-01
1.001400741355646273e+00
1.002189350668238887e+00
9.595416253092728942e-01
9.391722958412326294e-01
9.462154927369149648e-01
9.723340573682677235e-01
9.816883426287567049e-01
9.808770311932647479e-01
1.022046521506505101e+00
9.796600869291393066e-01
9.547510732299264724e-01
9.864566668441877573e-01
1.001216511294477085e+00
9.624743480832487208e-01
9.931237718416816573e-01
1.020446043231547195e+00
9.748079140409607879e-01
9.661075131289680318e-01
9.582343926872702866e-01
9.782918699598157630e-01
9.688539380300217330e-01
9.457748174753194403e-01
1.002370607952296044e+00
9.621968326214125344e-01
9.684032621434586208e-01
9.556041211418957460e-01
9.965543842717432543e-01
1.009175056505716039e+00
9.767572731962497201e-01
9.878251801261641596e-01
9.644075165647442160e-01
9.563647803806972769e-01
9.217079211578047548e-01
9.624150750888951222e-01
9.328297356451147326e-01
9.615928238730414579e-01
9.366702274067350009e-01
9.652816181230260417e-01
9.663581528028005740e-01
9.801561220973632471e-01
9.457041210204137904e-01
9.598527951590822838e-01
9.802510737397192031e-01
9.679152882104185007e-01
9.841229165858698114e-01
9.445176509974966272e-01
9.824238944671439544e-01
9.518204157503842300e-01
9.664367878020541092e-01
9.473439008207855672e-01
9.232313135942435967e-01
9.196084524570369290e-01
9.403250503754133627e-01
9.511624308806793104e-01
9.485761282028766228e-01
9.596989969728407788e-01
9.394754929606268234e-01
9.107315420367012582e-01
8.950069907708704253e-01
9.404292209650816359e-01
9.250601163286396034e-01
8.958947578646198062e-01
9.147452288572327506e-01
9.115661574464918315e-01
8.981608699645891036e-01
9.136983612267229882e-01
9.031564919178742823e-01
9.143987822377321883e-01
8.857090347664284824e-01
9.025190279322659048e-01
8.600553892529141375e-01
8.976866069078817123e-01
8.744870825140511617e-01
8.762899107790808051e-01
9.132745034785181293e-01
8.829621526742497117e-01
8.445428854933164642e-01
8.964178777951524735e-01
8.882242687873590503e-01
8.739255932206990707e-01
8.899794790261498223e-01
8.624940420732088997e-01
8.602016935519316565e-01
8.487907257452074195e-01
8.758773502404996192e-01
8.412593389548280731e-01
8.279471457443002835e-01
8.441717963457525675e-01
8.262293594662617480e-01
8.253731173220064665e-01
8.185293958226834699e-01
8.010906231743691874e-01
8.092338463777515312e-01
7.908982353845769309e-01
7.670365205866190861e-01
8.051370477429168337e-01
8.187718130698498076e-01
7.861571149162970285e-01
7.837544830757808834e-01
7.725556047423193240e-01
7.812530900218710439e-01
7.847154632877963998e-01
7.771464175279169107e-01
7.776896727819091470e-01
7.524274293263605307e-01
7.794069109507344439e-01
7.613124991266692065e-01
7.647617786864726597e-01
7.681940351310997395e-01
7.499188074440682472e-01
7.485907224625990564e-01
7.666390609672932843e-01
7.240815501574726643e-01
7.594915097136460957e-01
7.559384185954027835e-01
7.435843141482112451e-01
7.353659200758413395e-01
7.654212898021702793e-01
7.762658484515438939e-01
7.702092186100829574e-01
7.551464437891776127e-01
7.842701682538729679e-01
7.438142986839093584e-01
7.434418344741454687e-01
7.449215110383643479e-01
7.565585453568292040e-01
7.204996676872794659e-01
7.459380465987865971e-01
7.192354270689289564e-01
7.256290702606905674e-01
6.951196339429069893e-01
7.036629122617262810e-01
6.951754610409598412e-01
6.958063778336815997e-01
6.915987613285876634e-01
6.946434047602074724e-01
6.757113505055748481e-01
6.673657827391386022e-01
6.878129615915810069e-01
6.714028941979358622e-01
6.613252722544987749e-01
6.569445447174777630e-01
6.573334340030309031e-01
6.725393707293021439e-01
6.291157990223036345e-01
6.304421021466933839e-01
6.405972224134895976e-01
6.418909068178041410e-01
6.478703013551657675e-01
6.552864417624919557e-01
6.314202038776758341e-01
6.464143419869555762e-01
6.418586399496188921e-01
6.474782774946185038e-01
6.272975828339600879e-01
6.421695360102088745e-01
6.587083644438961327e-01
6.063927466013304679e-01
6.344224007233836282e-01
6.156180523036574037e-01
6.091887755841310925e-01
6.290425755713049405e-01
6.066597125298273108e-01
6.025588242678190376e-01
6.066990971763416285e-01
5.938379602002249458e-01
5.979765724485408551e-01
5.693986725965062279e-01
5.656917549458772010e-01
5.948430042299408527e-01
5.543981128700619099e-01
5.873641980031625298e-01
5.780661776538874586e-01
5.827259323517824940e-01
5.629149501130999989e-01
5.772888994693545772e-01
5.678058860007194619e-01
5.426203181424144040e-01
5.679673372525210207e-01
5.461820117378545225e-01
5.810221530094153986e-01
5.535447486116114035e-01
5.488651039620809913e-01
5.496590102623827301e-01
5.741325484984143301e-01
5.463435786849022424e-01
5.419829752634116593e-01
5.086870369814804338e-01
5.117088132121805355e-01
5.295390447114572963e-01
5.163679743197713279e-01
5.338464710441166439e-01
5.161640032519230203e-01
5.194025626145537533e-01
5.220934937253136621e-01
5.292987663637993556e-01
5.096370900416855587e-01
5.141845594122042007e-01
5.150077069474031655e-01
5.068464494924608266e-01
