4.750358894753356278e+07
0.000000000000000000e+00
0.000000000000000000e+00
0.000000000000000000e+00
0.000000000000000000e+00
0.000000000000000000e+00
0.000000000000000000e+00
0.000000000000000000e+00
0.000000000000000000e+00
0.000000000000000000e+00
0.000000000000000000e+00
0.000000000000000000e+00
0.000000000000000000e+00
0.000000000000000000e+00
0.000000000000000000e+00
0.000000000000000000e+00
0.000000000000000000e+00
0.000000000000000000e+00
0.000000000000000000e+00
0.000000000000000000e+00
0.000000000000000000e+00
0.000000000000000000e+00
0.000000000000000000e+00
0.000000000000000000e+00
0.000000000000000000e+00
0.000000000000000000e+00
0.000000000000000000e+00
0.000000000000000000e+00
0.000000000000000000e+00
0.000000000000000000e+00
0.000000000000000000e+00
0.000000000000000000e+00
0.000000000000000000e+00
0.000000000000000000e+00
0.000000000000000000e+00
0.000000000000000000e+00
0.000000000000000000e+00
0.000000000000000000e+00
0.000000000000000000e+00
0.000000000000000000e+00
0.000000000000000000e+00
0.000000000000000000e+00
0.000000000000000000e+00
0.000000000000000000e+00
0.000000000000000000e+00
0.000000000000000000e+00
0.000000000000000000e+00
0.000000000000000000e+00
0.000000000000000000e+00
0.000000000000000000e+00
0.000000000000000000e+00
0.000000000000000000e+00
0.000000000000000000e+00
0.000000000000000000e+00
0.000000000000000000e+00
0.000000000000000000e+00
0.000000000000000000e+00
0.000000000000000000e+00
0.000000000000000000e+00
0.000000000000000000e+00
0.000000000000000000e+00
0.000000000000000000e+00
0.000000000000000000e+00
0.000000000000000000e+00
0.000000000000000000e+00
0.000000000000000000e+00
0.000000000000000000e+00
0.000000000000000000e+00
0.000000000000000000e+00
0.000000000000000000e+00
0.000000000000000000e+00
0.000000000000000000e+00
0.000000000000000000e+00
0.000000000000000000e+00
0.000000000000000000e+00
0.000000000000000000e+00
0.000000000000000000e+00
0.000000000000000000e+00
0.000000000000000000e+00
0.000000000000000000e+00
0.000000000000000000e+00
0.000000000000000000e+00
0.000000000000000000e+00
0.000000000000000000e+00
0.000000000000000000e+00
0.000000000000000000e+00
0.000000000000000000e+00
0.000000000000000000e+00
0.000000000000000000e+00
0.000000000000000000e+00
0.000000000000000000e+00
0.000000000000000000e+00
0.000000000000000000e+00
0.000000000000000000e+00
0.000000000000000000e+00
0.000000000000000000e+00
0.000000000000000000e+00
0.000000000000000000e+00
0.000000000000000000e+00
0.000000000000000000e+00
0.000000000000000000e+00
0.000000000000000000e+00
0.000000000000000000e+00
0.000000000000000000e+00
0.000000000000000000e+00
0.000000000000000000e+00
0.000000000000000000e+00
0.000000000000000000e+00
0.000000000000000000e+00
0.000000000000000000e+00
0.000000000000000000e+00
0.000000000000000000e+00
0.000000000000000000e+00
0.000000000000000000e+00
0.000000000000000000e+00
0.000000000000000000e+00
0.000000000000000000e+00
0.000000000000000000e+00
0.000000000000000000e+00
0.000000000000000000e+00
0.000000000000000000e+00
0.000000000000000000e+00
0.000000000000000000e+00
0.000000000000000000e+00
0.000000000000000000e+00
0.000000000000000000e+00
0.000000000000000000e+00
0.000000000000000000e+00
0.000000000000000000e+00
0.000000000000000000e+00
0.000000000000000000e+00
0.000000000000000000e+00
0.000000000000000000e+00
0.000000000000000000e+00
0.000000000000000000e+00
0.000000000000000000e+00
0.000000000000000000e+00
0.000000000000000000e+00
0.000000000000000000e+00
0.000000000000000000e+00
0.000000000000000000e+00
0.000000000000000000e+00
0.000000000000000000e+00
0.000000000000000000e+00
0.000000000000000000e+00
0.000000000000000000e+00
0.000000000000000000e+00
0.000000000000000000e+00
0.000000000000000000e+00
0.000000000000000000e+00
0.000000000000000000e+00
0.000000000000000000e+00
2.269338295595789423e-02
1.119933393307271340e-02
1.105482841640441014e-02
5.456550900367475136e-03
5.387041643828093668e-03
1.063770431915387303e-02
5.251949246534537256e-03
2.593150370563528789e-02
2.048750191449674393e-02
1.011728651228976233e-02
9.993149594505281591e-03
1.974256687225496923e-02
3.413071546353076829e-02
2.890243459592083813e-02
2.379691818050160002e-02
1.881089992104250513e-02
1.394121625075676191e-02
2.755440768968142259e-02
3.177082721267845966e-02
1.345774421830603536e-02
3.990649530936993261e-02
3.944780504027375206e-02
1.733199018570374950e-02
3.855383523741192503e-02
2.541213556160950779e-02
2.093884080785648333e-02
2.484586767218721973e-02
1.228490266592219098e-02
2.429831854780840211e-02
2.002608896675785871e-02
6.338312575002653937e-02
3.918386596944739564e-02
2.713218252900878938e-02
2.684044145697403808e-02
3.414006085246466121e-02
1.876492897740352633e-02
2.599290422849537610e-02
2.939348257148310939e-02
3.999283783100413686e-02
5.036977216330001256e-02
4.628725242852074762e-02
3.171466281278869509e-02
3.138938708595433169e-02
3.797333223588744699e-02
2.733659600048754870e-02
5.073838336469718019e-02
2.009138167097839628e-02
3.315078256158294351e-02
1.641046338187773443e-02
1.007375062580174174e-01
9.009228207170884295e-02
1.019531788729107075e-01
1.104233830451288451e-01
8.748105586173894610e-02
5.878860223727279399e-02
7.660964683158447142e-02
8.498173127874358856e-02
8.417238760379737450e-02
8.932987614556897604e-02
6.489057501284307972e-02
6.135940204869547859e-02
7.815336928280706974e-02
7.742636646344651374e-02
8.239164309072895265e-02
6.755774773125225452e-02
8.088336379937173526e-02
1.133080355897023161e-01
9.584704727533667479e-02
1.194030000479681664e-01
9.681324926174204870e-02
1.092706657963382344e-01
1.082950413621372315e-01
1.073324251387606509e-01
8.821970620554057951e-02
1.157326479553237031e-01
1.045203486427159351e-01
1.111885505340144964e-01
1.002015451743409474e-01
1.365842565608814119e-01
1.403306975203100770e-01
1.293629110358269496e-01
1.161575111449792697e-01
1.247663544556602278e-01
1.022978424888235510e-01
1.533313338506183676e-01
1.660775668176289466e-01
1.461314321869360555e-01
1.771167167351123950e-01
1.642412355748062158e-01
1.741952581486438112e-01
1.951981267387834229e-01
1.579938934168743370e-01
1.611183560760768574e-01
2.014024402024613414e-01
1.672001938289285894e-01
1.766214107211365181e-01
2.136619176946406851e-01
1.843987894101195846e-01
2.081611371386773435e-01
2.628297296901214719e-01
1.945292960865283305e-01
2.607520459142563807e-01
2.342621918950052451e-01
2.465800643448216312e-01
2.546882599070381947e-01
2.945012870153587148e-01
2.843291258728484205e-01
2.782233508329577387e-01
2.547040210585749254e-01
2.469713343823558838e-01
2.470080253551861782e-01
2.261339116970618457e-01
2.828914900802635413e-01
2.676621532857384467e-01
2.972388282473092946e-01
2.876451224103924176e-01
3.074685458420251538e-01
2.634089087443594601e-01
3.390028192953936093e-01
3.060810523144713025e-01
3.553669126885462548e-01
3.368982199438583236e-01
3.326970249371748456e-01
3.528847161378492747e-01
3.348046487333196097e-01
3.204023227850810729e-01
2.925890545004000698e-01
4.137923819303042094e-01
3.303547298821926659e-01
3.846229717174904361e-01
3.670253917513143782e-01
3.644407166135579246e-01
3.700337720461995272e-01
3.625900175660097258e-01
3.793523717722562250e-01
4.006619310266625877e-01
3.630144450264010114e-01
3.573623402127410476e-01
3.736678153042280459e-01
3.742139668445808587e-01
3.793703956474630545e-01
3.921063072707818287e-01
4.168310300072576302e-01
3.717065520456760419e-01
4.067241666964483415e-01
4.263558029179860265e-01
4.042537564289544472e-01
4.059714748229767967e-01
4.573360940871289415e-01
4.528559280305452517e-01
4.974488552993791557e-01
4.726902565526113209e-01
4.767056694478598589e-01
5.499298309514579763e-01
5.056169820169241769e-01
5.288458263302778795e-01
5.198775276913053522e-01
5.302974505516332426e-01
4.680400487199942172e-01
5.425464360215448423e-01
5.377286205287972187e-01
6.229067201385257713e-01
5.949407101150600008e-01
5.858732547867897544e-01
6.849140068916447222e-01
6.256343316285849498e-01
5.839929511010586438e-01
6.385065601229228394e-01
6.319593983692773920e-01
6.127162901201964607e-01
5.746705087356746011e-01
6.505508970132898305e-01
6.039455512082235744e-01
5.628810159676476133e-01
6.621670491640186951e-01
6.224551506980666726e-01
6.773594214143418002e-01
6.416574567022697018e-01
7.090475104684442753e-01
6.975723080461575520e-01
6.945761269777496194e-01
6.251714080838048915e-01
6.686071021197640407e-01
6.271174791948510574e-01
6.443697864613351367e-01
7.563900433921100230e-01
7.139281753597813696e-01
6.833999680189127846e-01
6.987379328511506005e-01
6.573170541941101286e-01
6.771042274951528661e-01
6.742858047125066534e-01
6.292426740650165495e-01
6.432904028600002766e-01
6.626604133261833063e-01
7.178537050461474278e-01
6.768036279582978487e-01
6.804972699870756037e-01
7.002477963132571759e-01
6.952012289533991973e-01
6.604688582288942289e-01
6.546257098683353481e-01
6.834845718564402928e-01
6.911287942155625030e-01
6.882950868438125758e-01
6.710292871800979109e-01
7.781639336835938225e-01
8.095722477730438182e-01
7.279286844066775730e-01
7.279455219415907896e-01
7.651017024903314923e-01
7.309412490208468949e-01
7.388530868117059169e-01
7.328403374414522720e-01
7.465275834902445062e-01
7.532166601684909812e-01
7.889714220419904445e-01
7.402528929822533854e-01
7.699035498073540928e-01
7.600282312849288013e-01
7.759215930868579303e-01
7.746096877931880620e-01
7.591893844646363521e-01
7.654444149077563875e-01
7.390448249827252791e-01
8.055000671579143345e-01
7.671732924293951372e-01
7.942839373021217675e-01
8.192767187954859143e-01
7.823515668963608727e-01
7.791680042515867211e-01
7.822867897860465991e-01
8.032117824797813110e-01
7.786299042088230538e-01
7.657735346542908772e-01
7.635836418320420815e-01
8.488235848658609584e-01
8.940430805894352684e-01
7.994846903736316790e-01
8.668544757492812058e-01
7.673772977888158042e-01
8.546567365086188417e-01
8.299825056114451538e-01
8.080770939653950657e-01
8.535222237954750435e-01
8.066462619899351649e-01
8.092497459800446213e-01
8.457116902792739532e-01
8.480742814091001280e-01
8.847791186469879943e-01
8.380383173715191258e-01
8.630636022449252875e-01
8.612207277951687834e-01
8.120430795816874214e-01
8.192312986664480601e-01
8.358739486488478976e-01
8.246705089813237688e-01
8.576280249930707811e-01
8.714633371942087647e-01
8.687913110370282244e-01
9.025792730159770683e-01
8.881873397289453687e-01
8.485813679119799113e-01
8.062889129829542423e-01
8.396907083845742692e-01
8.379439078747827896e-01
8.542842852599137338e-01
8.599630199520660323e-01
8.006597769875755111e-01
8.161741301214356925e-01
8.359676466655638905e-01
8.231965651749398871e-01
8.383596948558402762e-01
8.519138457105159823e-01
8.123819154366713757e-01
8.497369840030862820e-01
8.134391513888057368e-01
8.289672966797713149e-01
7.937959061079700174e-01
8.255523635524856241e-01
8.428998614355803776e-01
8.593765836755511422e-01
8.568231879222844016e-01
8.835023432358823925e-01
9.223930734525698227e-01
8.540739915118880088e-01
8.783165784780727625e-01
9.043791329402648405e-01
9.097971994816521635e-01
8.955271085346422355e-01
8.584661738762036087e-01
8.545992156822854735e-01
9.028455713094727386e-01
8.642278300579577799e-01
8.762446338665148549e-01
8.571790158638545876e-01
8.782860737688222841e-01
8.828717378730942533e-01
8.549022854616120659e-01
8.718311923324215673e-01
9.105112417754787080e-01
8.949524124733296837e-01
9.044317447177420144e-01
9.189066707653608113e-01
8.965241858718494550e-01
9.222368058895652476e-01
9.163354701305271854e-01
9.335979488242034385e-01
9.171038952198411476e-01
9.317185665333889144e-01
9.394134075027005260e-01
9.200102420610002385e-01
8.909809973786011472e-01
9.072505183383228200e-01
8.736571038547970014e-01
9.405557690076009614e-01
8.998765595741693435e-01
9.283696510271393088e-01
9.530365112501536506e-01
9.650225873090269024e-01
9.308019073891440343e-01
9.804272266965990967e-01
9.657508683932887195e-01
9.366003772307959219e-01
9.564986375966691989e-01
9.362936995042758781e-01
9.254692491412686017e-01
9.990837262203421387e-01
9.417828136179082765e-01
9.327531165251430334e-01
9.181226847479126985e-01
9.256168045780123199e-01
9.094342259621054358e-01
9.527115447996867825e-01
9.660802747009253899e-01
9.632312879357829427e-01
9.471277678678013956e-01
9.829086823905330839e-01
9.608075834703571072e-01
9.869415945347149721e-01
9.377890055516958645e-01
9.675813441472709275e-01
9.825568781385910500e-01
9.689218638116894322e-01
9.896434461544102446e-01
1.006459185467889705e+00
9.997705583449864042e-01
1.047596019522589517e+00
1.054474930898109841e+00
1.009354081080101606e+00
1.014223698486958369e+00
9.893808920534425955e-01
1.025378715298623122e+00
1.023907553736490783e+00
1.014725417556593179e+00
1.048126954795400190e+00
1.037885365575970997e+00
9.834967916126915455e-01
1.047994993608016179e+00
1.017677661637998776e+00
1.015217114586059122e+00
1.038287348465841253e+00
9.983677613689955210e-01
1.017337321785876103e+00
1.002520946720374839e+00
1.040527504975430784e+00
1.006580467026058079e+00
1.048664467662034028e+00
1.031976599679240048e+00
1.049369059835301377e+00
1.015875493646946293e+00
1.052439519794597045e+00
1.031164225605704532e+00
1.036799206873971979e+00
9.881228943488429284e-01
1.050289845912760534e+00
9.924678195047725859e-01
1.008487703697405813e+00
1.001407494966223499e+00
1.017259381676257624e+00
1.002740178437142138e+00
1.011037316094247851e+00
1.031273057007261684e+00
1.002579102251226040e+00
1.010763404845767433e+00
1.028013757748306389e+00
1.017829275666044531e+00
1.012699605123290825e+00
1.000826347202555811e+00
9.957833555938094827e-01
1.001530212738822145e+00
1.023754651853107989e+00
1.008872128273564206e+00
1.017148297078217745e+00
1.013871068544324627e+00
1.004448712817549216e+00
9.955268261397804963e-01
1.008074375364378605e+00
1.010945965940911684e+00
9.613003440619394269e-01
9.924021459021725722e-01
9.707313095261372871e-01
9.603672858809332302e-01
9.560575811364867560e-01
9.645538138034688291e-01
9.424180788649481055e-01
9.517360971726610552e-01
9.980720526842357110e-01
9.928339452503690543e-01
1.029893867045299061e+00
9.207344551370384433e-01
9.868613797870477988e-01
9.850242676751714832e-01
9.555506617648288348e-01
9.706810251877607820e-01
1.001676565819584752e+00
9.499829865760960335e-01
1.001162420272417641e+00
9.850887495516096326e-01
9.868959822946208327e-01
9.987485597944932847e-01
9.663853547226206597e-01
9.358402762806481423e-01
9.664525261175987980e-01
9.122876305652850570e-01
9.502752357428891905e-01
9.375307257738366706e-01
9.893027849400923834e-01
9.471348286308511888e-01
9.965563068978816608e-01
9.565851514751451123e-01
9.672600441576917341e-01
9.979387040595296687e-01
9.895293188734252121e-01
9.972813652689457298e-01
9.850971578013014707e-01
9.851808829296667680e-01
9.670339386794593040e-01
9.959246266542752801e-01
9.650308093637082196e-01
9.775613759084121890e-01
9.607852217128894923e-01
9.515826376374941775e-01
9.707132096909196761e-01
9.986098601786620454e-01
9.864001903859122011e-01
9.797916192403417490e-01
9.956156253221316588e-01
9.776667025483724016e-01
9.900997817542332990e-01
9.959025740470215382e-01
9.766652459106867079e-01
1.027957718813891974e+00
1.032842255221990468e+00
1.012939432048919786e+00
1.013897513872924927e+00
1.029809927391863722e+00
1.026078337127439122e+00
1.012807522561077089e+00
1.024670154528630528e+00
1.059310261319494240e+00
1.011339759855407694e+00
1.011195552338443049e+00
9.856227509952049104e-01
1.009158235946711279e+00
1.026999830850800155e+00
1.028165359539486623e+00
1.021066970449993061e+00
1.067125349830937209e+00
1.042857428078166837e+00
1.004779807733443775e+00
1.035499022250376822e+00
9.905732329737011455e-01
1.039341833674775062e+00
1.039388091286133964e+00
9.851452607821149510e-01
1.011406427848919876e+00
1.010859277303022496e+00
1.076690960566802691e+00
1.048469817573036256e+00
1.054391704324062262e+00
1.043503927626670214e+00
1.021864383510224794e+00
1.057528290507562474e+00
1.013824330685546782e+00
1.012594121314869255e+00
1.013308463126851855e+00
1.008851372925589462e+00
1.013422497120825216e+00
1.005776776679652373e+00
9.972148486532104172e-01
9.941179106223955175e-01
1.026293366311092248e+00
9.968335303468808251e-01
1.030370697304148209e+00
1.004217225447381345e+00
9.917105724199731798e-01
9.736463011306693005e-01
1.013060817351616016e+00
1.001249457300238843e+00
1.008409493960915393e+00
1.031895438061938508e+00
1.017348342070399703e+00
1.036355591997836223e+00
1.019118638890502693e+00
1.043794495503168163e+00
1.015067432695893501e+00
1.022305534912558267e+00
1.013768464327309049e+00
1.007388967000578006e+00
9.872151124939030353e-01
1.015111515034111678e+00
1.020723946880694122e+00
1.012594251306151216e+00
1.034804364091507001e+00
1.038813195557996893e+00
1.007069189956687705e+00
1.048217061922211091e+00
1.021907569644550540e+00
1.008332239336816594e+00
9.983339541449214316e-01
1.015732735613128268e+00
9.967724795702873619e-01
9.938234507200771617e-01
1.011068497873163663e+00
1.020733782630788289e+00
1.015720984277142636e+00
1.060741258021023148e+00
1.066743479918273563e+00
1.051115450856208389e+00
1.014896870379036642e+00
1.044408230850860431e+00
1.002216388269236536e+00
1.036638158999359405e+00
1.045378702360669321e+00
1.035361105020530248e+00
1.018160465933807712e+00
1.063222182876565114e+00
1.023893477842553024e+00
1.025073172836738156e+00
1.022665074451292178e+00
9.996911708048104028e-01
1.024989961763316249e+00
1.049048170388531043e+00
1.030263107290662727e+00
1.017547814078620272e+00
1.004089783925569801e+00
1.028455893759569140e+00
1.036814748837231459e+00
1.006512883413632098e+00
9.996390863547286454e-01
1.012528317381371279e+00
1.006465832521729276e+00
9.922159691066073650e-01
9.875587855128958870e-01
1.014291058353780528e+00
9.869852316114786639e-01
9.682165766935608708e-01
9.945048813554209222e-01
1.007088720033513241e+00
9.808725512804423730e-01
9.812351063433627507e-01
1.012864198691519224e+00
9.876126584837271460e-01
9.771475485299675467e-01
9.831396501859794856e-01
9.750377300611359210e-01
1.021774086057095854e+00
1.004960794026831916e+00
9.841813803708169273e-01
1.005976404039223171e+00
9.981562721722870846e-01
9.486489743456003598e-01
9.683454139163658603e-01
9.811803667909736459e-01
1.011391823375717758e+00
9.402489093727927072e-01
9.716393554985123249e-01
9.531568388596816099e-01
9.631279906963321480e-01
9.686149091916848031e-01
9.492997400112970219e-01
9.599231997603715483e-01
9.529244813267632175e-01
9.812300027933250623e-01
9.877889139565945165e-01
9.635843437378749377e-01
9.933102989375205416e-01
9.980884967219135762e-01
9.961181447963213254e-01
9.613672964969125490e-01
9.609311095032149197e-01
9.469254817263789148e-01
9.676522457584811887e-01
9.555908062290691118e-01
9.787743291736534790e-01
9.733347426683395254e-01
9.768459399896505246e-01
9.627662525007173455e-01
9.880072818550685865e-01
9.821210076884531182e-01
9.732414345443349823e-01
9.637101374535007592e-01
9.773417968004566303e-01
1.002425490433317190e+00
9.570116678102653651e-01
9.767353391459956402e-01
9.840004139972864383e-01
9.503886924159391514e-01
9.806587024274939779e-01
1.000100827139033921e+00
9.807335636188444505e-01
9.939719718510392488e-01
1.005111468372857253e+00
1.000918573623049257e+00
9.987599911907144579e-01
9.957156276183871668e-01
1.002710813602520679e+00
9.845524866300675582e-01
9.855485674340694890e-01
9.675218255955329028e-01
9.663449265839794133e-01
9.748489795972631322e-01
9.883519536794674876e-01
9.788055253105405473e-01
9.976790674182619556e-01
1.021024218119595206e+00
9.925660512048447570e-01
1.004535673787399164e+00
1.016008751991580805e+00
9.963904769808747952e-01
1.022649643695028088e+00
1.007824219254166875e+00
1.027285257340728952e+00
1.008250820531013003e+00
1.001649468993901282e+00
9.797988271336178778e-01
9.631358846017249453e-01
9.790700907787078799e-01
1.019562094287038700e+00
9.646811095508808220e-01
9.926358573076934366e-01
9.830319031116867556e-01
1.013713017752039480e+00
1.005137953543082885e+00
1.006767865762889125e+00
1.039633408979813156e+00
9.887329668457529586e-01
9.815285061767610175e-01
9.946902330036121453e-01
9.934420530177734410e-01
1.004458962377579923e+00
9.970708148856037845e-01
9.941899901843256337e-01
9.984200746089070266e-01
9.890689631239784063e-01
9.876330306260985292e-01
9.467370157942195386e-01
9.803546394272970588e-01
9.633139510820828422e-01
9.707374925334496529e-01
9.789191335420236451e-01
9.512587033084644039e-01
9.810673102434609438e-01
9.804468692067348501e-01
9.760754271974922958e-01
9.488768876149906717e-01
9.744604135039673931e-01
9.385731082085190247e-01
9.943554556953991819e-01
9.720456501151922835e-01
1.001788693242661843e+00
9.846094129672270379e-01
9.816445172274192998e-01
9.715445289962171271e-01
9.684270703827907445e-01
9.628229811564884555e-01
9.631875028626162294e-01
9.845898093364577885e-01
9.963447299466563489e-01
9.910969084493940207e-01
9.856814686643617929e-01
1.000372357647874910e+00
9.926868099517496269e-01
1.019164411990609587e+00
9.932183478998770632e-01
9.968558807400833555e-01
9.987883446131525789e-01
1.016210629667002152e+00
9.936736791333868890e-01
9.980080127200646745e-01
9.952721800800145013e-01
9.690509904355798509e-01
9.798643226704166764e-01
9.981732478725076074e-01
9.669787064218549055e-01
9.775292514171752822e-01
9.723038617670165529e-01
9.716604037261297178e-01
9.646481682176151207e-01
9.816304884741896553e-01
9.603136832491663277e-01
9.394553154179550170e-01
9.511416593897162874e-01
9.217636551435769432e-01
9.364821081865646324e-01
9.602595064482839504e-01
9.592765666222231591e-01
9.296073155804386312e-01
9.317170471154595512e-01
9.233501027879056355e-01
9.141346345804952644e-01
9.227901511496580111e-01
8.905398677836882104e-01
8.900671273515338155e-01
9.015162337244166935e-01
8.849229941312215519e-01
9.055760839592206235e-01
8.906119818568464241e-01
8.892641680703436968e-01
8.882668306978431794e-01
8.805277008471633637e-01
8.971481438127264507e-01
8.773699986334864143e-01
8.645494074729304090e-01
9.090161207639979590e-01
8.729265970730750723e-01
8.728189702424012930e-01
8.599456920045348562e-01
8.619010857802246184e-01
8.677419506942305460e-01
8.652716403060473072e-01
9.031174809318665009e-01
8.913192577917536941e-01
8.698343630628091461e-01
8.320278910029313968e-01
8.757837266378395435e-01
8.526373171606452805e-01
8.417386719680970408e-01
8.562864889267930435e-01
8.606630171186626654e-01
8.453508102777073097e-01
8.127904222848216786e-01
8.247968114384527372e-01
8.157345521606438332e-01
8.157195623707655940e-01
8.047524930743114036e-01
7.979089378776277330e-01
8.060630574864088294e-01
8.076851027646005932e-01
7.790060054678417112e-01
7.915060524035977263e-01
7.536315798161994373e-01
7.714389639574518176e-01
7.682928215788235038e-01
7.765335115758613682e-01
7.677912770364279105e-01
7.700914561756132537e-01
7.677641856325860825e-01
7.582989953742913514e-01
7.699483694224888986e-01
7.435981938644835587e-01
7.839385622374643869e-01
7.586136975722841402e-01
7.445499764529565079e-01
7.294485819386623549e-01
7.208233361539482242e-01
7.322088735310525731e-01
7.071057482389704330e-01
7.060380311561762490e-01
6.997018715690900281e-01
7.049944220281714191e-01
7.034701103588322235e-01
7.087284049201361125e-01
6.893694798138277902e-01
6.943254912296794590e-01
6.789036968959832885e-01
6.746948197137800918e-01
6.807123813493106690e-01
6.681512521706598484e-01
7.001004581249502534e-01
6.699850055373969271e-01
6.792789302414262709e-01
6.764706190297810062e-01
6.480978551471678895e-01
6.716358663003015872e-01
6.803917345293495345e-01
6.723669156116297563e-01
6.709378685080643612e-01
6.861842257137675816e-01
6.587359417152276464e-01
6.586742640221918688e-01
6.510683254301833367e-01
6.645984657441913468e-01
6.464051354438435926e-01
6.163827026836022904e-01
6.467618178386040917e-01
6.369119577254584996e-01
6.291466759782593510e-01
6.292822864073852607e-01
6.298522271868240985e-01
6.282415348709091685e-01
6.289533264882968266e-01
6.402105079172838442e-01
6.391609854578440553e-01
6.230034839129197088e-01
6.218478208610275226e-01
6.133865740317085979e-01
5.985234614624805882e-01
6.118364712028064867e-01
6.233838192836587133e-01
5.987816413419148054e-01
6.051996026813817320e-01
6.035219851003974512e-01
5.885728694651900517e-01
5.917263953519606989e-01
5.913490628609998634e-01
5.881645592309562298e-01
5.964788286289212094e-01
5.843474158349867276e-01
5.746362614398577984e-01
5.719248662155144158e-01
5.756144695614928697e-01
5.693048108410609931e-01
5.549944280987675338e-01
5.495788314247580519e-01
5.524523848576724516e-01
5.606764143997488015e-01
5.570629977269226929e-01
5.556545264143375462e-01
5.554807816176539070e-01
5.520328633476027091e-01
5.569016382283517030e-01
5.523757115911972493e-01
5.317333100178965877e-01
5.460814273448998390e-01
5.706326309120011153e-01
5.394291982860639489e-01
5.310783916438805985e-01
5.525554760946439492e-01
5.422005208770289686e-01
5.383024349321979818e-01
5.314840215256574352e-01
5.505204331161681619e-01
5.499475582331421197e-01
5.345242924347047841e-01
5.110890648303401118e-01
5.309344603593529888e-01
