0.000000000000000000e+00
0.000000000000000000e+00
0.000000000000000000e+00
0.000000000000000000e+00
0.000000000000000000e+00
0.000000000000000000e+00
0.000000000000000000e+00
0.000000000000000000e+00
0.000000000000000000e+00
0.000000000000000000e+00
0.000000000000000000e+00
0.000000000000000000e+00
0.000000000000000000e+00
0.000000000000000000e+00
0.000000000000000000e+00
0.000000000000000000e+00
0.000000000000000000e+00
0.000000000000000000e+00
0.000000000000000000e+00
0.000000000000000000e+00
0.000000000000000000e+00
0.000000000000000000e+00
0.000000000000000000e+00
0.000000000000000000e+00
0.000000000000000000e+00
0.000000000000000000e+00
0.000000000000000000e+00
0.000000000000000000e+00
0.000000000000000000e+00
0.000000000000000000e+00
0.000000000000000000e+00
0.000000000000000000e+00
0.000000000000000000e+00
0.000000000000000000e+00
0.000000000000000000e+00
0.000000000000000000e+00
0.000000000000000000e+00
0.000000000000000000e+00
0.000000000000000000e+00
8.455963658696002971e-02
0.000000000000000000e+00
3.830304420975023938e-02
0.000000000000000000e+00
0.000000000000000000e+00
3.331288157410879081e-02
0.000000000000000000e+00
9.152697522665936836e-02
2.923797155145220830e-02
5.608950812860415830e-02
2.692311650547952670e-02
5.173489202242315121e-02
9.949067710533116005e-02
2.393419149011742283e-02
4.609568637050882184e-02
0.000000000000000000e+00
6.425013400014513432e-02
4.133065248653648022e-02
0.000000000000000000e+00
1.927650038295308441e-02
1.863401086825926603e-02
1.802311532936703639e-02
1.744177574969418484e-02
3.377623166341498645e-02
1.145228408714937668e-01
1.109993434838921211e-01
9.225941858369025861e-02
1.491760227872026279e-01
8.687328821352452435e-02
2.811846692218252300e-02
8.194541277970261717e-02
1.061829947994263612e-01
9.032945204554040930e-02
1.757096589539559883e-01
1.343265332109331023e-01
1.307447074499768491e-01
1.735967160678746346e-01
1.465429049731226396e-01
1.537691110519417148e-01
9.634913533217956405e-02
1.043783710942364079e-01
7.126088195167262773e-02
1.291139550666494384e-01
1.356954607005698421e-01
1.324647708583875094e-01
1.201089483503643834e-01
5.414577431903108695e-02
7.935164899033439467e-02
1.464800862179576890e-01
1.431885389769006756e-01
9.059257308266832620e-02
1.449844503590414224e-01
1.733511266273511098e-01
2.158841880902954424e-01
1.131916514079657071e-01
1.551322615082437739e-01
1.446671023952201263e-01
1.487686014270466206e-01
1.804308554025821909e-01
1.359891637281626653e-01
1.865772608359918816e-01
1.436936156397213282e-01
1.792969626327299282e-01
1.506990674311605438e-01
1.293259612928199520e-01
1.872734871458508199e-01
1.541046259538887131e-01
2.210200581422867017e-01
1.998013796219192950e-01
2.353624836802307718e-01
1.925694039674273883e-01
1.728912271523283251e-01
1.857230884551666350e-01
2.084983322518702553e-01
2.253246175640604976e-01
3.119812215496793328e-01
2.571503743147965926e-01
1.847053937767441090e-01
2.293577298516457641e-01
2.020131665099962615e-01
2.263644555952779303e-01
1.999063496016669217e-01
2.279111996978988308e-01
2.593748847481049391e-01
2.595167901284365364e-01
2.723889181659284731e-01
2.303686825410674321e-01
1.978829714984345622e-01
1.623259278900792413e-01
2.197377842571804352e-01
2.635624927337790191e-01
2.827809897735426570e-01
2.136411598238051046e-01
2.104285718008654105e-01
2.072879055899858602e-01
2.406843570691043488e-01
2.622966821321280340e-01
2.407643415811475396e-01
2.198283688746631437e-01
2.648132981084486692e-01
2.745903321966752797e-01
3.174823761169080494e-01
2.569983967183097628e-01
2.858917741590718542e-01
3.139576101836348831e-01
2.780326142621762919e-01
2.898049178434498052e-01
3.719280500915579935e-01
2.668378708115187736e-01
3.230871650563376662e-01
3.158277393208194228e-01
3.116446520168990042e-01
2.960471474428717498e-01
2.893406326884631619e-01
2.827831818100859929e-01
3.178263169716267766e-01
2.291751378154339436e-01
3.070613736982013009e-01
3.510442425320778326e-01
2.967351324292013537e-01
3.397026985438222901e-01
3.534094080250688164e-01
3.161652035090550816e-01
3.447636610104322097e-01
3.356236368283344595e-01
3.120522556665670244e-01
3.058840994734955410e-01
3.783709990699754000e-01
3.456502860491560414e-01
3.415597981435406494e-01
3.627997012474720728e-01
3.494790993394630840e-01
3.925175397005927214e-01
3.879798155077632260e-01
3.791372373315199384e-01
3.769707865390565793e-01
3.812545929032957193e-01
3.981234571318822968e-01
4.355278888034148643e-01
4.120273055637713733e-01
3.705945637553194061e-01
3.584001985801739121e-01
4.626026551321065772e-01
3.783180318204708570e-01
3.663691468143331353e-01
4.438049856530723036e-01
4.409501096502877471e-01
4.267507606558083033e-01
4.766291960260495286e-01
4.400227358681003120e-01
4.758069991258828124e-01
5.489925920437841445e-01
4.767139151169464961e-01
5.020386609554943202e-01
5.391492678174077957e-01
4.551461127463377609e-01
5.143660457406572517e-01
4.818075045085930541e-01
5.293704664383406255e-01
5.441415869223316104e-01
5.337275992414853842e-01
5.497505232929041918e-01
5.118115237302497400e-01
5.727295074558632626e-01
6.515445337346950083e-01
6.120610374501427309e-01
6.108052293203558580e-01
5.863389538927996636e-01
6.220703322724659978e-01
6.464681700847280110e-01
6.839006492808537008e-01
6.506192645935607866e-01
5.987630330730521200e-01
6.515784122313853510e-01
7.279841620231843891e-01
6.509550069334207878e-01
7.017495118417259592e-01
6.980967265562731949e-01
7.223721111736993716e-01
6.991934879071874942e-01
6.654523567973374965e-01
7.327002275670774223e-01
7.825737648657481449e-01
6.756125312041888487e-01
8.029681115631638333e-01
7.775056162490711076e-01
7.265152275750400568e-01
7.625495581945217483e-01
8.501838115206283852e-01
7.947454350669900247e-01
8.730059623314455619e-01
8.791059422282185842e-01
8.899920553261770895e-01
8.835730904711199818e-01
8.869109965548938046e-01
9.345479819323011528e-01
9.147330334175036715e-01
9.860384238393612444e-01
9.765828753008463092e-01
9.324577101452109495e-01
9.810425933444861801e-01
1.041335056109709001e+00
1.085892518329208078e+00
1.033203877738043452e+00
1.063677197933323049e+00
1.117896539075793561e+00
1.141645353973734567e+00
1.175829934524218690e+00
1.088806379506518374e+00
1.189028571970675463e+00
1.220847157473895273e+00
1.218478575473368908e+00
1.311019723097153422e+00
1.235467976209121410e+00
1.237032343805822610e+00
1.214089272777592265e+00
1.328904854973116612e+00
1.308536138498759271e+00
1.304362119179511170e+00
1.354512363533152852e+00
1.432262460978113605e+00
1.445591142420232345e+00
1.410437854949235570e+00
1.469602011318646539e+00
1.498374700614565347e+00
1.450290372478151069e+00
1.447808920045585257e+00
1.450897030382178654e+00
1.438225612051962088e+00
1.393674390825608178e+00
1.467823436313396179e+00
1.496661383059450401e+00
1.414058662739370531e+00
1.513863048053207150e+00
1.563666345446232508e+00
1.505016278597377744e+00
1.507148024096134575e+00
1.492814542032584901e+00
1.537759811227862317e+00
1.535241986550064164e+00
1.584233690818878992e+00
1.569604198831128672e+00
1.509353782951970091e+00
1.664013769358999806e+00
1.571034981077364501e+00
1.578756423906362283e+00
1.608183850231386769e+00
1.609032729423849339e+00
1.575511258658629510e+00
1.613749803654481507e+00
1.628596215639121603e+00
1.675251314219583065e+00
1.651354994768513551e+00
1.694829531774641795e+00
1.680236793265811102e+00
1.665042198331910583e+00
1.733875075091110718e+00
1.634400802702701938e+00
1.684552647892741950e+00
1.655515383470956392e+00
1.620208621440249797e+00
1.629899082920742259e+00
1.695306807498964341e+00
1.672581658397912507e+00
1.704549713023052915e+00
1.667046841069157681e+00
1.765713004777303308e+00
1.683985448439700106e+00
1.670957459183397775e+00
1.658755898353724945e+00
1.697640539752955702e+00
1.636087363288751817e+00
1.596364701476926662e+00
1.721947554934552871e+00
1.644527440020892461e+00
1.592733649949286345e+00
1.625069254227611504e+00
1.720846442315257407e+00
1.635418613744596072e+00
1.591998601665246760e+00
1.669940234167644366e+00
1.628066132994022475e+00
1.637101337664899958e+00
1.596518400096791357e+00
1.645918984594670231e+00
1.588176319826604566e+00
1.600225897164662126e+00
1.605290958440620974e+00
1.573359956013492544e+00
1.556459464730067133e+00
1.554317968034475195e+00
1.566064901741632154e+00
1.584845863375091035e+00
1.547878413556943666e+00
1.574198213524115930e+00
1.549470427134691297e+00
1.520906409823026495e+00
1.545671829549658316e+00
1.503513440004530910e+00
1.479673718285998474e+00
1.462384353675311610e+00
1.517535885109135840e+00
1.478114855945963591e+00
1.540355879658823701e+00
1.484994276381772504e+00
1.451927442277229030e+00
1.456245886199399431e+00
1.508294224361835134e+00
1.422049615095221986e+00
1.443232134418296342e+00
1.413382028219188014e+00
1.402643592001708406e+00
1.459815791058827417e+00
1.426591496833632622e+00
1.428034310640199367e+00
1.444136756664414101e+00
1.413577624422766910e+00
1.357384353014004397e+00
1.355479160103797875e+00
1.383858816102222278e+00
1.384337916746844144e+00
1.335551163649908446e+00
1.319590564740165339e+00
1.341438155547352906e+00
1.377504717246254451e+00
1.398259605149034801e+00
1.368396613915272342e+00
1.277446213590872404e+00
1.282715272115731109e+00
1.270418884630421852e+00
1.279980361298948432e+00
1.301915553325919017e+00
1.263845687746762092e+00
1.306515035418312154e+00
1.348709908172266436e+00
1.278486212499926555e+00
1.259988881018696771e+00
1.229104145327063913e+00
1.258709587702510957e+00
1.234568785716211536e+00
1.278458171286171785e+00
1.202031136920184595e+00
1.251943816783168462e+00
1.207079136216144599e+00
1.231294287822647826e+00
1.226236654585799446e+00
1.193692025323560557e+00
1.177365768966747162e+00
1.195021579852217908e+00
1.189314610926883287e+00
1.186259496035009464e+00
1.207879467274447949e+00
1.212907603108974275e+00
1.181898070255095856e+00
1.204870015377055958e+00
1.212333996960538007e+00
1.176688461463179625e+00
1.166564298009548084e+00
1.141496314844970383e+00
1.152391578721069676e+00
1.153656562839420197e+00
1.127749602145369678e+00
1.161426058612466283e+00
1.124306994296775608e+00
1.122793071277318200e+00
1.127731449271108133e+00
1.108535093322234433e+00
1.094304575850260308e+00
1.106023323687449045e+00
1.116428340059088420e+00
1.137340651493104371e+00
1.137287059545901480e+00
1.155141810414703318e+00
1.117368326817889113e+00
1.128175404590545661e+00
1.116978823192737336e+00
1.084477694334418985e+00
1.092206392427761408e+00
1.098713263125787876e+00
1.105522212185999553e+00
1.100257830671017345e+00
1.067048910617178992e+00
1.070160984080972488e+00
1.089862329804044183e+00
1.087664094379936275e+00
1.103047057030850153e+00
1.085115240601333131e+00
1.073504673969887246e+00
1.059824887439703156e+00
1.067099946830721402e+00
1.061421456663313778e+00
1.060767623408856775e+00
1.095539874722869289e+00
1.073198442823628085e+00
1.083348095270731504e+00
1.077668316293770578e+00
1.084899137225479260e+00
1.085820074454676654e+00
1.066730832820538044e+00
1.052950616933283401e+00
1.074462519724347809e+00
1.093048578599967069e+00
1.025151780707268090e+00
1.049498481799205019e+00
1.049131219252036562e+00
1.034399252927790780e+00
1.030425489684488216e+00
1.036073243442620084e+00
1.078227101814910105e+00
1.068832828384089551e+00
1.051348741106273410e+00
1.060988996101407400e+00
1.036553566830269446e+00
1.037454422688266709e+00
1.036091861035431938e+00
1.029302088003277715e+00
1.033372553628866042e+00
1.037714082375678748e+00
1.049257117842229192e+00
1.009851898246587831e+00
1.052328611659945512e+00
1.035941645550227719e+00
1.050041868533307277e+00
1.024534254669721367e+00
1.017968608956013155e+00
9.958562486143116566e-01
1.025984646577230874e+00
9.776350312046219182e-01
9.864365382274840055e-01
1.005974230091765120e+00
9.981021232029366752e-01
1.001314158161512369e+00
9.902461174201176997e-01
9.910824118676790917e-01
9.830754394937988305e-01
9.818662499957252487e-01
9.964144200134479323e-01
9.942704549987246843e-01
9.932930378239118729e-01
9.704173197720400434e-01
9.531752264514579132e-01
9.915007170067177134e-01
9.720209414429189509e-01
9.518438574284687759e-01
9.575054322967060383e-01
9.622690944667023905e-01
9.280821041585667341e-01
9.348624470129555108e-01
9.701709946211991564e-01
9.545919972117682395e-01
9.358281824777092694e-01
9.536783034560222250e-01
9.525324520578544174e-01
9.628112179968106865e-01
9.437439538099361425e-01
9.847151579368086383e-01
9.756392921520367079e-01
9.569943113705168258e-01
9.707426783564763184e-01
9.302166851940606440e-01
9.513504488244011181e-01
9.746782515619143439e-01
9.700081579610747573e-01
9.546556914660859761e-01
9.740275326028499103e-01
9.613573445507059834e-01
9.627209450033722415e-01
9.740952563873226389e-01
9.415725038680086145e-01
9.661926940600301661e-01
9.842591922263448367e-01
9.568649941638407430e-01
9.506057443942654839e-01
9.489090200163611266e-01
9.472182894678734533e-01
9.704553326936766755e-01
9.696729084664792442e-01
9.322900762545172082e-01
9.486438024764166643e-01
9.633922266075826135e-01
9.423313573046949720e-01
9.450451116930463913e-01
9.351173660806949561e-01
9.255002713291637928e-01
9.501323844074279767e-01
9.647380650259881341e-01
9.522307923040674860e-01
9.438572733592272002e-01
9.450237755774861803e-01
9.357823657491454172e-01
9.482513872843082448e-01
9.545251216063815880e-01
9.366913177005210533e-01
9.289887546402573193e-01
9.519326586884629959e-01
9.518377834715477936e-01
9.298817648690811399e-01
9.399412070912680495e-01
9.229745910303541745e-01
9.568596185631165207e-01
9.079844713795663935e-01
9.346616089962497265e-01
9.111890172062648841e-01
9.380939884315064869e-01
9.216918517010856959e-01
9.510188522808146194e-01
9.360069987498332855e-01
9.328055604493863395e-01
9.247794678482343933e-01
9.600036222114447515e-01
9.420929142980496440e-01
9.310542412423081782e-01
9.628186433418206569e-01
9.725195245121464049e-01
9.793447195485519563e-01
9.562906597791152041e-01
9.620436303922608179e-01
9.605064369345938102e-01
9.543044330127942176e-01
9.703478252951486249e-01
9.614030203432185617e-01
9.512558739391226981e-01
9.449412238066986491e-01
9.584728918172475964e-01
9.529964524385658997e-01
9.405139235074199133e-01
9.753548205578822516e-01
9.723255504316197229e-01
9.705406071274422786e-01
9.585561033436499345e-01
9.606847035649387356e-01
9.419151068243477587e-01
9.618499115200541683e-01
9.699656004936846321e-01
9.589639644933269924e-01
9.612250936850997851e-01
9.451395788186328639e-01
9.908920478202573046e-01
9.757926182180833852e-01
9.866150720138882058e-01
9.674972628733032876e-01
9.774791648106324615e-01
9.516839594847037453e-01
9.418086328751225089e-01
9.641598517084684072e-01
9.396226265390231758e-01
9.427662647142960317e-01
9.412801809115357576e-01
9.277573930864411178e-01
9.307025897127516600e-01
9.539351279670755801e-01
9.368956594209670863e-01
9.589970098522508923e-01
9.546350998874920668e-01
9.532937190094751267e-01
9.459828967333896443e-01
9.394598905594373495e-01
9.541118344744513591e-01
9.318876283469754718e-01
9.440623759823293382e-01
9.247624484463310424e-01
9.566278419957782164e-01
9.406859620755229079e-01
9.175752000663159880e-01
9.509444623574008215e-01
9.250536268356834846e-01
9.137235142887225603e-01
9.451470975385637407e-01
9.586622649683527175e-01
9.642441742291982809e-01
9.545121256593950276e-01
9.409445630784142311e-01
9.387517032105446857e-01
9.284791135071264190e-01
9.499933272818561480e-01
9.673444667066274372e-01
9.589795918251932116e-01
9.426794598256946767e-01
9.422239014173614535e-01
9.207270806074000502e-01
9.313368427437815900e-01
9.617492916828919158e-01
9.347459390553236602e-01
9.603461361274748809e-01
9.557408215854018563e-01
9.613093720952089472e-01
9.201311463924800593e-01
9.336676660890159685e-01
9.538149608218674524e-01
9.608027046589887599e-01
9.431024054548127200e-01
9.460874177236963112e-01
9.432588986748899895e-01
9.678174714854428373e-01
9.340247821006207873e-01
9.641837768720593616e-01
9.614784550397765805e-01
9.454327118471386182e-01
9.544811531470712707e-01
9.461537182853246852e-01
9.301306389972736621e-01
9.474905352326089547e-01
9.591269453099076081e-01
9.518287882337373995e-01
9.458458390008271932e-01
9.317956020035867981e-01
9.241609460982755930e-01
9.481367614439366598e-01
9.308914299195718556e-01
9.437093963427014565e-01
9.497195609968767105e-01
9.326146213292346721e-01
9.544664571997465430e-01
9.431758742686067176e-01
9.387467929794013344e-01
9.368044148977052732e-01
9.471522440051335368e-01
9.404423126078775841e-01
9.427722797103177399e-01
9.577112543196417693e-01
9.259903992049210997e-01
9.567591100535328685e-01
9.600498266775935319e-01
9.661721594261279966e-01
9.764491632657620324e-01
9.730642661056734255e-01
9.606090507021725067e-01
9.593622548839173536e-01
9.803281310988452013e-01
9.475780021008470833e-01
9.682982379087653468e-01
1.002390954658518796e+00
9.739506264168873440e-01
9.974587344305921865e-01
9.795188966715949741e-01
9.560257430618132046e-01
9.972933027447036247e-01
9.900225895912302398e-01
9.944321377108454874e-01
9.788925005075003183e-01
9.682978859925207571e-01
9.722922343005097057e-01
9.732760904414513581e-01
9.646193949416156377e-01
9.613752346718033026e-01
9.675795195541153637e-01
9.604065067327488547e-01
9.724485598954968335e-01
9.472898112394633197e-01
9.594311443613545709e-01
9.498506710767538053e-01
9.457178271694391958e-01
9.611958001552564079e-01
9.563582993792553166e-01
9.730802916697756100e-01
9.778026736917464490e-01
9.775841504608673294e-01
9.686594658436364913e-01
9.671043456834649277e-01
9.563596878138371782e-01
9.774915088826529042e-01
9.713416183025150863e-01
9.732663204026331671e-01
9.734383293440939111e-01
9.876016723905450823e-01
9.672546042341025885e-01
9.536459922150734014e-01
9.620503746986576177e-01
9.734347397350601172e-01
9.617520539191478646e-01
9.463307932193019134e-01
9.270719616735026980e-01
9.518343699695626103e-01
9.329205147909772622e-01
9.373050084761678225e-01
9.494148083422546680e-01
9.599069275894158704e-01
9.586429132079903326e-01
9.444394189091069869e-01
9.441125491076897136e-01
9.482440726304377510e-01
9.602280930281666960e-01
9.314619039049065741e-01
9.450617524378531753e-01
9.529115623604372809e-01
9.359550757752630457e-01
9.596972345790335535e-01
9.618067417142092124e-01
9.505637225860518180e-01
9.843774607777823205e-01
9.575073209837342558e-01
9.594617673657573897e-01
9.542512350217116079e-01
9.711968986678241045e-01
9.836324611690293596e-01
9.511188086288114851e-01
9.689000517201348250e-01
9.559330468462486907e-01
9.712934212873783890e-01
9.824544363342982978e-01
9.687007165980434653e-01
9.639205684349050340e-01
9.594026362071049752e-01
9.967873512346628884e-01
9.762067158142446743e-01
9.784658603912218533e-01
9.805906774056443176e-01
9.768998182609364145e-01
1.000970900209195769e+00
9.838146352521143223e-01
9.815434439088120966e-01
9.803349797361319284e-01
9.840356280854927196e-01
9.920237699249321306e-01
9.968288284331243698e-01
1.006472167362151726e+00
9.789599123580732254e-01
9.928577218378751290e-01
9.837997166569486529e-01
9.777673440828721363e-01
9.885750323794216810e-01
1.008561788087102062e+00
9.858919159207265581e-01
9.938601253586111239e-01
9.994066582411741395e-01
9.961165854628005745e-01
9.977937885515942851e-01
9.921602553885194853e-01
1.000327903264797147e+00
9.842102754033664747e-01
9.927951177791178861e-01
9.987762697326239003e-01
9.862135799627024246e-01
1.006434952036303843e+00
1.004275398371392569e+00
1.007072665407506618e+00
1.007329188750116566e+00
1.003095132578474713e+00
9.951690456997517309e-01
1.000886746866703314e+00
9.954974976479130655e-01
1.000203911502848042e+00
1.005207042954885388e+00
1.005225254134035628e+00
1.010613414176969593e+00
9.984984686611959592e-01
1.006649739577743841e+00
9.992923829464345209e-01
9.963305996810620790e-01
1.002930313414225338e+00
1.018172220864680622e+00
1.002190249273482214e+00
1.004187578095558919e+00
9.906258214475562873e-01
1.008666392052054661e+00
1.009159691308361362e+00
9.995352133079550283e-01
1.002122331708534153e+00
1.008220034536913445e+00
1.008386465358007467e+00
1.003388507690439413e+00
1.004074629823993092e+00
1.006294610076646334e+00
1.002354144027522542e+00
1.021216975585100162e+00
1.007263728552395765e+00
1.020015747753032720e+00
1.012822314612408015e+00
1.004750805317535800e+00
1.022047792882740724e+00
1.014490526175919838e+00
1.007670400738936545e+00
1.014204496750728657e+00
9.982187371748639793e-01
9.980588966418270092e-01
9.964052066852199241e-01
1.004279620718381949e+00
1.010133391286066828e+00
1.022470598190900581e+00
9.877733561297189491e-01
1.007368098839030779e+00
1.000308445248753619e+00
9.924981263935693798e-01
9.881358921164971054e-01
1.003928851647336362e+00
9.816980900430187784e-01
9.930679938578763633e-01
9.830369543392141196e-01
9.999308161065445510e-01
9.918479901711879654e-01
1.004798430221005123e+00
9.776075812344992011e-01
9.943409721101422738e-01
9.811973619185895279e-01
9.934681623474520551e-01
9.958252105676573818e-01
9.727461286018048714e-01
9.749471955961974690e-01
9.871047879932963731e-01
9.853147217292559379e-01
9.804413422191340377e-01
9.817517321897807347e-01
9.863138234563254558e-01
9.816502728952619661e-01
9.999082532124907718e-01
9.837588090189377521e-01
9.700822904418364701e-01
9.675154641110664810e-01
9.664276167335446033e-01
9.552626964776952390e-01
9.553918446151833388e-01
9.774060959952066696e-01
9.516369733435235956e-01
9.629310358548366366e-01
9.592269457728375137e-01
9.648435577369053329e-01
9.438404392977367552e-01
9.482924627794164785e-01
9.441979025249478408e-01
9.531882442363698305e-01
9.215913393726813396e-01
9.213215689493305938e-01
9.066508186011913439e-01
9.335484567852749826e-01
8.992706567824383379e-01
9.048710387827764157e-01
9.203947941265155919e-01
9.171293855177995447e-01
9.305323629895647652e-01
9.094118692406050197e-01
9.166580036607836490e-01
9.044543381730965059e-01
8.986449582785481782e-01
9.036923424894739432e-01
8.966096089733979202e-01
8.957679158991684876e-01
9.011245718748874811e-01
8.999282668172735589e-01
8.724327198623742508e-01
8.897662503851976323e-01
8.790448628384238683e-01
8.736455986355193826e-01
8.648725729750934565e-01
8.525793375378202255e-01
8.651026089248583517e-01
8.512577936514652555e-01
8.622087741976488529e-01
8.595931169429806840e-01
8.442562050845127120e-01
8.444460455797108134e-01
8.301248904411681062e-01
8.477285103137881528e-01
8.332939184117947873e-01
8.249676976057542799e-01
8.230394985694980958e-01
8.209529554361909565e-01
8.202721929835241621e-01
8.178686936736421220e-01
8.143272699450323504e-01
8.112898813202440440e-01
7.930167923357661630e-01
8.072020242612180096e-01
7.887714717149370003e-01
7.984447080372201189e-01
7.961933457504845046e-01
7.970141809226743979e-01
7.892203585167547608e-01
7.729491417096042705e-01
7.745308978158658153e-01
7.777023865880120512e-01
7.655455559061424831e-01
7.760402506518427890e-01
7.629837745080173539e-01
7.574301720188303388e-01
7.548241074865075229e-01
7.666632004815774337e-01
7.716009625753372791e-01
7.483983887785045086e-01
7.521752781958832568e-01
7.475668359331465451e-01
7.480484303646846023e-01
7.510954804295693066e-01
7.303547019035224741e-01
7.407103238248011756e-01
7.217800035050326857e-01
7.391298855383122701e-01
7.202042289076497905e-01
7.055085646255226939e-01
7.030678267720014141e-01
7.115786155811257840e-01
7.105828420389812550e-01
7.079896404183786407e-01
7.063943199724169730e-01
7.104942338903509347e-01
6.981470871260874178e-01
7.002797690544952935e-01
7.085076162537232713e-01
6.872123960799124687e-01
6.937785328803853790e-01
6.944729373135324346e-01
7.085413917294630659e-01
6.904782999830657575e-01
6.971988965820579143e-01
6.691331268155806811e-01
6.789799287771515202e-01
6.719226266309229478e-01
6.854086775296523992e-01
6.642258284009421310e-01
6.710547020632636750e-01
6.670739520269592937e-01
6.628889504865497218e-01
6.567485148268877859e-01
6.649872794990503433e-01
6.500668334160941697e-01
6.517516130989264855e-01
6.508211488000013034e-01
6.603706356496678032e-01
6.527893052064375201e-01
6.476127691402492337e-01
6.405894237761231569e-01
6.229886535784666668e-01
6.275557822932771312e-01
6.323166516594433961e-01
6.253777360005815522e-01
6.141313724752941461e-01
6.130713106609496643e-01
6.140666351684039848e-01
6.125140984967114566e-01
6.046941962982161911e-01
5.894501065459133438e-01
6.042373138925181131e-01
5.999108932840194752e-01
5.938535460447424974e-01
5.970971592528748761e-01
5.829234213350434901e-01
5.858263120700059057e-01
5.858737160762063079e-01
5.820453906251472631e-01
5.710510696877102443e-01
5.860763264653731097e-01
5.659710040378136409e-01
5.735319703130844493e-01
5.697616046052856875e-01
5.653219765675729924e-01
5.645139621853356715e-01
5.647970904447400242e-01
5.619533032456929256e-01
5.742367247783786155e-01
5.592734340758531708e-01
5.532814020733376470e-01
5.434045071417819006e-01
5.520579381357634263e-01
5.450395405441703645e-01
5.452812056547393649e-01
5.499988498953386484e-01
5.367535041687958586e-01
5.402023355184648601e-01
5.444334669872673560e-01
5.236508138984493632e-01
5.347113843726021276e-01
5.536510591607980425e-01
