4.750358894753356278e+07
0.000000000000000000e+00
0.000000000000000000e+00
0.000000000000000000e+00
0.000000000000000000e+00
0.000000000000000000e+00
0.000000000000000000e+00
0.000000000000000000e+00
0.000000000000000000e+00
0.000000000000000000e+00
0.000000000000000000e+00
0.000000000000000000e+00
0.000000000000000000e+00
0.000000000000000000e+00
0.000000000000000000e+00
0.000000000000000000e+00
0.000000000000000000e+00
0.000000000000000000e+00
0.000000000000000000e+00
0.000000000000000000e+00
0.000000000000000000e+00
0.000000000000000000e+00
0.000000000000000000e+00
0.000000000000000000e+00
0.000000000000000000e+00
0.000000000000000000e+00
0.000000000000000000e+00
0.000000000000000000e+00
0.000000000000000000e+00
0.000000000000000000e+00
0.000000000000000000e+00
0.000000000000000000e+00
0.000000000000000000e+00
0.000000000000000000e+00
0.000000000000000000e+00
0.000000000000000000e+00
0.000000000000000000e+00
0.000000000000000000e+00
0.000000000000000000e+00
1.691192731739200594e-01
8.043561448151997917e-02
0.000000000000000000e+00
2.191310161636240428e-01
1.394481799765941166e-01
6.662576314821758161e-02
6.372945723129269657e-02
0.000000000000000000e+00
1.754278293087132568e-01
0.000000000000000000e+00
5.384623301095905340e-02
0.000000000000000000e+00
4.974533855266558002e-02
4.786838298023484567e-02
0.000000000000000000e+00
4.441966769874981791e-02
4.283342266676342519e-02
4.133065248653648022e-02
0.000000000000000000e+00
0.000000000000000000e+00
7.453604347303706412e-02
0.000000000000000000e+00
0.000000000000000000e+00
3.377623166341498645e-02
9.816243503270893900e-02
9.514229441476466931e-02
3.075313952789675634e-02
8.950561367232158505e-02
0.000000000000000000e+00
2.811846692218252300e-02
5.463027518646840913e-02
0.000000000000000000e+00
2.580841487015440167e-02
2.510137985056514268e-02
0.000000000000000000e+00
2.377176499090487977e-02
9.258491523619981345e-02
0.000000000000000000e+00
0.000000000000000000e+00
0.000000000000000000e+00
4.175134843769456178e-02
2.036025198619217935e-02
0.000000000000000000e+00
1.938506581436711881e-02
0.000000000000000000e+00
1.847829974620990301e-02
1.804859143967703014e-02
0.000000000000000000e+00
3.446590263951945093e-02
1.684571046787066567e-02
1.647137692412151480e-02
1.610938337322682587e-02
0.000000000000000000e+00
0.000000000000000000e+00
0.000000000000000000e+00
0.000000000000000000e+00
1.446671023952201401e-02
2.833687646229459192e-02
1.387929656942939877e-02
1.359891637281626653e-02
0.000000000000000000e+00
0.000000000000000000e+00
1.280692590233785226e-02
0.000000000000000000e+00
2.463351643672760660e-02
1.208216046102263477e-02
0.000000000000000000e+00
0.000000000000000000e+00
0.000000000000000000e+00
0.000000000000000000e+00
2.200793188199169984e-02
0.000000000000000000e+00
3.183824373517142592e-02
0.000000000000000000e+00
2.048405614218731796e-02
1.006391037257029983e-02
2.967119703632268082e-02
2.916400954369643972e-02
9.556572077151907416e-03
9.395961233023083017e-03
3.695746213800456259e-02
4.543326127310611667e-02
1.787538821159990673e-02
4.396184487256016293e-02
0.000000000000000000e+00
3.404861477074105913e-02
1.675408600298672335e-02
8.245123812434774005e-03
1.623259278900792552e-02
3.196185952831715610e-02
3.147014838612286619e-02
4.648454626414399993e-02
3.815020711139376769e-02
2.254591840723558019e-02
2.220941845606991261e-02
4.376079219438260698e-02
2.874484187749348080e-02
2.124391249245419569e-02
4.187207026184060210e-02
2.063480245000898911e-02
5.424006561909635454e-02
5.347071597758451533e-02
5.271761983965328469e-02
3.898524193078252431e-02
7.688757800415547961e-02
6.950815356554407298e-02
8.725309354426445674e-02
6.147571075893520226e-02
5.458047357508338804e-02
6.581405214110581936e-02
5.903322230295690587e-02
5.242620314302973844e-02
7.473034789820062751e-02
8.510018608484211378e-02
6.719600359843627690e-02
1.160756983722463082e-01
5.456550900367474616e-02
1.077408328765618734e-01
1.010581910319617999e-01
1.050389849306907347e-01
7.260821037577880332e-02
8.195000765798697573e-02
1.011728651228976233e-01
6.995204716153696767e-02
8.884155092514735286e-02
9.264051340101209231e-02
1.107926659510298784e-01
9.518767272200640006e-02
1.222708494867762868e-01
1.115297300060540953e-01
8.266322306904426431e-02
1.043898608416578000e-01
9.420420952814224924e-02
9.311515572186317147e-02
1.446419518143370886e-01
7.799395583566687273e-02
1.156615057122357820e-01
1.143546100272427868e-01
1.381963493318527914e-01
6.211466918046804758e-02
1.351339293251440921e-01
8.909383467529748135e-02
1.321721871806018633e-01
1.386505875781830488e-01
1.449803040869553639e-01
1.085287301160351575e-01
1.226991609461670213e-01
1.100068627468305804e-01
1.651313750011510206e-01
1.262512491098346790e-01
1.616641541431571016e-01
1.417927886735601273e-01
1.439136347522857462e-01
1.815884518349660248e-01
1.550494626403002840e-01
1.360206773724687568e-01
1.553454500559031948e-01
1.606025015028643421e-01
1.758930623309502284e-01
1.540339261441677210e-01
1.624388345517564225e-01
1.706688191715284575e-01
1.917262215878395848e-01
1.544439121229294332e-01
1.847901367071506651e-01
1.672125514683379666e-01
1.968323756889126253e-01
1.670833958322489876e-01
2.114426252551731555e-01
1.851387717144056533e-01
1.773632453080016269e-01
2.322576779784793488e-01
2.064700114045007195e-01
1.986875875862520180e-01
1.910415693579728402e-01
2.437496721997390314e-01
2.556982026953657505e-01
2.083030555046944399e-01
2.175483578052067601e-01
2.210888499311264577e-01
2.218174522657791747e-01
2.333785910028468580e-01
2.312760954586060014e-01
2.292018843532948325e-01
1.769699456405657012e-01
2.513149466663663900e-01
1.712500179284023039e-01
2.186061128045003465e-01
1.911957597122852515e-01
2.501742387015326030e-01
1.803627813138137248e-01
2.483350119288753044e-01
2.068031331878253942e-01
2.196728677966872934e-01
2.105354889502749072e-01
2.375359440598146521e-01
2.355229396835705202e-01
2.240996417816730202e-01
3.181204096788385338e-01
2.853042247459227632e-01
2.576243152510725443e-01
2.691731360809324070e-01
2.126539515061365848e-01
2.557768557266817400e-01
2.559056020132471909e-01
2.736804952525141443e-01
2.626988350466886724e-01
2.822860415293599878e-01
2.606242767958233952e-01
2.734872546491400880e-01
3.009727367383561170e-01
3.090877490847027120e-01
2.586578292188496664e-01
3.145580106931096243e-01
3.346660116852267497e-01
2.974111305797457749e-01
2.910453218496255046e-01
2.667207761231187857e-01
2.845519192107858197e-01
2.527370007758652504e-01
3.095724607859670630e-01
2.974787421523814035e-01
3.087141679779448755e-01
3.293440338069149043e-01
3.249487302537611422e-01
3.224962986915004270e-01
3.425326856733575953e-01
3.381091671313143365e-01
3.226788232167863146e-01
2.964875263476671186e-01
3.578727932595779926e-01
3.480188517234625856e-01
3.418800058015439847e-01
3.713584237595308757e-01
3.210234347109016673e-01
3.344480619105283936e-01
3.494080194271315110e-01
3.537884174759305389e-01
3.735171463483832888e-01
3.827473096662210028e-01
3.209002145581950627e-01
3.286778023193389076e-01
3.829579372078908972e-01
3.802515319946049854e-01
3.956315887561597244e-01
4.173068090036435307e-01
4.111511806328860263e-01
3.825672223804956751e-01
4.022581937000755947e-01
4.280082976293811403e-01
3.841251586427701370e-01
4.362063617986595143e-01
4.735902899900297225e-01
4.965742577174109829e-01
4.441829262051825156e-01
4.685545884753115065e-01
4.804987136200202236e-01
5.312928229171317573e-01
4.382818393632443854e-01
4.427541141840929950e-01
4.898134098407654902e-01
4.719474708950244790e-01
4.876909994175102625e-01
4.844719286393953106e-01
4.855818090040461832e-01
5.336257493819326347e-01
4.679351517864590582e-01
5.084259652503515525e-01
5.065198811553849323e-01
5.171048475436184066e-01
5.440714103062210816e-01
5.227815748860754619e-01
5.765405736168798256e-01
5.633990823128351977e-01
5.893449356483034807e-01
6.002765012371682474e-01
6.441954792452032619e-01
6.137883215605893783e-01
6.125457472848907514e-01
6.100060001478764260e-01
6.294588963155129946e-01
6.191146951503896378e-01
6.433521046262062892e-01
6.228768648768570060e-01
5.950775647098309751e-01
6.465475195507123241e-01
6.724684704038268457e-01
5.767660652531452214e-01
6.335264873705618305e-01
6.113352178829799533e-01
6.611016220568839419e-01
6.848891625819555351e-01
6.651550062953033304e-01
6.981564162920679273e-01
6.702501813422196975e-01
6.803991145028286391e-01
7.068258690738227212e-01
6.536915916904322277e-01
6.903651850868262052e-01
6.770802695347604150e-01
7.040049921802870037e-01
6.919098748754064498e-01
6.856009205535812390e-01
7.299678465853060016e-01
7.100687993241155960e-01
7.003937891536403670e-01
7.350311304156360581e-01
7.231020762332149854e-01
7.451692950402930560e-01
7.419853577777165698e-01
7.442263793985636200e-01
7.238757894403916593e-01
7.368492288446166771e-01
7.209941394492269673e-01
7.517637184294432284e-01
8.147220088488443812e-01
7.788248949921595665e-01
7.983392485413151052e-01
8.083322028646411361e-01
7.781639336835938225e-01
8.146767386165056912e-01
7.888432186666506363e-01
8.147739753215864633e-01
8.273540719842954472e-01
8.497691296676784800e-01
8.262443121335205642e-01
8.128404281864085590e-01
8.280562537924686106e-01
8.010864608795883468e-01
8.744757140859500399e-01
8.281941635584740835e-01
8.765943039005080761e-01
7.801044487150966544e-01
8.538941061176450464e-01
7.850134809137314651e-01
7.902343035319634446e-01
8.777345491240532427e-01
8.656318479016806844e-01
8.193879993502921621e-01
8.786114297450695609e-01
8.684903951123545962e-01
8.639314009100340641e-01
8.648475026872866067e-01
8.585277083883224858e-01
8.468792770160871175e-01
8.924575360886458641e-01
8.239094083304306926e-01
8.779456671815053515e-01
8.997809542416699280e-01
8.191016467758102104e-01
8.592554120840097953e-01
8.661084145714343929e-01
8.031531537974968549e-01
8.624430121354212941e-01
8.290937234525286303e-01
7.850498469828378623e-01
8.401302563565067327e-01
8.694680667179077727e-01
8.291922755238153586e-01
7.627220398456683315e-01
7.572550423223998184e-01
8.299776430085179513e-01
8.667725130871047901e-01
8.054615120315183896e-01
8.484766117844476652e-01
8.063864492464126732e-01
8.521637850946166548e-01
8.599533222843709357e-01
8.620943291673003328e-01
8.808081946358529146e-01
8.300895104290730853e-01
8.511057030818552915e-01
8.048981383867713779e-01
8.607070387008028955e-01
8.503757153616835485e-01
8.593326250619960360e-01
8.215740108594082880e-01
8.457754236627234024e-01
8.106936994886110304e-01
8.090840585265849372e-01
7.992332861978225234e-01
7.596194342715302250e-01
8.005784461063764068e-01
8.145325788023443092e-01
8.025982597013935349e-01
8.464138054614421813e-01
7.804959185252032805e-01
8.239873713714810366e-01
8.150833092094175170e-01
8.091276364521159392e-01
8.575770394469764968e-01
8.144417189125718881e-01
8.567320236351546603e-01
8.203284843929539161e-01
8.270797512825157627e-01
8.072029217375518151e-01
8.403707327786975601e-01
8.268298271038800884e-01
8.630352198328360425e-01
8.446935219582090149e-01
8.545153287826822153e-01
8.350007182088705626e-01
8.488216130781870428e-01
8.577923385748880136e-01
8.854560162485217711e-01
8.460838305096908263e-01
8.276643449401210884e-01
8.722737367341891757e-01
8.920986836892076388e-01
8.953401722886052960e-01
8.835247495135328810e-01
8.536020538487426590e-01
8.698894747548436834e-01
8.840915949865228995e-01
8.699322375009570507e-01
9.082640826190884198e-01
8.712125529055669837e-01
9.110863725067734897e-01
8.585690564740861008e-01
8.247019231174744780e-01
8.223660646938766305e-01
8.747951673535255823e-01
8.648132439365764368e-01
9.104229740472659094e-01
9.267659915020355355e-01
9.111610748758516287e-01
8.737614052452974400e-01
9.645998974552268956e-01
8.886380564693123763e-01
9.125000784459512682e-01
9.205883451191103628e-01
9.387320232764178041e-01
9.365348356541478569e-01
9.319838780651936716e-01
9.098082187712738245e-01
9.475844382232693208e-01
9.301813092248527592e-01
9.541742180642349691e-01
9.357150260187973023e-01
9.053002430889993679e-01
9.583399326754573622e-01
1.022360105317013268e+00
9.060054676681071895e-01
9.691295005672411200e-01
9.030407849541582932e-01
9.206756873460621993e-01
9.118490637360103790e-01
9.694250419532078888e-01
8.882824557332867910e-01
9.548684501504337563e-01
9.080204018274449229e-01
9.613559896253059955e-01
9.077459491514644485e-01
9.214701713483600676e-01
9.740824506029076568e-01
9.339955826786936477e-01
9.656974982083227355e-01
9.275565668932358454e-01
9.371585000278338518e-01
9.530473458466546255e-01
9.217364270711123631e-01
9.391252756200449969e-01
9.343345209998237255e-01
9.212140033140172601e-01
9.300492657019998610e-01
9.341417820870165922e-01
9.350966111027659844e-01
9.602089987725085374e-01
9.052005518687546992e-01
9.006232400401126270e-01
9.580834378242498728e-01
9.710407718551569145e-01
9.369896408936579935e-01
9.725187203555718529e-01
9.692349850497997688e-01
9.829162383523011304e-01
9.781134816584557967e-01
9.555355052115264147e-01
9.508608355125859335e-01
9.476874119099552018e-01
9.591979886027556246e-01
9.535678065936536996e-01
9.552508917317190651e-01
9.984770551258759230e-01
1.033181706074659312e+00
9.573040903762726206e-01
9.761201749509331727e-01
9.462371454554431294e-01
9.805866371772410384e-01
9.981363648803353028e-01
9.873108737084261843e-01
9.714027760159247293e-01
9.602779103426931639e-01
9.459725210035777598e-01
9.336218040411806696e-01
9.767767646978765539e-01
9.570282389548188107e-01
9.915107685629908074e-01
9.234312830595626798e-01
9.950794036127132980e-01
9.855008690859597964e-01
1.007600893776580353e+00
9.863339880079667887e-01
9.965987748068048102e-01
9.540750158631059463e-01
9.937412714754605414e-01
9.794597158874380760e-01
9.917823742405267318e-01
9.969659660524753386e-01
9.841243162368579211e-01
1.006763485409418513e+00
9.930954988420411800e-01
9.808213348032693846e-01
9.301608963333951596e-01
1.002600926609071630e+00
9.599381673438998064e-01
1.010787174332135274e+00
9.628496551218372890e-01
9.861428816230966010e-01
1.000380386583708203e+00
9.517089083450186449e-01
9.512558739391226981e-01
1.026545979627029093e+00
9.916243361937849832e-01
1.003066682444603508e+00
1.008625101326909634e+00
9.910331129357162760e-01
9.916487220469626385e-01
1.025847902172695392e+00
9.499829865760960335e-01
9.734992570954470459e-01
9.960341801021830310e-01
9.925515466630714378e-01
1.033368622729731623e+00
9.591645426076321757e-01
9.506314297289113480e-01
9.995174723944993955e-01
1.044485968675920251e+00
9.783641373822502540e-01
9.663111054969191205e-01
9.763373393868663985e-01
9.686695188229540454e-01
1.002409221777861292e+00
1.000136995769948411e+00
9.823734823476557576e-01
9.859665292043263696e-01
9.856805078315216129e-01
1.021062690133051287e+00
9.873907483898959336e-01
1.015658249764304522e+00
1.004621830288908280e+00
1.012195431724994821e+00
1.014809655333231309e+00
1.045212682199651910e+00
9.937478336079126340e-01
1.030352326355230996e+00
9.807589194117531939e-01
1.022712957435109482e+00
1.005987755050750554e+00
1.025097773062357609e+00
1.020212324030311146e+00
1.007669947162506574e+00
1.024744157174731329e+00
1.035520596153271633e+00
1.019412463647133560e+00
1.010987570312222417e+00
9.806603294355135114e-01
1.010069915244248717e+00
9.792190728130965027e-01
9.802792769048501720e-01
9.909167741729162371e-01
9.749290168239099774e-01
1.007380609910206726e+00
1.019568541688318009e+00
1.013443066115072400e+00
1.018533184197153219e+00
1.011743495279530114e+00
1.011241121882617833e+00
1.005200306139344413e+00
1.005746457033593666e+00
1.030349397454083826e+00
1.008868667277546427e+00
1.046273272913011754e+00
1.011249077928948914e+00
9.985047930057714405e-01
1.009518622675383837e+00
1.036981226005818657e+00
1.024933470352982878e+00
1.036077940931394492e+00
9.893612415087519318e-01
1.043156164621333870e+00
1.032216056523660885e+00
1.029280404692242357e+00
1.007559166940885209e+00
1.031010811920994863e+00
1.024158498546969831e+00
1.002315970119617594e+00
1.043460698848857060e+00
1.000581943537167895e+00
1.016221199047689261e+00
1.023369541068106736e+00
9.960550535014901508e-01
1.000646898315969091e+00
1.007123073110982814e+00
1.005269874363351912e+00
9.846825860614007997e-01
1.007599839124451835e+00
9.950148400437117679e-01
9.812439075352350493e-01
1.024966289179390255e+00
1.015244424500530762e+00
9.952878205559736458e-01
1.029536852709838968e+00
1.001901626913226595e+00
9.747395530195857027e-01
1.024432511573160509e+00
1.058771579617344916e+00
1.014526635410972100e+00
9.964880198297789704e-01
1.043973729490290880e+00
1.006227732731440838e+00
1.003788046868239414e+00
1.007388967000578006e+00
1.024791814400644041e+00
9.755500388060329708e-01
1.023712014640883572e+00
1.013487979683296958e+00
1.005993794827191312e+00
1.026079738485877746e+00
1.015040713887743307e+00
1.018781030978032076e+00
1.019853189119705128e+00
1.015647476128290760e+00
1.047346258147360709e+00
1.016605358238225509e+00
9.898121829425052809e-01
1.018690723563232980e+00
1.045087911260398794e+00
1.008948346109283856e+00
1.040082238132548298e+00
9.970167697293507159e-01
9.995021708208610134e-01
9.883326090618240745e-01
9.888375591664014808e-01
1.029722122683135899e+00
9.901075642468770699e-01
1.006594745398890378e+00
1.023541653944993968e+00
1.035640253336793437e+00
1.007026945256565442e+00
9.796852794451251789e-01
1.022233110040646098e+00
1.036938084393125736e+00
1.014686250894906161e+00
9.991424928845004105e-01
1.020066070834108940e+00
1.018771429121467342e+00
1.019655857769982576e+00
1.045210361263060550e+00
1.006253187715336672e+00
1.026298671119276529e+00
1.020681739259888587e+00
1.024208634693680064e+00
1.004184115632083651e+00
1.030923381599200273e+00
1.040493203510314046e+00
9.938064836175983796e-01
1.040690294048252529e+00
1.007964918696688361e+00
1.034560285385560663e+00
1.047634449660033162e+00
1.002868654339224674e+00
1.006828086306796433e+00
1.007382620233967963e+00
1.021407172239617633e+00
9.947727228281851852e-01
1.030395461539128643e+00
1.030091366256735919e+00
1.008512649499955449e+00
1.002895950920025481e+00
9.840533166042522151e-01
1.008010750913104658e+00
1.028283250106722724e+00
9.675572046889815425e-01
9.734544250326698789e-01
1.005960041158212137e+00
1.006948881103298277e+00
9.641815731752318985e-01
9.605355423876363874e-01
1.011849037849620991e+00
1.016762693773768600e+00
9.605744018080060176e-01
9.784157365804009299e-01
9.742706956632279924e-01
1.008401067147107533e+00
9.929396665037218961e-01
9.690220026391681563e-01
1.001662159519809636e+00
1.007680537469472837e+00
1.044628972196872674e+00
9.785928036168528577e-01
1.013728745585685154e+00
1.030433946941798018e+00
1.014736703297711928e+00
9.890955086391760576e-01
1.022622390522001989e+00
1.008960266063185784e+00
1.028988514338834204e+00
9.905810158946866117e-01
1.000182107939133314e+00
9.862409478279736685e-01
9.993092051503795759e-01
9.702516532381413317e-01
9.602184276830640908e-01
9.820721829953102944e-01
9.669549527311219750e-01
9.849700558577921816e-01
9.634627701289864010e-01
9.779362381540266380e-01
1.018932874342723283e+00
9.682179805789199456e-01
9.932770923617376679e-01
1.000681432314644681e+00
1.006228061614358182e+00
9.768857744239400898e-01
9.987126966770378811e-01
9.760659084669212060e-01
9.874442378776188134e-01
9.747933352011638464e-01
9.823113337756446128e-01
9.819881234547351845e-01
1.000998735842398402e+00
9.851052257483141616e-01
9.962644758074660212e-01
1.004495924370156557e+00
9.840871693858652680e-01
9.690456336075933264e-01
9.923726933340714096e-01
9.896033453674031310e-01
1.030820825756137094e+00
1.023834813264240307e+00
9.811441574508232843e-01
9.695614031337900229e-01
1.020739984744464479e+00
9.927740025698474913e-01
9.876720225705055700e-01
9.949954834318093244e-01
9.832951729739729529e-01
1.042285630543993813e+00
1.012480009585118301e+00
1.014785369402344983e+00
1.011797255771310855e+00
1.013665019583457561e+00
1.006486758679936866e+00
1.014009903633508181e+00
1.025881475754233163e+00
9.995352133079550283e-01
1.006385797060827203e+00
9.866449556085515882e-01
9.943149940581215152e-01
1.020108209217476247e+00
9.955297519120285266e-01
1.002905721196910571e+00
9.942615556393595844e-01
9.672643476974742693e-01
9.715885307186234998e-01
1.011068241193795680e+00
9.787437748858139885e-01
9.633709765616328413e-01
9.745130332848566113e-01
9.831809545136481754e-01
9.905980499191617827e-01
9.645160899561453505e-01
9.631426758325496440e-01
1.004638190207384429e+00
9.761191126568981025e-01
9.636084784332638042e-01
9.907381968609032530e-01
9.968051844498662106e-01
9.719193525072601370e-01
9.984289962554763198e-01
9.856095554772692502e-01
1.011755698628330924e+00
9.722406833515717661e-01
9.617093631187565439e-01
9.820862664329131908e-01
9.595720369584003206e-01
9.632390787483369188e-01
1.000027157836586689e+00
9.701272880608499127e-01
9.718164970152776139e-01
1.008884137252861635e+00
9.873755282022601554e-01
9.806262342341199867e-01
9.940379204218245945e-01
9.996144998011721183e-01
9.887175748015236687e-01
9.972915032411349134e-01
9.922778002219415638e-01
9.872851635115923452e-01
9.849344856625671385e-01
9.850201913000862231e-01
9.782086659385488270e-01
1.012135151659667054e+00
9.958285088559116760e-01
9.721960585603230953e-01
9.889080883157077562e-01
9.672392678609633698e-01
9.568753954694989572e-01
9.742305025372522964e-01
9.573115871026887103e-01
9.565209606044348112e-01
9.451768695948487009e-01
9.714637957879395103e-01
9.552422416929654547e-01
9.380097215492603224e-01
9.257225968472693189e-01
9.230226494042608198e-01
8.882135343022599105e-01
9.061956789040293003e-01
9.307000909827601864e-01
9.285381869828762680e-01
9.110951853590403271e-01
9.173197717285916930e-01
9.006862737155866272e-01
9.143160881584233568e-01
8.963523313194599051e-01
8.939331642324288563e-01
9.006396135049258289e-01
8.961179084669397277e-01
8.844593550790769143e-01
8.947908064051482979e-01
8.847474913034304445e-01
8.742278817638869937e-01
8.855424894026558968e-01
8.804128803608352039e-01
8.859767280687766977e-01
8.930585853911875427e-01
8.522989980546891164e-01
8.418117046587977326e-01
8.542265786542789785e-01
8.638599510419590066e-01
8.622406843167810253e-01
8.484286780704229924e-01
8.478614080435892264e-01
8.526913134624681812e-01
8.549732204719464601e-01
8.396142925452824146e-01
8.407384708966605391e-01
8.370085692752482487e-01
8.189520564396497448e-01
8.157827058034354817e-01
8.127915179886736619e-01
8.141183081482346040e-01
8.063473320322451787e-01
7.880554733412787893e-01
7.986362901899560773e-01
7.952139606895066715e-01
7.839425352422658699e-01
7.964173230607471954e-01
7.840478588423531736e-01
7.650602535932770065e-01
7.757023961827661518e-01
7.757662217062786247e-01
7.821314657098242806e-01
7.726618658034263287e-01
7.796457614463608854e-01
7.808167171029923859e-01
7.659597109230850132e-01
7.588393071188680450e-01
7.662633296329010024e-01
7.609205164820468381e-01
7.525819767704223784e-01
7.555286736790342017e-01
7.473928688916465779e-01
7.403951846609821974e-01
7.357875954457057111e-01
7.227161269325006465e-01
7.225522051433677095e-01
7.264535466337793679e-01
7.361102422092870023e-01
7.408960911959967532e-01
7.190897905349434849e-01
7.248185795669168652e-01
7.408861722828424812e-01
7.375861723270793480e-01
7.207433615782040670e-01
7.076604426004153847e-01
6.983132232314402943e-01
7.024724907016598463e-01
7.029470926080874094e-01
7.035704196753452822e-01
6.946096768128298127e-01
6.991900544082727542e-01
6.783125027813645680e-01
6.903081477475704331e-01
6.904915166383769343e-01
6.715665797068145482e-01
6.788416154246678103e-01
6.751487334926856709e-01
6.681814390360126810e-01
6.555740178063456103e-01
6.808257371832479032e-01
6.878480599962162323e-01
6.709762361000141118e-01
6.664502213512962792e-01
6.462972865853461313e-01
6.492034260734707019e-01
6.534185732311148520e-01
6.549746663190942897e-01
6.379364025104029556e-01
6.364487497477377964e-01
6.445844263038131849e-01
6.654822885261849619e-01
6.190987266711246439e-01
6.279395863811316758e-01
6.386208204258413401e-01
6.205572473883355089e-01
6.168151841189128959e-01
6.179702478441111424e-01
6.272880921814926181e-01
6.246954551178292014e-01
6.202568938295770495e-01
5.984598603221233937e-01
6.115730839530642005e-01
6.149860504397635097e-01
6.135712489235982670e-01
6.065111354652090725e-01
6.059627855212194047e-01
6.124485774730716869e-01
6.131510249930349765e-01
6.072653175449443941e-01
5.925953817522748857e-01
5.890056556929059717e-01
5.903021988202972192e-01
5.996505070305100382e-01
5.924596825922683330e-01
5.879260346526211656e-01
5.861713918085672548e-01
5.871787507803797324e-01
5.777291186885810115e-01
5.598078264912830226e-01
5.541479452483139001e-01
5.666888091995062604e-01
5.615812449720979371e-01
5.652054759042083321e-01
5.538700875940263391e-01
5.523410262654030456e-01
5.472991510431417517e-01
5.465974656724515990e-01
5.499401844130470396e-01
5.486958313261668385e-01
5.273234067466252561e-01
5.191623564524120438e-01
5.193208243634440668e-01
5.405555359492881795e-01
5.198989821810486855e-01
5.187231861179479875e-01
5.281593293890918250e-01
5.220731125726804089e-01
5.252553106589917808e-01
