4.750358894753358513e+07
0.000000000000000000e+00
0.000000000000000000e+00
0.000000000000000000e+00
7.415794002548588004e+00
4.971026748961141273e+00
0.000000000000000000e+00
5.353413421958151730e+00
0.000000000000000000e+00
0.000000000000000000e+00
0.000000000000000000e+00
0.000000000000000000e+00
9.645275781566386986e-01
8.269898247814705394e-01
0.000000000000000000e+00
6.274111430727650207e-01
5.536884138989757176e-01
0.000000000000000000e+00
0.000000000000000000e+00
0.000000000000000000e+00
0.000000000000000000e+00
1.630726150524387741e+00
8.934103373708959239e-01
1.365007345067783762e+00
7.535204344621825312e-01
9.274493780737337323e-01
8.587820297208628162e-01
3.987337453992632619e-01
3.712461503122392315e-01
1.732529429932842258e-01
6.483173545760847478e-01
6.078111308773449517e-01
2.854928584130406177e-01
2.687041485924937523e-01
5.067078511962631593e-01
7.178472903815874551e-01
6.790544420647478541e-01
3.216616028600123300e-01
4.068931271917815562e-01
9.663820426307706546e-01
1.838502069317064502e-01
4.377428238392324089e-01
4.173864496728763585e-01
3.187341441997298963e-01
8.375690583588808469e-01
8.011588754967138293e-01
4.881368951885683982e-01
6.682869466028421579e-01
6.410137936169240103e-01
2.461506919632506507e-01
7.686217022638902607e-01
5.116590307149899708e-01
6.564713036480339658e-01
4.741202873412329044e-01
4.568814843899867140e-01
8.321803247097611100e-01
5.195779237454423161e-01
4.104517499142222303e-01
5.727792582079487271e-01
5.536884138989812687e-01
6.179265560815897507e-01
3.986634653701098818e-01
3.860085622966670238e-01
5.983148670321088991e-01
8.336158148846767313e-01
4.920432039605687202e-01
6.478409021597866246e-01
6.287881519462812374e-01
4.820239761548636981e-01
5.931202297256052969e-01
5.157386077823697956e-01
6.193931092954747530e-01
6.024245112096381360e-01
4.465857312573249804e-01
5.433468670415717572e-01
3.703343709827814911e-01
6.183700187806016046e-01
5.020960476779695592e-01
5.627932593484922252e-01
5.010090246962091154e-01
6.049817030009837504e-01
7.037319445385301631e-01
4.873889784720241702e-01
6.055445884377711474e-01
8.447102080303751093e-01
5.362933422115712112e-01
5.441178207420874768e-01
4.726684844673762487e-01
7.315746902969527676e-01
6.776698277057495723e-01
6.075452088694057728e-01
5.943382301680283364e-01
7.401637864556205315e-01
7.416642265102777465e-01
6.247414080755506749e-01
8.431904953009307091e-01
8.096134770295061456e-01
9.992950787823560166e-01
6.993628521316533897e-01
9.138347546994248782e-01
6.419467234970827052e-01
5.561785517166807358e-01
7.893647919842211591e-01
7.038047019875237620e-01
6.627833350466226792e-01
7.722055567925946162e-01
6.514182347435149012e-01
6.132591480950378982e-01
6.276243246486846727e-01
6.790921977258111975e-01
6.545074393338840002e-01
7.519782534155284859e-01
7.744113150229233744e-01
6.788904489615411597e-01
9.086143575877011491e-01
7.573111638493746911e-01
6.777063507498950479e-01
7.863581269270858431e-01
8.160946897670270372e-01
9.292029178983020055e-01
7.061526026163577052e-01
7.558627617021821399e-01
6.028966891607463463e-01
7.216935265281609890e-01
8.463391920931832013e-01
7.850373875843538185e-01
7.349833954241223877e-01
5.472624539189366866e-01
7.031508656150123882e-01
8.631688831254434868e-01
7.348880435870080996e-01
8.371125870602380559e-01
7.042814862774757767e-01
7.276124588506970303e-01
6.251452444520919638e-01
7.802059919894063222e-01
7.850019341481866419e-01
7.736252951053362859e-01
8.017980135168960576e-01
7.438531316511248770e-01
6.492779909696739793e-01
7.982839832267099034e-01
7.796937012479410178e-01
6.517044472835558100e-01
6.643801334956898064e-01
7.621181756645952765e-01
7.236466013016963350e-01
8.455520839444113923e-01
6.769348667773734674e-01
9.175318346503782418e-01
8.055212658064005993e-01
7.817832415658750866e-01
6.289219153646981031e-01
6.975485495627907762e-01
8.022532311760077750e-01
7.545522605534898952e-01
8.372882268620466251e-01
7.111963584056321119e-01
7.562698887256977809e-01
6.519827800618545055e-01
5.502279060909296415e-01
8.209338076869049372e-01
7.423376518285997872e-01
6.938002967831934376e-01
6.909629819203624290e-01
6.606176400269783144e-01
7.941258117606374567e-01
7.309273847276617220e-01
7.753860946816549804e-01
6.245576529393968013e-01
7.884239601842663037e-01
6.510891818369097805e-01
6.131577090906443761e-01
6.261466915015710955e-01
6.288946605701448700e-01
7.637222078576372253e-01
7.599330083611417486e-01
8.040400018844615637e-01
6.672794858706769805e-01
7.347436832063531931e-01
8.377014925378123422e-01
7.552588526986626638e-01
7.107863285501974104e-01
7.344071116890952267e-01
8.194909501352357628e-01
7.756229024761568391e-01
6.936294236046658401e-01
6.991176532188564385e-01
8.147863388073689483e-01
6.634434155123645205e-01
7.354422008204094530e-01
8.799165120778439375e-01
8.016227233187794843e-01
7.530866326624366947e-01
7.652922201570973026e-01
8.403329072231384700e-01
8.318016823218289391e-01
8.427283487800508732e-01
8.457394143185836821e-01
8.903225854601978240e-01
7.764382622878979179e-01
9.210154725964414535e-01
8.494293831839873077e-01
8.483839770617622733e-01
8.797688360043016687e-01
7.712505369566836633e-01
8.592737615966691278e-01
8.720242094055831172e-01
7.630903602613465786e-01
9.276008173551837377e-01
8.269276128200055975e-01
8.460935935454876322e-01
7.880605190906336821e-01
8.567802543841109841e-01
8.488102632471233866e-01
7.987410713549725205e-01
8.203323617318246663e-01
8.032440012061450307e-01
7.706415545528108035e-01
7.198206035364046462e-01
8.466637245352901520e-01
7.406876125708504732e-01
7.218614042300820488e-01
8.240870798457224922e-01
7.419668631196461028e-01
7.976726720101685597e-01
7.700703655371765599e-01
8.711118562783484176e-01
8.259602914283413755e-01
7.786980279239368308e-01
8.116891303051024797e-01
8.806592665036667711e-01
8.563632647776681095e-01
8.130909635911032218e-01
8.034290039312871334e-01
8.482782977413507730e-01
7.440675806296417338e-01
8.607841069741415385e-01
8.297230826833114081e-01
8.070360718831880442e-01
8.081596151946566220e-01
7.988952268372703225e-01
7.923199947513429597e-01
8.265156040439678442e-01
8.349027645962585620e-01
7.505573789572432819e-01
8.809680291254371465e-01
8.590939631834525470e-01
8.082409663627215801e-01
8.187310415716363421e-01
8.049983821710543497e-01
8.439038121968287509e-01
8.514230549433782214e-01
7.977901394433057902e-01
8.706862934890308159e-01
7.345324628726221938e-01
9.029987944758026686e-01
8.823541866404100986e-01
7.694829126340607672e-01
7.881949343024817756e-01
7.799331243513192291e-01
8.136707200367105930e-01
7.834118268163762222e-01
7.253555596476305434e-01
7.866965254918230066e-01
7.658076494065574336e-01
7.367171436775548088e-01
7.839007844907077693e-01
8.010800745411504886e-01
7.557002814829055781e-01
7.624878508936947519e-01
7.793832258429064241e-01
8.427152125049898190e-01
8.466431187320291318e-01
8.544938371623003182e-01
7.986354936100428237e-01
7.830076403149367481e-01
7.656257829649881774e-01
8.320686150001719295e-01
7.682193146208918799e-01
7.225058980287865085e-01
7.307018500872890510e-01
6.990859983439789982e-01
8.104820628788615977e-01
8.066574430931445772e-01
7.825172785771685735e-01
7.825753123905386799e-01
7.862621542249189632e-01
7.717626681547310463e-01
7.430511683372769127e-01
7.450914679912794547e-01
7.382135699411064289e-01
7.789980009144894524e-01
8.122086060981431599e-01
7.180344374179415956e-01
7.788026034566881695e-01
7.872798138954754110e-01
8.382180168066816206e-01
8.021498419034859273e-01
7.715869367908294585e-01
7.464219588244314085e-01
7.862660943418449122e-01
7.992024798480371617e-01
7.497456107694917549e-01
7.545868523916905435e-01
8.062021766541906942e-01
7.640325258332379965e-01
8.515631734134101460e-01
8.476358229919014331e-01
8.264257803731861474e-01
8.117270359217280129e-01
7.676737873382539767e-01
7.766651331035179240e-01
8.054713221827195513e-01
7.805388661366789993e-01
8.240736859784196788e-01
7.993058081125439251e-01
8.780444874470916261e-01
7.952447113570738635e-01
7.961830421458973017e-01
8.176454282813131469e-01
8.417434510562920025e-01
7.959371876435568094e-01
8.544211992540250433e-01
8.462992823253787655e-01
7.884491240302283765e-01
8.175745525953126425e-01
8.421125001449156766e-01
8.635423269755384545e-01
8.555310549528778452e-01
8.462203268851011817e-01
8.713097385887563773e-01
7.896982484826852167e-01
7.836137974143732032e-01
8.261028958036448211e-01
8.493176022771582456e-01
8.149804729013012672e-01
8.181008439919370545e-01
7.803748584109267972e-01
8.268056671310917149e-01
7.816389002602698310e-01
8.365440064326961078e-01
8.226682783808241251e-01
8.396104160443479403e-01
8.334725854774994724e-01
8.627610588007332826e-01
8.477410846447177573e-01
8.141490413735837928e-01
8.492126923932896698e-01
8.134989483135260935e-01
8.051814072027787539e-01
8.762736053106409129e-01
8.069922222968490821e-01
8.084662868655488888e-01
8.195098432888453521e-01
8.483134287363855996e-01
8.138999095950129048e-01
7.833970676445837222e-01
8.189229810655935804e-01
8.517085918314931670e-01
7.866564627601519977e-01
8.780798562221310277e-01
8.330797176109480118e-01
8.912676989871415323e-01
8.852491178487467138e-01
8.521933792299337673e-01
8.284653939571750003e-01
8.172639905861561749e-01
8.139448158240252251e-01
8.967948722853905652e-01
9.326039265536727463e-01
8.161480382529060496e-01
8.052516634897323167e-01
8.636376067550235458e-01
8.138759495655923937e-01
8.566010736582910789e-01
7.946147513483483582e-01
7.830036589602586972e-01
9.093853632388345654e-01
8.417797511485130002e-01
8.279875262837346206e-01
8.402291775361729886e-01
8.379028293794014148e-01
7.945787706967102348e-01
8.353283217104409131e-01
8.502785984425907939e-01
8.337715004505754646e-01
8.515662391059949377e-01
8.461889737115492194e-01
8.448313101769695521e-01
8.088672050013127057e-01
7.703076853264020363e-01
8.554568598324118200e-01
8.063189512788562219e-01
8.758715513397085095e-01
8.444562158802698670e-01
8.277332857179392489e-01
8.140306809107205055e-01
8.004550205875724522e-01
8.578637016487974387e-01
8.235027947161291939e-01
8.792710364120899236e-01
8.320927991189025485e-01
8.251951015843002057e-01
8.598260690236749770e-01
8.170751540825309522e-01
8.887996515570716349e-01
8.744542255573783951e-01
7.798169931827624302e-01
8.461509241047487917e-01
8.160833894454890824e-01
8.904844598599437333e-01
8.462944461240085037e-01
8.501430957308525604e-01
8.776411084227956350e-01
8.664343146584290167e-01
8.927019041992603210e-01
8.867004641433260392e-01
8.273675700399577559e-01
8.465625381351485901e-01
8.638602249731682781e-01
8.105396184493228739e-01
8.024836886229993471e-01
8.230797146737391934e-01
8.125121754583172207e-01
8.420115804466615783e-01
8.480151310887574789e-01
8.712799492003876489e-01
8.565420656639892716e-01
8.100528598962578597e-01
8.534836758672155188e-01
8.292861263088249224e-01
8.738222578661889450e-01
8.385020561552493090e-01
8.474261634846322888e-01
8.371785633714994290e-01
8.254330617973060225e-01
8.492365839855595677e-01
8.343888309055927932e-01
8.782149258127545099e-01
8.897740024977993656e-01
8.741441986221208937e-01
8.301532330748577770e-01
8.501789571164272141e-01
8.387262128600330158e-01
8.721928590679099980e-01
8.213967023071968576e-01
9.464883120358087432e-01
9.205333555546050261e-01
8.768888200013709167e-01
9.131210436988230761e-01
9.090806917050896496e-01
8.616179848923932738e-01
9.333400082658503960e-01
9.153682061976100570e-01
9.026323542650686038e-01
9.182186771798834801e-01
9.351010839515503381e-01
9.217019645704987996e-01
8.619901535087417521e-01
8.994920379681707878e-01
8.786065538877947390e-01
8.677620382837313295e-01
8.927990172890276632e-01
8.819703558488611872e-01
9.171536743169729222e-01
8.868960993877362808e-01
8.927649222354383518e-01
8.999495787151695625e-01
8.961200118308941809e-01
8.875467424942314887e-01
9.115950314721134040e-01
8.645147740773393430e-01
8.723004281841579832e-01
8.766642366499916017e-01
8.796498452030417914e-01
8.155275467225943098e-01
8.947817625129110830e-01
8.890700160432452037e-01
9.030728742739646542e-01
8.967055012559577154e-01
9.020901894155602951e-01
8.633792289860662272e-01
8.372358541626563344e-01
8.761791031339192237e-01
8.994415298191594799e-01
9.129491444155065638e-01
9.472762591278415245e-01
9.434019240115336657e-01
9.011637474046580998e-01
9.200556981927036082e-01
8.495269655404160680e-01
9.362214576107380504e-01
9.101419030620324646e-01
8.774823666092508301e-01
8.886838825609272297e-01
9.034582343379632396e-01
9.339466660925237473e-01
8.877283569026912513e-01
9.077474553827941106e-01
8.776380696747939636e-01
9.257026672198530592e-01
9.339652352206609942e-01
9.040880587220934128e-01
8.916209293088332988e-01
9.122907380915260545e-01
9.322027509047732252e-01
9.080417182196940384e-01
9.336315409909937690e-01
9.299702455316329885e-01
9.055010282954797374e-01
9.192539625937921066e-01
9.323186788674178160e-01
9.429873356732708656e-01
9.359074539558807082e-01
9.737019634590640127e-01
9.303691070161818066e-01
9.386009600683747900e-01
8.912355034276598920e-01
9.330640803018165341e-01
9.445098223977724805e-01
9.109510536598770525e-01
8.914501162084650376e-01
9.425189625683797479e-01
9.350915831547335078e-01
9.457330221790851699e-01
9.203853870771314671e-01
9.532065525665521788e-01
9.145122574362802848e-01
9.928093907355932668e-01
9.729962731170733736e-01
9.335753611459910450e-01
9.508114440163498715e-01
9.626140369173411537e-01
9.664047061895680857e-01
8.865530564852546203e-01
9.429727972185122375e-01
9.546031886578297820e-01
9.495010969265225143e-01
9.330328361633614120e-01
9.264866591615475988e-01
9.390094555871184578e-01
9.109580674199715400e-01
9.693753747402387155e-01
9.703953745877453851e-01
9.399841274033510219e-01
9.400814011781765123e-01
9.431899009546313994e-01
9.292286325674646852e-01
9.593080506756770376e-01
9.672700310489489306e-01
9.136932580369182544e-01
9.321234942996716732e-01
9.607506400062783003e-01
9.499322665917937503e-01
9.557995996807308048e-01
9.372738866092409360e-01
9.843701253422680875e-01
1.002118475009520226e+00
9.479622310840848387e-01
9.373831269868303506e-01
1.019656288616893836e+00
9.636120472328634223e-01
9.359764189058584760e-01
9.757237865904611063e-01
9.736905655174205032e-01
9.711957497498601155e-01
9.298515893520635789e-01
9.503776547656013207e-01
9.688942618996924105e-01
9.483587850978952849e-01
9.515062584841668114e-01
9.619869443856677860e-01
9.503828380707278756e-01
9.351987219284741970e-01
9.779344591701416567e-01
9.455080269032358764e-01
9.580608833769239663e-01
9.488941513499253855e-01
9.483161858736194327e-01
9.714523553317756521e-01
9.837215844480861060e-01
9.301296740580090594e-01
9.752180373053341844e-01
9.855662519053755011e-01
9.531719306545496373e-01
9.363351948850195949e-01
9.466932972545324398e-01
9.578464183651408392e-01
9.415822187707666435e-01
9.210981995974597547e-01
9.559125823580179038e-01
9.458161814583410099e-01
9.593267286085808143e-01
9.586619489813738015e-01
9.418382727201363158e-01
9.187651592075335438e-01
9.634198770597897088e-01
9.446277069149925376e-01
9.653935230923513799e-01
9.329098619810248794e-01
9.306440334999730446e-01
9.699267127138903044e-01
1.008944131524761811e+00
9.461883205902179572e-01
9.463558316157504313e-01
9.522560458811613060e-01
9.875298354215746865e-01
9.435632304314504060e-01
9.534583733727650667e-01
9.701613810053500986e-01
9.665876728771999327e-01
9.525818471662942377e-01
9.863363892308382175e-01
9.903165756458989222e-01
9.636178074055172793e-01
9.636681277017449254e-01
9.822992453505394739e-01
9.799137675485465326e-01
9.586792960030245947e-01
9.645993920016855405e-01
9.814070001361804296e-01
1.008218926225650458e+00
9.762846128848463589e-01
9.754803152939147681e-01
1.000497954904991937e+00
9.704146426956617999e-01
1.003321171966145231e+00
9.924963767411043580e-01
9.916287024676352369e-01
9.907615351901966072e-01
1.004641216398362902e+00
1.007497660327549394e+00
9.532205055889199086e-01
1.022879783235828066e+00
9.662718114549762038e-01
9.770091703847002540e-01
9.965791085453281628e-01
1.015651884343777844e+00
1.004735062384703337e+00
1.002702845223301997e+00
1.020098383229823380e+00
1.002314453607822342e+00
1.009397613800219640e+00
9.979184381971828444e-01
9.995334482155269207e-01
1.031438286105859525e+00
1.019263451712272728e+00
1.020066444502940595e+00
9.890471599391295054e-01
9.614207601172123363e-01
1.011049009512951180e+00
9.867025094612520419e-01
1.021111712480357925e+00
9.827934771098735256e-01
1.021557853339438937e+00
9.932580313240667591e-01
9.588471450363982296e-01
9.834085973367188149e-01
1.004696607567227451e+00
9.867942799551286948e-01
9.941508207891296411e-01
9.550787578459186689e-01
9.600799471323753220e-01
9.899753945415048495e-01
9.941522225847557737e-01
9.480620977305629360e-01
9.553763681366312932e-01
9.396984986860583700e-01
9.550594073786881077e-01
9.602624372360359928e-01
9.426906493163090817e-01
9.945688058069551696e-01
9.587076963186578205e-01
9.860279375642003741e-01
9.672487431692637916e-01
9.762526105352038464e-01
9.737013206330200621e-01
9.623171962002879942e-01
9.715702482329623413e-01
9.342012599628161107e-01
9.567854785388585359e-01
9.834416971319013268e-01
9.728197307235884050e-01
9.976562998716727027e-01
9.780615928187099684e-01
9.838529628934702398e-01
1.006514694440007629e+00
9.819624970997608004e-01
9.657949217225834104e-01
9.933601469005394202e-01
9.807135643729572028e-01
9.678214032070170392e-01
9.863520462626975682e-01
9.797621427108548220e-01
9.632308279648694738e-01
9.623318806195597652e-01
1.000796515076629367e+00
9.639371480295165773e-01
9.747425352484142547e-01
9.569042708076774817e-01
9.587742830402991023e-01
9.771291435159832339e-01
9.947664889590900339e-01
9.296631063645534043e-01
1.005190812513461207e+00
9.679085812090112428e-01
9.742115912753417373e-01
9.606493999530977268e-01
9.540492684504302545e-01
9.716773172946451265e-01
9.620970426109299867e-01
9.602893969769340510e-01
9.756674278019472624e-01
9.561023814478257776e-01
9.822967995023161869e-01
9.945365112199106017e-01
1.002603590809305167e+00
9.700218081238383139e-01
1.004610621614224986e+00
9.759722625404555485e-01
9.611028807486945436e-01
9.783757103104648856e-01
9.802820418739198738e-01
9.836104749715791629e-01
9.946517518356866594e-01
1.010770970471869257e+00
9.980224515320350598e-01
9.887495553844330987e-01
9.469390420407715059e-01
9.839080098077961356e-01
1.004608950831662018e+00
9.895025944225165349e-01
9.957748231977577857e-01
9.902702286372141449e-01
9.970564717771853713e-01
9.785056374019008851e-01
9.985868215225196520e-01
1.032656250673564369e+00
9.904353734965639644e-01
9.885871036228872644e-01
1.002651593073697667e+00
9.581056326498134101e-01
9.757154157191118005e-01
9.826175347911629832e-01
9.835102442276840717e-01
9.678888542464094691e-01
9.984940999179450216e-01
9.842547606265791282e-01
9.837774825113454469e-01
1.000700409038512984e+00
9.764121256140360083e-01
9.983173195701323666e-01
9.685798367304532253e-01
9.837609632759766187e-01
9.750823203250849058e-01
9.606495287261394012e-01
9.686262428247764955e-01
9.571627160517267585e-01
9.896718743734106427e-01
9.654314678552956552e-01
9.982618449161028140e-01
9.629670534601164622e-01
9.490646655481062011e-01
9.948285068124731456e-01
1.005611753936510366e+00
9.701383159379577403e-01
9.729875372558089985e-01
9.582018326151624521e-01
1.007407572724243083e+00
9.819350000898117159e-01
9.753377766580884067e-01
9.551267329701859099e-01
9.705525606243898817e-01
1.011033158923092312e+00
9.798444301270553547e-01
9.390596908731390080e-01
9.997538730474097024e-01
9.892255385184454131e-01
9.953747073405744272e-01
9.893603734850801024e-01
1.001396709542277108e+00
9.916972655539969539e-01
9.989927801004020447e-01
1.000857721124900346e+00
9.760720139300967935e-01
1.031851010283187486e+00
1.014400265361351972e+00
1.022742692505768103e+00
1.009509233619176438e+00
9.842742795509291653e-01
9.933420272136330720e-01
9.853147641076398511e-01
9.871435347098049817e-01
1.020969797913497512e+00
9.869517173499265938e-01
1.003014176445681249e+00
1.010457944271400343e+00
1.002962308405003222e+00
9.950291876504425703e-01
9.868972409232711351e-01
9.917126231415754889e-01
9.709796650253713635e-01
9.629589062079465522e-01
9.873588818804008849e-01
9.942048390241763345e-01
1.022341588378332444e+00
1.005242312026206841e+00
1.000681063634992318e+00
1.000971548273616785e+00
9.613174310665635325e-01
1.007492474570446106e+00
9.792034322296339077e-01
9.772532303385558228e-01
9.819011137659408028e-01
9.817618429624562770e-01
9.861439042358107754e-01
9.898247189237804333e-01
1.013066207755036086e+00
9.926331684327898142e-01
1.024707963990579618e+00
1.018416364858866219e+00
9.985559066047836607e-01
1.017700269963667026e+00
1.011240504596542689e+00
1.003481385483791621e+00
9.878102050330398454e-01
9.944526586566830861e-01
9.977650546946734700e-01
9.872524033978329339e-01
9.846577273128388486e-01
9.835993206177978676e-01
9.768863518829666859e-01
9.797528421559716927e-01
9.535880806409029464e-01
9.707476445898416406e-01
9.776942806050378243e-01
9.641819611871158546e-01
9.871906360031549310e-01
9.715749015858872184e-01
9.859132723943008214e-01
9.622774026092125732e-01
9.778389727045244673e-01
9.844229530943894302e-01
9.584127843434266936e-01
9.567798250261102533e-01
9.917671108280646797e-01
9.812405372653747460e-01
9.697135968444741128e-01
9.471639067242957344e-01
9.591130164910387501e-01
9.312814928523132085e-01
9.446589919453500794e-01
9.598342280699651008e-01
9.299166011957514799e-01
9.339247386192334188e-01
9.348284258419745640e-01
9.242415509085128988e-01
9.051086342945404706e-01
8.964720588834299564e-01
9.043680535147313737e-01
8.959715400687557896e-01
9.099082169054014679e-01
9.104309141493563962e-01
9.198262222973692115e-01
9.112604872406315781e-01
8.836529504246835032e-01
9.002510596816645227e-01
8.997783870416589114e-01
8.917265286574552752e-01
8.801274745380102127e-01
8.588511909863532079e-01
8.642124764897499700e-01
8.881236593398222912e-01
8.876710440871021790e-01
8.830870071045907599e-01
8.594830076084829518e-01
8.800452607076392209e-01
8.766752152349832627e-01
8.567485591256195354e-01
8.555815925722508597e-01
8.406399122663126278e-01
8.338955088567144847e-01
8.478492971218656304e-01
8.609669280216954990e-01
8.272932226531607425e-01
8.321433250745731147e-01
8.264403575540519853e-01
8.219069893561122830e-01
7.935695732922734003e-01
8.166980386467875830e-01
8.215072366188604924e-01
8.043340863217681713e-01
8.285995880797584201e-01
7.956530494425958500e-01
7.844753686241296986e-01
8.125569112527588622e-01
7.935251481097891357e-01
7.833547047215162484e-01
7.931685340077555546e-01
8.038666181558019597e-01
7.905808042617962217e-01
7.862380054577717825e-01
7.578991090175506429e-01
7.741022707958590265e-01
7.633821796970915452e-01
7.354586997851538799e-01
7.541621258397233074e-01
7.503105160525216366e-01
7.410053388929306317e-01
7.470178795827908669e-01
7.344902794374881250e-01
7.493607368767184473e-01
7.245918810997572512e-01
7.377927781051505374e-01
7.109948142265372084e-01
7.221896973620788307e-01
7.164964453905681152e-01
7.299508303048128921e-01
7.096376791357413838e-01
6.997326171011832852e-01
7.216543191026062454e-01
7.211537309408760921e-01
7.020891842672399852e-01
6.935142803130917022e-01
7.043392663269070209e-01
6.731329480246063257e-01
7.083162566747438493e-01
7.031183505108125065e-01
6.865967812812823201e-01
6.670098001553457223e-01
6.806973330359098462e-01
6.833999614387934463e-01
6.802062144628338025e-01
6.689092493173280918e-01
6.486995448054855284e-01
6.682903247437160799e-01
6.661791471998209646e-01
6.580835298670962841e-01
6.520708525368249520e-01
6.641520923559290912e-01
6.421588971461036355e-01
6.652405939749673758e-01
6.579026099078043588e-01
6.379169889792901671e-01
6.478693553182783837e-01
6.766296329402214926e-01
6.340517653220208993e-01
6.362352553427371715e-01
6.302127039302648503e-01
6.315577705044145285e-01
6.199047744309377217e-01
6.353902218653805223e-01
6.280874391507060839e-01
6.219723927483815640e-01
6.439587525879730823e-01
6.465685223405405191e-01
6.238374973964373460e-01
6.309069954373091038e-01
6.122313117838336094e-01
6.171680650230179088e-01
6.087083460647056965e-01
6.240463261628381719e-01
6.159296194278317538e-01
6.020099013334732074e-01
6.151598296961574563e-01
5.878985968626883052e-01
6.093973943199330057e-01
6.245367114564116529e-01
6.142652378780472100e-01
5.998723064783082481e-01
5.864958912328241958e-01
5.852903502575582673e-01
5.831338694532638423e-01
5.905119504070530656e-01
5.953232544482702782e-01
5.877792705507356441e-01
5.788446113499102763e-01
5.833316193507388503e-01
5.635956137686590761e-01
5.729552143844015566e-01
5.533182699468723875e-01
5.531297388996049280e-01
5.657237870444964400e-01
5.667531343717346903e-01
5.643614730743345964e-01
5.519070432713354402e-01
5.562018509364244911e-01
5.533795916696483408e-01
5.442533974909129491e-01
5.410032879157604668e-01
5.610795821876891631e-01
5.503057678897045335e-01
5.478236073229586500e-01
5.427584882275657829e-01
5.398427628573896353e-01
5.234230919366890111e-01
5.261627625780298523e-01
5.158836719219377365e-01
5.006636671437907360e-01
