4.750358894753358513e+07
0.000000000000000000e+00
0.000000000000000000e+00
0.000000000000000000e+00
0.000000000000000000e+00
0.000000000000000000e+00
0.000000000000000000e+00
0.000000000000000000e+00
0.000000000000000000e+00
0.000000000000000000e+00
0.000000000000000000e+00
0.000000000000000000e+00
0.000000000000000000e+00
0.000000000000000000e+00
0.000000000000000000e+00
0.000000000000000000e+00
0.000000000000000000e+00
0.000000000000000000e+00
0.000000000000000000e+00
0.000000000000000000e+00
0.000000000000000000e+00
0.000000000000000000e+00
0.000000000000000000e+00
0.000000000000000000e+00
0.000000000000000000e+00
0.000000000000000000e+00
0.000000000000000000e+00
0.000000000000000000e+00
0.000000000000000000e+00
0.000000000000000000e+00
0.000000000000000000e+00
0.000000000000000000e+00
0.000000000000000000e+00
0.000000000000000000e+00
0.000000000000000000e+00
0.000000000000000000e+00
0.000000000000000000e+00
0.000000000000000000e+00
0.000000000000000000e+00
0.000000000000000000e+00
0.000000000000000000e+00
0.000000000000000000e+00
0.000000000000000000e+00
0.000000000000000000e+00
0.000000000000000000e+00
0.000000000000000000e+00
0.000000000000000000e+00
0.000000000000000000e+00
0.000000000000000000e+00
0.000000000000000000e+00
0.000000000000000000e+00
0.000000000000000000e+00
0.000000000000000000e+00
0.000000000000000000e+00
0.000000000000000000e+00
0.000000000000000000e+00
0.000000000000000000e+00
0.000000000000000000e+00
0.000000000000000000e+00
0.000000000000000000e+00
0.000000000000000000e+00
0.000000000000000000e+00
0.000000000000000000e+00
0.000000000000000000e+00
0.000000000000000000e+00
0.000000000000000000e+00
0.000000000000000000e+00
0.000000000000000000e+00
0.000000000000000000e+00
0.000000000000000000e+00
0.000000000000000000e+00
0.000000000000000000e+00
0.000000000000000000e+00
0.000000000000000000e+00
0.000000000000000000e+00
0.000000000000000000e+00
0.000000000000000000e+00
0.000000000000000000e+00
0.000000000000000000e+00
0.000000000000000000e+00
0.000000000000000000e+00
0.000000000000000000e+00
0.000000000000000000e+00
0.000000000000000000e+00
0.000000000000000000e+00
0.000000000000000000e+00
0.000000000000000000e+00
0.000000000000000000e+00
0.000000000000000000e+00
0.000000000000000000e+00
0.000000000000000000e+00
0.000000000000000000e+00
0.000000000000000000e+00
0.000000000000000000e+00
0.000000000000000000e+00
0.000000000000000000e+00
0.000000000000000000e+00
0.000000000000000000e+00
0.000000000000000000e+00
0.000000000000000000e+00
0.000000000000000000e+00
0.000000000000000000e+00
0.000000000000000000e+00
0.000000000000000000e+00
0.000000000000000000e+00
0.000000000000000000e+00
0.000000000000000000e+00
0.000000000000000000e+00
0.000000000000000000e+00
0.000000000000000000e+00
0.000000000000000000e+00
0.000000000000000000e+00
0.000000000000000000e+00
0.000000000000000000e+00
0.000000000000000000e+00
0.000000000000000000e+00
0.000000000000000000e+00
0.000000000000000000e+00
0.000000000000000000e+00
0.000000000000000000e+00
0.000000000000000000e+00
0.000000000000000000e+00
0.000000000000000000e+00
0.000000000000000000e+00
0.000000000000000000e+00
0.000000000000000000e+00
0.000000000000000000e+00
0.000000000000000000e+00
0.000000000000000000e+00
0.000000000000000000e+00
0.000000000000000000e+00
0.000000000000000000e+00
0.000000000000000000e+00
0.000000000000000000e+00
0.000000000000000000e+00
0.000000000000000000e+00
0.000000000000000000e+00
0.000000000000000000e+00
0.000000000000000000e+00
0.000000000000000000e+00
0.000000000000000000e+00
0.000000000000000000e+00
0.000000000000000000e+00
0.000000000000000000e+00
0.000000000000000000e+00
0.000000000000000000e+00
0.000000000000000000e+00
0.000000000000000000e+00
0.000000000000000000e+00
0.000000000000000000e+00
0.000000000000000000e+00
0.000000000000000000e+00
0.000000000000000000e+00
0.000000000000000000e+00
0.000000000000000000e+00
0.000000000000000000e+00
0.000000000000000000e+00
0.000000000000000000e+00
0.000000000000000000e+00
0.000000000000000000e+00
0.000000000000000000e+00
0.000000000000000000e+00
0.000000000000000000e+00
0.000000000000000000e+00
0.000000000000000000e+00
0.000000000000000000e+00
0.000000000000000000e+00
0.000000000000000000e+00
0.000000000000000000e+00
0.000000000000000000e+00
0.000000000000000000e+00
0.000000000000000000e+00
0.000000000000000000e+00
0.000000000000000000e+00
0.000000000000000000e+00
0.000000000000000000e+00
0.000000000000000000e+00
0.000000000000000000e+00
0.000000000000000000e+00
0.000000000000000000e+00
0.000000000000000000e+00
0.000000000000000000e+00
1.358190436720122483e-02
8.956184288891406303e-03
8.859361623083629456e-03
8.764100592950924834e-03
4.335183897529161501e-03
4.289065357170898651e-03
4.243678847955046317e-03
4.199008958939016468e-03
0.000000000000000000e+00
8.223518804465831597e-03
0.000000000000000000e+00
0.000000000000000000e+00
7.971793959969762991e-03
0.000000000000000000e+00
1.171551665242012534e-02
1.546290548220276805e-02
7.653750355824286665e-03
0.000000000000000000e+00
3.000727583721344779e-02
1.114131620076340423e-02
2.206310086192174794e-02
1.456453179505171232e-02
1.802804991812093430e-02
1.071181301328727291e-02
1.060831804440332156e-02
3.502105258656960582e-03
2.081155527985490902e-02
6.871117165593953850e-03
1.020898287432105665e-02
1.685445405469098920e-02
1.669619743836088521e-02
1.323212748083569049e-02
3.277259703656847448e-03
1.948148954524323365e-02
3.216989653850292879e-03
1.912485717157488135e-02
1.895020216113469172e-02
1.564827398992183968e-02
1.550666162152546101e-02
1.229357033312614839e-02
3.045828709831569989e-02
3.320497391319761349e-02
5.385243361352270303e-02
4.744521469205463526e-02
3.527039842155006710e-02
3.787442853384123675e-02
3.465567656342691261e-02
4.580576634846687117e-02
2.838073882185672761e-02
5.064494184366134799e-02
3.905239643937248595e-02
7.467161910530539792e-02
7.129404130448281640e-02
8.700290233244623028e-02
5.930973468786999298e-02
7.752403447903759293e-02
6.097006677864588720e-02
1.051512797241938718e-01
7.560202851820981007e-02
9.566059350478642309e-02
1.051298374912785216e-01
7.120749819455722551e-02
1.084616884520819280e-01
9.507060133458414275e-02
9.181920303560893448e-02
1.255409516399887682e-01
1.269744116340227325e-01
1.138472158398429190e-01
1.177460320190497484e-01
9.774027203409597908e-02
1.560942267396193406e-01
1.243614040896917905e-01
1.047617198048299142e-01
1.570698348281078793e-01
1.306368814343166207e-01
1.205277626080972497e-01
1.534452729006338112e-01
1.701784517243994932e-01
1.688744086914537312e-01
1.852258549677064658e-01
1.969471073002063144e-01
2.280309394101832643e-01
2.176886276018469013e-01
2.074953686939554898e-01
2.016948952431346087e-01
2.065114969894875363e-01
2.154340670437036587e-01
2.781973563700806396e-01
2.534756909727687857e-01
2.352469054381476354e-01
2.680443567485750744e-01
2.701194712145045251e-01
2.801619138237050333e-01
3.198515285353654147e-01
2.859851583014252907e-01
3.015508198890234914e-01
3.246622866939922747e-01
3.532264687829729244e-01
3.200490317528046358e-01
3.272935370182648573e-01
3.023074587433422500e-01
3.264441642150970324e-01
3.614123417091687496e-01
3.496353797897987503e-01
3.141323437060613011e-01
3.447878124095352104e-01
3.405900976833085014e-01
3.832200940819370238e-01
3.859466596789360993e-01
3.655576812689133037e-01
4.335599733596479655e-01
3.885998072279909232e-01
4.172597215019515637e-01
5.059626669907087981e-01
4.871186648067865610e-01
4.855531194916753446e-01
4.890744816668933237e-01
5.076672220279531134e-01
5.360211382162023419e-01
4.843664547422335542e-01
4.696344469210115280e-01
4.583597620424840202e-01
5.594350802214257401e-01
5.250815779811863759e-01
4.767177734715791759e-01
5.342203428717086089e-01
5.212564219894123552e-01
5.493763759052228135e-01
5.286391871706050960e-01
5.532224054502397070e-01
5.280705278755529752e-01
6.259662846677135351e-01
5.381449604418899746e-01
5.650358177756443778e-01
5.027648585867978692e-01
6.461928766220503828e-01
6.213313819574894925e-01
6.455138950236680717e-01
6.488317402160509451e-01
6.696018094191300563e-01
6.756042430635654794e-01
7.103366799869044179e-01
7.016694557350855455e-01
6.617849145741087069e-01
6.464214023115187890e-01
6.537267321659195884e-01
7.307971472624702480e-01
6.985911049371713588e-01
7.081745965612673555e-01
7.162577693595760797e-01
7.051364325829849733e-01
7.619220659980584509e-01
7.371587014756830758e-01
8.104686898701588538e-01
7.723671148411025422e-01
7.267594876239051871e-01
7.711630135392969487e-01
7.417702741508370723e-01
6.971022471539178866e-01
7.434510103536325909e-01
7.404014505427417570e-01
7.233173447200926809e-01
7.343706622042601717e-01
7.137042433710312217e-01
7.409885036153829319e-01
8.004133980375264246e-01
7.697541948594146533e-01
7.789345013442109389e-01
8.420037276541253446e-01
7.859612838719397532e-01
7.839353016597963020e-01
8.144996173645454585e-01
7.667156513346591318e-01
7.886570694722234709e-01
7.640693028851140989e-01
8.058135500018835939e-01
7.637806026843859675e-01
8.050396278955209706e-01
7.889769832992675758e-01
7.592333053799765752e-01
8.353747030589120381e-01
7.942667330282336957e-01
7.921844669979810627e-01
8.081727940776590735e-01
8.598976853268238685e-01
7.871190073268307108e-01
8.583619954051452394e-01
8.007097073976702228e-01
8.183626917343771456e-01
8.445547972817890603e-01
7.911244413232457751e-01
8.128353945929633895e-01
8.353786166611166797e-01
8.245186364426247971e-01
8.009971991503430644e-01
7.851198850655567441e-01
7.988697809007817563e-01
8.208399563438235624e-01
8.081991451524253023e-01
7.200484320439460850e-01
7.667893051147289807e-01
7.648461457287043519e-01
7.608729279560304537e-01
7.782382875960228708e-01
7.388870924089845360e-01
7.461246646883894496e-01
7.342962168571295356e-01
7.414637145788461892e-01
8.612754713400285755e-01
7.644049444426748163e-01
7.644299857312513158e-01
7.566543781928397605e-01
7.528232249899928785e-01
7.384171933382268627e-01
7.088005772254427628e-01
7.424570571495199278e-01
7.558270419783009730e-01
8.077901595922045708e-01
7.576977768735161378e-01
7.651528806224356938e-01
7.967242013934906497e-01
7.844447261974212271e-01
7.538453638385489430e-01
7.895642061336242135e-01
7.738214625466085517e-01
7.909134272694461343e-01
8.177686892588644785e-01
8.155779895462350604e-01
8.017661369990769504e-01
8.245886098303079059e-01
7.913517700405650057e-01
7.584264132038726069e-01
7.793453042794425967e-01
7.686110855840901923e-01
7.840478262782208940e-01
8.123041325176421079e-01
7.800156279460995767e-01
7.891539449620160740e-01
8.263381618943731466e-01
7.969598970931037751e-01
8.202228017399287863e-01
8.071057467689373155e-01
8.074915029014172463e-01
8.520057831819335403e-01
8.181729563876868339e-01
7.648451826787493468e-01
8.195867512297807522e-01
8.509233371866845586e-01
8.575517582116731763e-01
7.920330386035456804e-01
8.375473486374265253e-01
8.039991007345069773e-01
8.130818420615981701e-01
8.697752595711495394e-01
7.803231053999460931e-01
8.445098497518737091e-01
8.241942305279867931e-01
8.118609091957907919e-01
7.988538642512993393e-01
7.844090419494076372e-01
8.008899465657255412e-01
8.379130749578493909e-01
7.959885714404135726e-01
8.668746099272519601e-01
8.917373038859899292e-01
9.118515082540687988e-01
8.987943756595858646e-01
8.492761507757957684e-01
8.923176350547489255e-01
8.839311851811083587e-01
8.851836049920142058e-01
9.128109271728073182e-01
9.080686192263371925e-01
8.779226118777800902e-01
8.494789022925005595e-01
8.990802409642024706e-01
8.341940737708094522e-01
8.691317455013576332e-01
8.909593071732158087e-01
8.538271587338279733e-01
9.262707703532274683e-01
9.103461677860604784e-01
9.120216437264372367e-01
8.865354939907613696e-01
9.132258273383097036e-01
9.472691176423932991e-01
9.281159395757206942e-01
9.022765615304957354e-01
9.318219061643198131e-01
8.926034683164444372e-01
9.496154471505773298e-01
9.624224462078103670e-01
9.583701471704645369e-01
9.970254121141375325e-01
9.264339801938266117e-01
9.192510346584970016e-01
9.509756319751452303e-01
9.378316704515392566e-01
9.561375483166221212e-01
9.846896516042957792e-01
1.004577032376135604e+00
9.507593598118300182e-01
9.571164689659381608e-01
9.826046869148142848e-01
1.002141663758263634e+00
1.017703362117252430e+00
9.813149283254599675e-01
1.027653910273607973e+00
9.777158645644533630e-01
1.008072042136496593e+00
9.778727442375105827e-01
9.652457325671486288e-01
9.699787510023551995e-01
9.623826150469750873e-01
9.621799611466596014e-01
9.546604212439561143e-01
9.866345238029911036e-01
9.633484979228853495e-01
1.019095508888495427e+00
9.946507285736633230e-01
9.572546496539128258e-01
9.939020698188276715e-01
1.015440712847402116e+00
1.061585406097448558e+00
9.939185698486580067e-01
9.648309165867542392e-01
9.662882344922403277e-01
9.874762132440825235e-01
9.963404285781573000e-01
1.002822504647773227e+00
9.822643223781722943e-01
9.818734113711377054e-01
1.028757676107316277e+00
1.032146778282073019e+00
1.010066582161553317e+00
1.003351476209864312e+00
1.013506957013078358e+00
1.023018162294985656e+00
1.081984145398509067e+00
1.100016366683625124e+00
1.032292606687497560e+00
1.034404932649476860e+00
1.046907927213095446e+00
1.012895355740301984e+00
1.064535580679637272e+00
9.597093829422193023e-01
9.657983639631083639e-01
9.836665090224269159e-01
1.038362762830885577e+00
1.024851168324930173e+00
1.056634417930921277e+00
1.026717668434676600e+00
1.016545856974936157e+00
1.034837731413393191e+00
1.022601611205853134e+00
1.067861194091809685e+00
1.032699440578353611e+00
1.059440394199930191e+00
1.012167319563116896e+00
1.112823911221535900e+00
1.084644673075410459e+00
1.079125614639739217e+00
1.100595173274570904e+00
1.100110803554002592e+00
1.030959302473596351e+00
1.086554765899735431e+00
1.115675801561583969e+00
1.105126869414509772e+00
1.058324771626087513e+00
1.064901312134183708e+00
1.030423746215747283e+00
1.037531941154321125e+00
1.059785042903906183e+00
1.059882071425104932e+00
1.082855648737117704e+00
1.060053584954586459e+00
1.101218468920254212e+00
1.102102431260358673e+00
1.051136225346215314e+00
1.123917578916369786e+00
1.059877939191834040e+00
1.079863204765054263e+00
1.086924121143690192e+00
1.071766903351620615e+00
1.153500515547124516e+00
1.106364202235108785e+00
1.079147528459909466e+00
1.062808197074230687e+00
1.029434890321213159e+00
1.084467831722129016e+00
1.061820118432386995e+00
1.047117415414154484e+00
1.059465479312228453e+00
1.074908406937013172e+00
1.050312419520629037e+00
1.049843025578677258e+00
1.016028637841444260e+00
1.001299760652543114e+00
1.008144705924684636e+00
1.018504124605362104e+00
1.003900111656494287e+00
9.796468203993637935e-01
1.031026764196577350e+00
9.861612683560222470e-01
1.046363347467482052e+00
9.838270906401509475e-01
1.000514122455951505e+00
1.016648450958482108e+00
9.985050436011898567e-01
1.066674319808879279e+00
9.849030445431317116e-01
1.009412059821076957e+00
1.021378151251183253e+00
1.000091926608469795e+00
1.087007672217400245e+00
1.047470975496834100e+00
1.003140742236375837e+00
1.021613745645317595e+00
9.893611534948923980e-01
1.034419386989222200e+00
9.562189690224306426e-01
9.770653058672293945e-01
9.796123301705963460e-01
1.023676516684747018e+00
1.065395378065061571e+00
1.025936043336191261e+00
1.019716154078701642e+00
9.891775461513105938e-01
9.649019573385153592e-01
1.027478260530290122e+00
1.055476763991007871e+00
1.016383192314637141e+00
1.023859556433905027e+00
1.020933364723317416e+00
9.914395434856568823e-01
9.949536639701921370e-01
1.050864885070162957e+00
1.019186104029444984e+00
1.004546260854374040e+00
1.059091961563030093e+00
1.049466014677954195e+00
9.929632932003205070e-01
1.000224960628362192e+00
1.010132950618637837e+00
9.830922686691205836e-01
1.009065377149157339e+00
1.002421340508515391e+00
9.524353961153073644e-01
9.998650102455429733e-01
9.857356609524020596e-01
9.886518380243778381e-01
9.547234153336403573e-01
9.809308503458928907e-01
9.894205179117800952e-01
9.915247352018443650e-01
1.035907993692686713e+00
9.679391774681961325e-01
1.005103772499339909e+00
1.023653747781120282e+00
9.567086489271080518e-01
9.968353294080710691e-01
9.886416022610375887e-01
9.812199121305875682e-01
1.007856862157944455e+00
1.017729067892490180e+00
1.044798986317626133e+00
1.037276704375046377e+00
1.011923566963381038e+00
1.025919335944200927e+00
1.034495683661881271e+00
9.789108887835249462e-01
1.002398392714984876e+00
1.002505667195171757e+00
1.020855992911174237e+00
9.677181101241171257e-01
9.797750565322818073e-01
9.931453161222308923e-01
1.015097193566888212e+00
9.878311916328398334e-01
9.751982054881237483e-01
9.794710570570913655e-01
9.391863057570364326e-01
9.944147460865340182e-01
1.002663799832912872e+00
9.602820173575948859e-01
1.022046274095864904e+00
9.930099395450879829e-01
9.900457329748076907e-01
1.010237674102319350e+00
1.027629785508697324e+00
1.012573068466551485e+00
9.982660235939422311e-01
1.022154675444703731e+00
9.917025890847149805e-01
1.014142941352466076e+00
1.002938640989409658e+00
9.855726492058088928e-01
9.973699287742746611e-01
1.010070515303121530e+00
1.009381083399155443e+00
1.015489336373526896e+00
1.029626722298688346e+00
9.870360876472323852e-01
9.860837515524591979e-01
9.793736323307031810e-01
1.025656019849326306e+00
9.892787061808409055e-01
9.921203662227391362e-01
9.924113788519238755e-01
9.822902742835246670e-01
9.848007260702981158e-01
9.549994700941438763e-01
9.863272368387833167e-01
9.766350110077463009e-01
9.756976011837203977e-01
1.015673638868415773e+00
9.932972086459975758e-01
9.812141107274584551e-01
1.035570774766176205e+00
1.010864928012127351e+00
1.007377981917509935e+00
1.069716735906696803e+00
1.007438843367600922e+00
1.028215074644571292e+00
1.010201715219392504e+00
1.048316740147863024e+00
1.029138475371892625e+00
1.027437673715847932e+00
9.964695759283541676e-01
9.951598202362591516e-01
1.024150275526281684e+00
9.931429524650665641e-01
9.998166701269355361e-01
1.024710814233450673e+00
1.017740405013877858e+00
9.806359398275060757e-01
9.881312185736058629e-01
1.022378452266143878e+00
1.023899471861638766e+00
9.958624786057901357e-01
1.018816395118101514e+00
1.027236485842608849e+00
1.053129673261042454e+00
1.034185721234685662e+00
1.022769947509692301e+00
1.033635584972373067e+00
1.028526836348174545e+00
1.026275646400859998e+00
9.929502430972417804e-01
1.003199962120818300e+00
1.061445981009328410e+00
1.044260340904825668e+00
1.028561795479804752e+00
1.058379486535636849e+00
9.935168034302255258e-01
1.050706289164450080e+00
1.034591617140690145e+00
1.000913253282997406e+00
1.009761291934142324e+00
1.014444267718711101e+00
1.005696377748605208e+00
1.018813832180845091e+00
9.858820448735257091e-01
1.033703180829648627e+00
1.015782711445630815e+00
1.017654392105559635e+00
1.021934735055816557e+00
9.988092803341653836e-01
1.005786901219286600e+00
1.027675764694674365e+00
9.783456473994842639e-01
1.020634031410784681e+00
9.872043915265388270e-01
1.003085226300283850e+00
9.690809014412344879e-01
9.854444955488095292e-01
9.550659740669475983e-01
9.933315168037402110e-01
9.839423061533583148e-01
9.993019718709515997e-01
9.782687114601559264e-01
9.808812242459576947e-01
9.731569314565997608e-01
9.798796210312772370e-01
9.791210781225684334e-01
1.008313051631315904e+00
1.002116225157077656e+00
9.852527550227745401e-01
9.844749250771107629e-01
9.674844075473350014e-01
9.836794633473370242e-01
9.889504668631800000e-01
1.017568927727667383e+00
9.823517086074213811e-01
9.635677733513194898e-01
9.940167624984849182e-01
1.000919099964714620e+00
9.938857399399154691e-01
9.928257338125233700e-01
9.710289099185838158e-01
9.872645486977834617e-01
1.005379259638786715e+00
9.810120723094493123e-01
9.907350887512800242e-01
1.017712725710443689e+00
9.796305534853516628e-01
1.008676039395657975e+00
1.007573917571020994e+00
1.000682872590758388e+00
1.039073790036649791e+00
1.054219573390995812e+00
1.016360301142263944e+00
1.001381701650299938e+00
1.014353805108314299e+00
9.849504140262803631e-01
1.034877739733613966e+00
1.003198800342849362e+00
9.860649607346728684e-01
9.513651752629436187e-01
9.849056015862841518e-01
9.651261584843455754e-01
9.790743960280650082e-01
9.899216349952391081e-01
9.742184864865234273e-01
9.660084804472814923e-01
9.784173503986383080e-01
1.004602589241676336e+00
9.761198408682029148e-01
1.003782503833352990e+00
1.002912963322398765e+00
9.819443795556790366e-01
9.562909320892792886e-01
1.003493846591812177e+00
9.813083732890324207e-01
9.718945771791924759e-01
9.519194185410142506e-01
9.939347641515751119e-01
9.876935779090346701e-01
9.848395448451539025e-01
9.860183014748084007e-01
9.633389795414899481e-01
9.687830623184832124e-01
9.812958965420277568e-01
9.696263354332909090e-01
9.754487812382129919e-01
9.620822997500106943e-01
9.938108999204542382e-01
9.859375278328191827e-01
9.824715423054835028e-01
9.692051842185129829e-01
9.794971840038120270e-01
9.788846517774550948e-01
9.908308485496757356e-01
9.599471590025047130e-01
1.021008486115642322e+00
1.023946194232827844e+00
9.871906360031549310e-01
9.923286486578605237e-01
9.970125341748818926e-01
9.935796327892422175e-01
9.752897509638217555e-01
1.001801356141480914e+00
9.710985922103151369e-01
9.711230851896410776e-01
9.612544371446212210e-01
9.594072005354647992e-01
9.385068309849003976e-01
9.691035074756857437e-01
9.340981149524766325e-01
9.539500240539439124e-01
9.166491162781805757e-01
9.596272334121971337e-01
9.712186931875681495e-01
9.605023453436721814e-01
9.346228786946917388e-01
9.455686246370430537e-01
9.439808405594506402e-01
9.705657194878664074e-01
9.636274778724857049e-01
9.815053310821223453e-01
9.498395866381623698e-01
9.607857114890253625e-01
8.867374965994598845e-01
9.265588740376909938e-01
9.051417835372836951e-01
9.106701683180871143e-01
9.077746402035488105e-01
9.164579286917932111e-01
9.016182652343939230e-01
8.804912233066288785e-01
8.978856648929719464e-01
8.857521675925864590e-01
9.075854766621349601e-01
9.017756383531841946e-01
8.828395908250642465e-01
9.184272970001842173e-01
9.052008629783100391e-01
8.739030240182372733e-01
8.491632719187195422e-01
8.711063172122524012e-01
8.147277226071638623e-01
8.383836749849389314e-01
8.517154365184401721e-01
8.471005685232851912e-01
8.323351957974401971e-01
8.314177606803909715e-01
8.326034316995801765e-01
8.025267706853418392e-01
8.273464880447433112e-01
8.135388061481926281e-01
8.234533479641542586e-01
8.059344523219351686e-01
7.997990388049210919e-01
8.034667426008883506e-01
8.241889889479034892e-01
8.221661831795692432e-01
8.037137087307306693e-01
8.032322325125532680e-01
8.142798799223356365e-01
7.987445112290618709e-01
7.999374668196449489e-01
7.649184037147641613e-01
7.807374331169664172e-01
7.620948573029986406e-01
7.690387751495957325e-01
7.534297518403645366e-01
7.408106020435780703e-01
7.450156998906292127e-01
7.562942155600790306e-01
7.321309086362309815e-01
7.381330022980918670e-01
7.464561248935404070e-01
7.478896489687596461e-01
7.304248344533756931e-01
7.196764843958672886e-01
7.080776121572288639e-01
6.934890356470797546e-01
7.135612853033679315e-01
6.963514065912843609e-01
7.145514222610451771e-01
6.940440206622633390e-01
7.194159886132963644e-01
6.949256550885953843e-01
7.180704492245573167e-01
6.961445388887042007e-01
6.995521357062366441e-01
6.863274645284647146e-01
7.080638387539812673e-01
6.908688974454977316e-01
6.876485439936418365e-01
6.884287863263156559e-01
6.999323677186880532e-01
6.799598925688276063e-01
6.809191503509371968e-01
6.639920849396016012e-01
6.677232142420044259e-01
6.870159223092241474e-01
6.828208534424127230e-01
6.520487046358903749e-01
6.681854696661974069e-01
6.791598919351478081e-01
6.655250654808865240e-01
6.788221059196686280e-01
6.596763990236362840e-01
6.616495241512464487e-01
6.338838045894852335e-01
6.382465364449797507e-01
6.275366414931937697e-01
6.499170080190778132e-01
6.245682171187577625e-01
6.461933514550352031e-01
6.257654892832357207e-01
6.277651106159156669e-01
6.282685547177865315e-01
6.139351888143036451e-01
6.241664388661956053e-01
6.059595804252199125e-01
6.096107390207138321e-01
6.150432809008516966e-01
6.132752897114933655e-01
6.118388471690424657e-01
6.266499134368604951e-01
6.478819535890932846e-01
6.135422650637720743e-01
6.382622328377455245e-01
6.082697755622699098e-01
6.128015300056219861e-01
5.964581233822354722e-01
6.040347510922490226e-01
6.069457615890763158e-01
5.889573832338381720e-01
5.823383252930275367e-01
5.830491750187413169e-01
5.842312587571926175e-01
5.912581900966372705e-01
5.969926839522111672e-01
5.751422985607176352e-01
5.566803301641356505e-01
5.575843928651922354e-01
5.627098105966071850e-01
5.579721624821770698e-01
5.593323086017231160e-01
5.415502774493572424e-01
5.530276663248362423e-01
5.624431687464760410e-01
5.514083404056964177e-01
5.476698747450032823e-01
5.457934467198063411e-01
5.323964174261915927e-01
5.218132144894802593e-01
5.115777124582454594e-01
5.107011487118379156e-01
5.297993670198851701e-01
5.180847259102061564e-01
5.229675452944465563e-01
4.882766189592200878e-01
5.089265775483202692e-01
4.973430157488062386e-01
