0.000000000000000000e+00
0.000000000000000000e+00
0.000000000000000000e+00
0.000000000000000000e+00
0.000000000000000000e+00
0.000000000000000000e+00
0.000000000000000000e+00
0.000000000000000000e+00
0.000000000000000000e+00
0.000000000000000000e+00
0.000000000000000000e+00
0.000000000000000000e+00
0.000000000000000000e+00
0.000000000000000000e+00
0.000000000000000000e+00
0.000000000000000000e+00
0.000000000000000000e+00
0.000000000000000000e+00
0.000000000000000000e+00
0.000000000000000000e+00
0.000000000000000000e+00
0.000000000000000000e+00
0.000000000000000000e+00
0.000000000000000000e+00
0.000000000000000000e+00
0.000000000000000000e+00
0.000000000000000000e+00
0.000000000000000000e+00
0.000000000000000000e+00
0.000000000000000000e+00
0.000000000000000000e+00
0.000000000000000000e+00
0.000000000000000000e+00
0.000000000000000000e+00
0.000000000000000000e+00
0.000000000000000000e+00
0.000000000000000000e+00
0.000000000000000000e+00
0.000000000000000000e+00
0.000000000000000000e+00
0.000000000000000000e+00
0.000000000000000000e+00
0.000000000000000000e+00
0.000000000000000000e+00
0.000000000000000000e+00
0.000000000000000000e+00
0.000000000000000000e+00
0.000000000000000000e+00
0.000000000000000000e+00
0.000000000000000000e+00
0.000000000000000000e+00
0.000000000000000000e+00
0.000000000000000000e+00
0.000000000000000000e+00
0.000000000000000000e+00
0.000000000000000000e+00
0.000000000000000000e+00
0.000000000000000000e+00
0.000000000000000000e+00
0.000000000000000000e+00
0.000000000000000000e+00
0.000000000000000000e+00
0.000000000000000000e+00
0.000000000000000000e+00
0.000000000000000000e+00
0.000000000000000000e+00
0.000000000000000000e+00
0.000000000000000000e+00
0.000000000000000000e+00
1.560842709804224383e-02
1.516878258183440749e-02
1.474745498322558961e-02
2.868688148617324143e-02
1.395580410179140564e-02
4.075101502811788456e-02
0.000000000000000000e+00
0.000000000000000000e+00
1.255240119194924071e-02
2.446927214558661939e-02
1.192878630229069273e-02
0.000000000000000000e+00
1.135051523449242226e-02
0.000000000000000000e+00
1.081329622210305645e-02
0.000000000000000000e+00
1.031333350406867834e-02
1.007625593966828513e-02
9.847260093070339670e-03
0.000000000000000000e+00
3.764832376143053411e-02
7.364184349932191564e-02
4.502562349757790322e-02
3.524589459312478523e-02
2.587200790152131835e-02
5.909716022336290731e-02
5.786601438339720321e-02
3.238453908118024693e-02
2.379273997100847526e-02
3.108279342807348383e-02
4.569173773497123975e-02
4.478698070909879758e-02
7.318138838377377664e-02
8.611252276191502797e-02
9.853265827825333223e-02
1.104638891744371132e-01
1.354746590864201183e-01
1.395896217307531773e-01
8.481243537484565997e-02
1.024692774936628026e-01
1.634851587117693572e-01
1.296665681699204209e-01
2.001232448605841929e-01
2.025383439290722731e-01
2.399526586846826293e-01
2.127767799414236882e-01
1.412893962405549764e-01
2.221988035245557602e-01
2.348152740129492433e-01
2.201308044766323024e-01
2.323007294745755014e-01
1.973073448486881987e-01
2.502518602932900516e-01
2.260862584352798799e-01
2.125535728815816650e-01
2.723850273403348177e-01
2.680615469800232686e-01
2.685516252511216395e-01
2.179774180863561506e-01
2.191639061657181531e-01
2.697402759767010827e-01
3.098925485005455949e-01
3.269971043204055183e-01
3.049023507664682109e-01
3.130425695055324420e-01
2.875668124479622834e-01
2.997633548169824080e-01
2.711089154016932956e-01
3.628860920339463947e-01
2.201014154752263807e-01
3.099388048546353747e-01
3.551932538834098874e-01
2.786462960319647797e-01
3.341544433919747537e-01
3.368360064611636839e-01
3.069147355822479661e-01
3.027104903340682163e-01
3.196691297012347888e-01
3.465377393214800761e-01
3.384674333886867337e-01
3.710606684247853559e-01
3.195456261050184099e-01
2.956323182391964455e-01
3.339121509410510891e-01
3.359752188261148076e-01
2.684705694880341054e-01
3.679221766335198374e-01
3.386092093927394187e-01
3.100086690486088536e-01
3.331188795577478268e-01
3.467362966692589810e-01
3.190151157654858016e-01
3.295297678743210334e-01
3.911548396173775699e-01
3.581814540303478456e-01
3.259785035672677078e-01
3.468242610141635818e-01
3.209138554375178809e-01
3.305296629466999980e-01
2.841312059278667257e-01
2.860369082789674389e-01
2.982524849381270604e-01
3.152912179761413469e-01
2.964440163785346805e-01
2.980458251547478676e-01
2.921636612097523455e-01
2.888436555359012448e-01
3.291429590353989743e-01
2.536554767849789616e-01
2.792162387685811487e-01
2.901535564254388300e-01
3.193447678735306661e-01
2.837942355594975097e-01
2.965382453505600591e-01
2.977931276056392518e-01
2.834995719386761426e-01
2.410127663061504555e-01
2.254295626715163980e-01
2.659220521445956886e-01
2.588644097252578713e-01
2.645375644131580106e-01
2.700776443690768858e-01
2.734320002484889045e-01
2.787368352656670045e-01
2.376048734068650636e-01
2.212172823891609408e-01
2.268504327010819888e-01
2.245474025047190791e-01
2.512722140857949760e-01
2.372662610305528996e-01
2.614138655181006410e-01
2.363072972180559062e-01
2.525365005506371996e-01
2.500484764351131317e-01
2.566998728877864511e-01
2.668151387881898540e-01
2.624394188255381732e-01
2.616718450952819630e-01
2.749152628045714031e-01
3.139076254711448688e-01
3.006113759947354747e-01
3.147769719582325654e-01
2.915820551461540955e-01
3.138885118411846031e-01
2.811827089677584324e-01
3.228100808101994623e-01
3.441729819659637979e-01
3.667368205389333613e-01
3.554035957717665561e-01
3.363660883601408136e-01
3.692992661621554151e-01
3.861158743759839918e-01
4.056878209931629176e-01
4.553513921198197312e-01
4.618510007926576733e-01
4.951432090576670664e-01
5.263453504899811008e-01
5.540391752051823104e-01
5.360688346328298381e-01
5.588227845852589137e-01
5.167463016186418789e-01
5.165294465577924266e-01
5.430263208792578400e-01
6.081016016988001205e-01
5.655683743346279213e-01
5.977731155529713014e-01
6.144579977229015499e-01
6.537550300822033700e-01
6.816768549018822343e-01
7.144101302976115786e-01
7.662899509900628070e-01
7.560202851820980730e-01
8.363838378053622957e-01
8.012944930737692095e-01
9.002662271740449196e-01
8.828276967029924371e-01
8.781521333799745532e-01
9.392856310534589692e-01
9.723269783881482997e-01
9.828307823595028303e-01
1.039158629687076951e+00
1.089751541237531818e+00
1.046536083487027646e+00
1.084381863032052529e+00
1.169701130919082122e+00
1.190791548448233428e+00
1.166474508649918862e+00
1.213547872271415029e+00
1.216648169723245854e+00
1.270436597692012448e+00
1.370384374412269457e+00
1.256558922566014314e+00
1.304298728730933110e+00
1.369876546332546186e+00
1.358412881914948800e+00
1.419286745305110786e+00
1.489902312323092781e+00
1.488296016478287909e+00
1.528817255774216344e+00
1.510130062189845024e+00
1.584064051569936682e+00
1.629044989544502053e+00
1.581268329597288025e+00
1.662078075747793093e+00
1.608621925590855373e+00
1.697981313424383520e+00
1.649917356823732861e+00
1.666603163894512907e+00
1.690838525806310111e+00
1.724403882021384282e+00
1.742969952519259902e+00
1.812014128875909069e+00
1.870520621447409271e+00
1.861080292888700694e+00
1.893938987213450664e+00
1.793089581933375865e+00
1.959068080409507084e+00
1.897653280984569202e+00
1.828834825082322979e+00
1.874151361986077902e+00
1.881916518355427836e+00
1.967255890307910482e+00
1.921839654438024736e+00
1.986268658440338397e+00
1.933371563438360141e+00
1.948950615848698664e+00
1.953913848805416187e+00
1.954477882208919937e+00
1.948175411013090219e+00
1.935990335733307699e+00
1.961747179160997723e+00
1.974595002930402909e+00
1.894337299026132682e+00
1.957634115586532220e+00
1.990590966584502075e+00
1.944199530246263130e+00
1.916951668537469455e+00
1.959839735383158699e+00
1.949505579584071002e+00
1.971743517221348441e+00
1.971615790318886896e+00
1.904195888698851480e+00
1.983675282464131939e+00
1.913869647081134051e+00
1.887871356087307495e+00
1.851493072115227845e+00
1.857195476120482747e+00
1.843220267483634878e+00
1.834619359205890810e+00
1.803050158646973156e+00
1.771101052936791875e+00
1.781351395366918222e+00
1.911793401402548831e+00
1.834714956216614068e+00
1.780164235545274698e+00
1.726966048196965753e+00
1.743411871727490681e+00
1.749015457238934257e+00
1.684927932259902228e+00
1.663506699456923199e+00
1.605509577151829292e+00
1.612374130182378629e+00
1.688419895013330230e+00
1.550754591579988073e+00
1.538757197344833294e+00
1.608407514097308422e+00
1.592135599852370076e+00
1.544068395962514328e+00
1.566040935991038108e+00
1.502846691914466071e+00
1.541102968165231069e+00
1.509954680868840660e+00
1.490134416404454765e+00
1.452523679016142655e+00
1.417241935149439636e+00
1.331523276799419842e+00
1.358564449107157568e+00
1.365177124457493507e+00
1.348590436631089684e+00
1.387419859282896573e+00
1.351099543139839598e+00
1.299214206591678744e+00
1.277797304680001522e+00
1.299682210646504243e+00
1.256139409891098957e+00
1.196868328961381067e+00
1.230710691619665065e+00
1.234493959086896409e+00
1.261811993743798599e+00
1.245983102996648162e+00
1.153306771267713637e+00
1.185785995488016775e+00
1.176927008339781366e+00
1.189376208407365798e+00
1.199388414386025392e+00
1.147419048903952410e+00
1.181219034919371857e+00
1.136052816645882313e+00
1.188493877020441625e+00
1.113205563251821628e+00
1.125963512678517020e+00
1.133075324193302036e+00
1.106224750643999277e+00
1.068778692364577232e+00
1.100894746533155777e+00
1.081046588227481120e+00
1.057651013543133400e+00
1.094057927391935969e+00
1.037479848122342840e+00
1.034110091877494142e+00
1.033378873611420889e+00
1.062323618628187916e+00
1.044847257145783637e+00
1.065156917790419877e+00
1.062685026873729344e+00
1.065324092828517255e+00
1.054731029929681485e+00
1.075020154939301253e+00
1.083537702824727056e+00
1.123423259667812424e+00
1.080887117432299149e+00
1.069425283873985055e+00
1.095450329005043022e+00
1.077640735326642396e+00
1.069249044087178913e+00
1.050755196269816283e+00
1.039664416469030961e+00
1.091015773469473871e+00
1.075512986384973058e+00
1.096708836036353718e+00
1.095476830464515938e+00
1.094243439554308805e+00
1.046706691218221907e+00
1.067573199764408454e+00
1.050248311107291332e+00
1.040914839187825125e+00
1.071551422609918536e+00
1.064917036311193721e+00
1.077403882267735646e+00
1.069424578715874041e+00
1.091633604530462209e+00
1.123904317043348922e+00
1.117112754894299398e+00
1.154239283849760156e+00
1.066206434376141932e+00
1.125135900998023963e+00
1.101821459618556709e+00
1.070025359366396867e+00
1.084802323937298363e+00
1.128698110637236907e+00
1.134462348675037147e+00
1.117560537835475820e+00
1.134331099536670218e+00
1.124321883744433759e+00
1.134151721240933774e+00
1.143458174833975827e+00
1.105192252475489578e+00
1.114936804803889459e+00
1.122102964879287068e+00
1.142740445226693158e+00
1.129659992307394889e+00
1.141910714089263035e+00
1.152416169665486212e+00
1.153542113474646191e+00
1.103693376307698815e+00
1.157723114015998700e+00
1.157580235772937449e+00
1.126957507190185837e+00
1.155292625616719082e+00
1.144147842379003688e+00
1.161195290796864343e+00
1.156317655647795206e+00
1.167717405150523469e+00
1.148583995483442033e+00
1.120411673422595511e+00
1.122244673349116040e+00
1.158238687847586101e+00
1.133769481361406983e+00
1.147155881771324326e+00
1.169032384354565579e+00
1.144060051967745961e+00
1.109638957497308454e+00
1.114714892107054656e+00
1.111266272822753365e+00
1.084741981327042915e+00
1.103697550056448540e+00
1.084685015089061899e+00
1.102007127931412533e+00
1.075222163172333545e+00
1.099228218446917760e+00
1.089449858473558796e+00
1.078679384662225349e+00
1.051000345887535437e+00
1.081706618802912967e+00
1.056338459921373207e+00
1.082894664332654910e+00
1.073375980754120329e+00
1.067046869575870360e+00
1.019366439414884251e+00
1.022576296120251804e+00
1.035668471688529602e+00
1.047959066252782234e+00
1.010961602983024621e+00
1.024922788798720674e+00
1.040774797698523102e+00
1.009938631679287546e+00
9.913567057576357922e-01
1.006459280991931271e+00
9.946428461340859339e-01
9.710620286339001206e-01
9.971839544906051511e-01
9.688729869724787003e-01
9.850148463373222807e-01
9.640960107620102360e-01
9.813978059387377106e-01
9.747813702387994050e-01
9.071181289356814448e-01
9.731540949718676670e-01
9.193592092942012295e-01
9.743642108679068103e-01
9.707018717679365416e-01
9.886838309938623670e-01
9.537672324362643783e-01
9.458572030243943551e-01
9.469809800907337261e-01
9.147892416478029531e-01
9.344385123126819348e-01
9.560631146040871053e-01
9.403435610657602250e-01
9.305067910528209696e-01
9.065387370667051803e-01
9.300074195113557929e-01
9.400918278502135017e-01
9.623305476714163476e-01
9.448315008421350747e-01
9.307219135841708901e-01
9.718905857934950765e-01
9.289700175315221964e-01
9.466817913354257374e-01
9.671629673538808536e-01
9.546571508627350600e-01
9.402167226710252956e-01
9.489352033922749952e-01
9.435133920681041397e-01
9.449888248636022503e-01
9.461608527210699782e-01
9.456144068208217623e-01
9.396954072991507978e-01
9.560554470282545125e-01
9.375079571927837918e-01
9.339021618110696643e-01
9.344914506811197175e-01
9.467126744517589954e-01
9.287319519235029963e-01
9.166588392521427542e-01
9.137149291435761045e-01
9.495552688045202361e-01
9.524792037659912669e-01
9.361366228304256465e-01
9.293582356414147316e-01
9.769438018803928703e-01
9.751394367142475206e-01
9.551933154778451396e-01
9.787295652752192598e-01
9.345355867485910517e-01
9.608627895238168737e-01
9.378216940933876700e-01
9.586890105054873823e-01
9.702609774275043897e-01
9.601608847069134089e-01
9.558276417109393686e-01
9.337127389544509493e-01
9.860627771567906930e-01
9.760265008071123960e-01
9.466596274122026644e-01
9.546289927155127142e-01
9.602533269160916651e-01
9.516935774548135329e-01
9.650719066567788884e-01
9.244672129291741092e-01
9.228533459909687986e-01
9.346793998587707986e-01
9.441827509122684425e-01
9.649725734575561598e-01
9.767467444121205045e-01
9.675871770705261055e-01
9.582428501911621765e-01
9.535848867138692064e-01
9.884939035903751448e-01
9.883411587829059597e-01
9.718057932988521941e-01
9.673813069339255444e-01
9.931127032424860168e-01
9.338268083841719802e-01
9.734914554830085276e-01
9.544301055058002081e-01
9.385622618219978675e-01
9.653225292022677984e-01
9.584119856010443472e-01
9.389469956876644874e-01
9.595958524764708342e-01
9.397878825457159913e-01
9.371944224759138908e-01
9.711881585835220321e-01
9.496951515019357304e-01
9.623820751061704648e-01
9.519836844156266409e-01
9.262258334563128193e-01
9.526353380250961456e-01
9.612847444943332098e-01
9.566229327669252269e-01
9.251394494004818725e-01
9.429189892635894132e-01
9.385732783614501029e-01
9.455451905753353703e-01
9.310577735756335738e-01
9.450345606881863647e-01
9.483900721599906047e-01
9.220102463570331031e-01
9.241041013545505667e-01
9.192359126570824879e-01
9.548285562024371176e-01
9.483704407028036298e-01
9.436685516185173705e-01
9.544038114381218074e-01
9.386098298883055469e-01
9.562953839041022919e-01
9.658052573034912047e-01
9.251956338007317759e-01
9.463115352695647964e-01
9.538557908520037820e-01
9.197378939611224880e-01
9.310608019878816588e-01
9.398112152099258321e-01
9.143426813592271385e-01
9.292699947532362392e-01
9.375133064615832623e-01
9.372937791249570383e-01
9.352320203889054051e-01
9.341968280577243045e-01
9.291043919328476619e-01
9.464939745045940489e-01
9.520707115824234013e-01
9.228387852716504192e-01
9.222365426520672260e-01
9.515824192597488462e-01
9.510800292422484370e-01
9.553367029665712495e-01
9.415678354185323951e-01
9.111306008400906764e-01
9.217465690258589417e-01
9.287647008250090597e-01
9.511528066156736960e-01
9.224171997753394248e-01
9.198486132127187132e-01
9.389432999172699912e-01
9.272719874812830332e-01
9.523586299455841786e-01
9.162007266904588221e-01
9.327557294488033612e-01
9.528159136527086792e-01
9.131923414894327351e-01
9.411185500999343923e-01
9.341874115682121671e-01
9.432637285301471719e-01
9.490946066347814014e-01
9.332288998190544360e-01
9.373705126148066391e-01
9.489021109846152990e-01
9.220758003164741812e-01
9.662048554051798632e-01
9.341529622928966825e-01
9.288611355918111601e-01
9.376607880507580317e-01
9.462192277993761724e-01
9.485488828698577235e-01
9.226323411388435147e-01
9.278976117048864936e-01
9.505692670697025726e-01
9.426202750784642426e-01
9.334646397473931323e-01
9.126013960934695746e-01
9.405313607468511750e-01
9.133904421753656910e-01
9.399029663287389313e-01
9.122167965366179132e-01
9.301405325579467087e-01
9.138393722502509142e-01
9.067017655591550485e-01
9.150776958598215716e-01
9.244387522698453985e-01
9.041869829641389078e-01
9.150667260331140085e-01
9.233000581693907582e-01
9.326784502466849425e-01
9.203117241425855521e-01
9.243572891498670341e-01
9.310899871374630488e-01
9.315173408771085795e-01
9.231652037361062213e-01
9.377344480690712469e-01
9.258834991233242384e-01
9.176101957161943989e-01
9.407227239639034400e-01
9.397595899767149374e-01
9.376379950820580289e-01
9.611352816904009666e-01
9.807006058920128000e-01
9.574401143673876291e-01
9.577316139175092724e-01
9.542616017938541084e-01
9.651350765178762225e-01
9.598697887004190576e-01
9.479950658494974425e-01
9.476439049118963176e-01
9.635428909083187943e-01
9.589688550323867133e-01
9.486582227574436033e-01
9.270781939913351755e-01
9.541290929869556958e-01
9.570726358942185374e-01
9.546187849154021965e-01
9.646311232851692008e-01
9.594889577278143955e-01
9.575076761876282205e-01
9.500629073702258065e-01
9.643218661195221975e-01
9.497432368323853735e-01
9.408231097909905971e-01
9.647097812036344866e-01
9.537869575067474681e-01
9.742662140641430435e-01
9.489689851632490125e-01
9.589492860928434670e-01
9.483034293675858262e-01
9.399926964352707248e-01
9.441462227842682964e-01
9.537101719340975725e-01
9.431838256905055173e-01
9.812261616469023506e-01
9.654319598793522639e-01
9.655539281140302910e-01
9.626927683339088215e-01
9.735071136999385866e-01
9.604133681383770771e-01
9.620097177558135648e-01
9.569662073712219552e-01
9.658987941957106749e-01
9.582289358260711598e-01
9.571699684498097271e-01
9.727159092144692654e-01
9.737937530258563568e-01
9.611028807486945436e-01
9.851639681174610974e-01
9.750968885522240948e-01
9.804505114129672405e-01
9.899248641901541301e-01
9.984863035045740132e-01
9.769394765353549559e-01
9.876130616426118669e-01
9.856156366663146873e-01
9.680841015512664516e-01
9.713568172557472957e-01
9.809312143799472361e-01
9.778379842772240149e-01
1.003686252056515960e+00
9.825619410160968403e-01
9.957406798788662750e-01
1.000111593182257064e+00
9.863456959244821798e-01
1.001878321158063745e+00
9.975242610269884347e-01
1.001691724207243173e+00
9.879182258438841124e-01
9.889449929241375115e-01
1.000708361497589349e+00
9.867660022775411877e-01
9.628829991154174150e-01
9.999783479043095058e-01
9.979810370258013208e-01
9.856564572391979251e-01
9.824961212336390526e-01
9.953689921490637138e-01
9.870000386734317788e-01
9.907559859947782099e-01
9.873368310746373222e-01
1.017482946825267964e+00
9.935845783944793341e-01
9.967442590977692030e-01
1.000408019487798894e+00
9.681061243375400638e-01
9.742958129557763858e-01
9.810997501610981830e-01
9.982386719008855547e-01
9.898053809538915893e-01
9.919905624206326600e-01
9.676568579012915228e-01
1.006710990546729967e+00
9.982017630962976007e-01
9.952226867929397924e-01
1.002951143876246398e+00
1.003524362481853727e+00
9.929445235354227295e-01
1.001872353499150048e+00
1.000795694167606387e+00
9.836332050885282507e-01
1.011310775055649369e+00
9.995796496457887148e-01
1.005241544007250631e+00
9.993019052966136684e-01
1.020811233768499804e+00
9.736424891427476469e-01
9.990512290835366072e-01
1.012506408573443872e+00
1.017660951058757313e+00
1.002817785205438517e+00
1.012729700983054926e+00
9.766385713913514621e-01
9.953133955552959655e-01
9.845444534567621142e-01
1.007452960318011126e+00
9.894622905855809947e-01
1.000442485125627723e+00
9.927574438560162751e-01
9.983991742370638134e-01
1.017625488795390609e+00
1.004703504636881961e+00
9.941011357782136848e-01
1.015910908306651983e+00
1.007219163286231733e+00
9.999831025249469318e-01
1.030900527535729916e+00
1.021170595734301578e+00
9.936912704045517408e-01
9.963576749655832510e-01
9.845631512096681970e-01
9.777044782082070506e-01
9.905817703266699414e-01
1.001311067649752751e+00
9.982589448779228825e-01
9.869349357575959436e-01
1.005159749436600247e+00
9.807023337693683285e-01
9.972480021260978766e-01
9.961648689764901476e-01
9.815601758792165121e-01
9.909446038492875086e-01
9.870486234140087856e-01
9.991882306254755708e-01
9.710895697309716024e-01
9.833153044902517292e-01
9.668091642765764826e-01
9.876940633739837994e-01
9.848480520833117202e-01
9.916852095341829321e-01
9.886156896220202883e-01
9.838985624153646636e-01
9.922249992454780232e-01
9.760654139716005151e-01
9.832664871892027314e-01
9.907587382378696406e-01
9.670589380036284100e-01
9.841445530571646394e-01
1.013002862887993905e+00
1.003953648957121692e+00
1.000899387548268349e+00
1.003365111063599047e+00
9.946105250457465408e-01
9.856798867431274536e-01
9.755021959288181499e-01
9.840913366756854908e-01
1.011313506084476677e+00
9.777155773578666276e-01
9.868674663695129468e-01
9.873899975170635779e-01
9.737414688492502801e-01
9.885248346527482077e-01
9.817715797938332267e-01
9.881684229585192547e-01
9.746354693122593060e-01
9.749540676760564129e-01
9.690147483500529679e-01
9.757866825509275976e-01
9.751586343384900379e-01
9.645951051986277891e-01
9.780335383662178694e-01
9.646229045257557200e-01
9.464418396634503017e-01
9.486446448863502523e-01
9.342627889932231255e-01
9.550529971574609478e-01
9.368487345630538421e-01
9.414812055960577464e-01
9.453802458558235866e-01
9.392484186509741928e-01
9.301160089473288206e-01
9.331009473390651232e-01
9.128737468534997568e-01
9.028558368407701984e-01
9.192692541237654780e-01
8.963138044702760876e-01
9.121646717798415072e-01
9.139439338200825436e-01
8.860010101624229417e-01
9.018585490425632401e-01
8.853049728900685977e-01
8.968575774982912030e-01
9.065887216587309450e-01
8.819056145075330200e-01
8.971902358723072846e-01
8.864764670361217069e-01
8.903961197535268379e-01
8.592690515963140596e-01
8.591621361856676131e-01
8.588603269546171148e-01
8.602923400995831082e-01
8.681578925308447436e-01
8.401059600735573119e-01
8.589849164570375617e-01
8.503671663056965313e-01
8.609391324082240615e-01
8.632850047628440882e-01
8.401002410504190276e-01
8.345273757471204368e-01
8.318104823121167390e-01
8.293863265269693086e-01
8.338341376231311886e-01
8.280350791535561195e-01
8.187030514881252774e-01
8.257537314196049527e-01
8.088231761263297015e-01
8.137220266134141955e-01
8.024552871232736306e-01
7.954018343417275094e-01
7.902248082810338081e-01
7.916117269210034557e-01
7.839793380025780190e-01
7.957376875295208984e-01
7.915131998070220609e-01
7.908678412445498962e-01
7.880359360477587893e-01
7.768476658626978226e-01
8.092641848311735719e-01
7.879334379290966472e-01
7.788910981248138299e-01
7.534789881968289027e-01
7.610091255511771680e-01
7.519892225328730362e-01
7.582323633345686709e-01
7.572078091543437139e-01
7.544916314611092023e-01
7.400402055481359875e-01
7.653371346782069651e-01
7.334682725380238244e-01
7.475278446441427915e-01
7.410599680628698893e-01
7.321537137349678481e-01
7.375127041443918507e-01
7.236534683696311809e-01
7.267305339234890749e-01
7.190591608741441210e-01
7.228261554947159606e-01
7.222308185083586851e-01
7.077637509800648319e-01
7.131696547719587054e-01
7.050828393359084290e-01
7.023701711552620131e-01
6.958850242861309709e-01
6.970604880434901895e-01
6.806816115378706566e-01
6.933271037518219382e-01
6.985870827706872621e-01
6.764357230467499260e-01
7.034337895974137611e-01
6.927965176423583893e-01
6.721454442703093113e-01
6.771339565022724827e-01
6.712435264093541409e-01
6.824244562922836543e-01
6.690861800126992609e-01
6.495305296478725010e-01
6.714473865590010471e-01
6.731179865294558695e-01
6.464426544455657009e-01
6.493166950818627381e-01
6.462190546796315882e-01
6.433806926664399350e-01
6.517601890378963425e-01
6.373240976565237581e-01
6.388671903589296930e-01
6.281185341602465444e-01
6.415213599616910178e-01
6.237140180470082118e-01
6.303128320463200485e-01
6.220206955693253770e-01
6.032255917642758147e-01
6.090939623247122459e-01
6.007316387217173093e-01
6.054507286681121148e-01
6.080592306522206725e-01
6.078482596813582495e-01
6.144408626271008478e-01
6.033510578155163451e-01
6.147063321759781429e-01
5.933963891203131169e-01
5.970220310649421158e-01
5.973831965051847881e-01
5.928395171629561311e-01
5.867350776987366734e-01
5.819929803754468889e-01
5.889778479079893492e-01
5.872281200808100454e-01
5.787536925399040522e-01
5.695314961954136557e-01
5.750771701314817408e-01
5.625526582180050417e-01
5.558999324188872437e-01
5.692606617009787762e-01
5.643198929642705419e-01
5.624842754143525303e-01
5.606549217786273021e-01
5.509934054482957810e-01
5.515697587607791830e-01
5.430346902889364724e-01
5.460667831500043423e-01
5.438257099740807510e-01
5.325393658401531560e-01
5.307118382125698419e-01
5.347250310358808711e-01
5.289660341679791600e-01
5.317570392968268278e-01
