4.750358894753358513e+07
0.000000000000000000e+00
0.000000000000000000e+00
0.000000000000000000e+00
0.000000000000000000e+00
0.000000000000000000e+00
0.000000000000000000e+00
0.000000000000000000e+00
0.000000000000000000e+00
0.000000000000000000e+00
0.000000000000000000e+00
0.000000000000000000e+00
0.000000000000000000e+00
0.000000000000000000e+00
0.000000000000000000e+00
0.000000000000000000e+00
0.000000000000000000e+00
0.000000000000000000e+00
0.000000000000000000e+00
0.000000000000000000e+00
0.000000000000000000e+00
0.000000000000000000e+00
0.000000000000000000e+00
0.000000000000000000e+00
0.000000000000000000e+00
0.000000000000000000e+00
0.000000000000000000e+00
0.000000000000000000e+00
0.000000000000000000e+00
0.000000000000000000e+00
0.000000000000000000e+00
0.000000000000000000e+00
0.000000000000000000e+00
0.000000000000000000e+00
0.000000000000000000e+00
0.000000000000000000e+00
0.000000000000000000e+00
0.000000000000000000e+00
0.000000000000000000e+00
0.000000000000000000e+00
0.000000000000000000e+00
0.000000000000000000e+00
0.000000000000000000e+00
0.000000000000000000e+00
0.000000000000000000e+00
0.000000000000000000e+00
0.000000000000000000e+00
0.000000000000000000e+00
0.000000000000000000e+00
0.000000000000000000e+00
0.000000000000000000e+00
0.000000000000000000e+00
0.000000000000000000e+00
0.000000000000000000e+00
0.000000000000000000e+00
0.000000000000000000e+00
0.000000000000000000e+00
0.000000000000000000e+00
0.000000000000000000e+00
0.000000000000000000e+00
0.000000000000000000e+00
0.000000000000000000e+00
0.000000000000000000e+00
0.000000000000000000e+00
0.000000000000000000e+00
0.000000000000000000e+00
0.000000000000000000e+00
0.000000000000000000e+00
0.000000000000000000e+00
0.000000000000000000e+00
0.000000000000000000e+00
0.000000000000000000e+00
0.000000000000000000e+00
0.000000000000000000e+00
0.000000000000000000e+00
0.000000000000000000e+00
0.000000000000000000e+00
0.000000000000000000e+00
0.000000000000000000e+00
0.000000000000000000e+00
0.000000000000000000e+00
0.000000000000000000e+00
0.000000000000000000e+00
0.000000000000000000e+00
0.000000000000000000e+00
0.000000000000000000e+00
0.000000000000000000e+00
0.000000000000000000e+00
0.000000000000000000e+00
0.000000000000000000e+00
0.000000000000000000e+00
0.000000000000000000e+00
0.000000000000000000e+00
0.000000000000000000e+00
0.000000000000000000e+00
0.000000000000000000e+00
0.000000000000000000e+00
0.000000000000000000e+00
0.000000000000000000e+00
0.000000000000000000e+00
0.000000000000000000e+00
0.000000000000000000e+00
0.000000000000000000e+00
0.000000000000000000e+00
2.761597229360927830e-02
1.354746590864201045e-02
1.329424968864316089e-02
0.000000000000000000e+00
0.000000000000000000e+00
1.257578143936687390e-02
1.234919696856384870e-02
0.000000000000000000e+00
0.000000000000000000e+00
0.000000000000000000e+00
2.300289512880256126e-02
2.260630339848879525e-02
1.110994017622778801e-02
1.092164065176508096e-02
2.147617604650071260e-02
4.223649626810463409e-02
3.115379129189813426e-02
2.042872328924816641e-02
1.004827815267910623e-02
2.965863807649976591e-02
9.728036690726242497e-03
2.872088003357392214e-02
1.884572808779800754e-02
9.275634812185367187e-03
9.131829423571590290e-03
2.697402759767010896e-02
8.854072814301302760e-03
0.000000000000000000e+00
4.294399306569974401e-02
1.692121997327202323e-02
4.167634963013946287e-02
3.285077861008026817e-02
2.427841033447999952e-02
1.595103701248115971e-02
1.572152967680188335e-02
2.324541036409765241e-02
1.527712919928644712e-02
1.506196194767377150e-02
1.485130859519887686e-02
1.464504375918102876e-02
6.499370871153486995e-02
6.410339795309680233e-02
2.107708547480668937e-02
2.079226435928880484e-02
3.418862963522088100e-02
2.023967282317010868e-02
1.997160163156365062e-02
3.284803535991071693e-02
3.890238651740400566e-02
3.199763988820140959e-02
2.526781830475614832e-02
2.494387638193355100e-02
8.003490403828386612e-02
4.862881083115433434e-02
6.002141974013474462e-02
5.927116182380495063e-02
5.853488362669464345e-02
5.781223997795105485e-02
6.852347555340920771e-02
4.512522255500445167e-02
3.900597478582690930e-02
7.156691100292264518e-02
5.439217888771489401e-02
6.449359277008780145e-02
6.904122760864050967e-02
6.298060365775429159e-02
4.668299764248945438e-02
1.127871023654489352e-01
1.266854770848439005e-01
1.252293383003142135e-01
8.418274984009813111e-02
1.077044139286411489e-01
1.064874279232173176e-01
1.100769050198965177e-01
1.230444442031035507e-01
8.891802535618287262e-02
7.867914570797132634e-02
9.612385397982979585e-02
9.507333057040856517e-02
9.851802717780545893e-02
1.196013819116290150e-01
1.095512574118865656e-01
1.083795974382290306e-01
1.544063528581523514e-01
1.230666865906963614e-01
1.007762150145363883e-01
1.038760170650295800e-01
1.192410226647545590e-01
8.545216847560593854e-02
1.208160373255246084e-01
1.076192184595917978e-01
1.380828720789194775e-01
1.757327497863018784e-01
1.816891394158825224e-01
1.415943815827493124e-01
1.515442698655656006e-01
1.312818317878088337e-01
1.374095664760819901e-01
1.287014216945435441e-01
1.201573873091766331e-01
1.261963494268465436e-01
1.535359865237842514e-01
1.308359225476409815e-01
1.365821050876214471e-01
1.387437018656993981e-01
1.202445503978941954e-01
1.395227659490544392e-01
1.382065232484661066e-01
1.435872979699036045e-01
2.249461671742067348e-01
1.704175045901560603e-01
1.980618103766395299e-01
2.187552964618199036e-01
1.912485717157487997e-01
2.021354897187700728e-01
2.222054906568901311e-01
1.953839364312208171e-01
1.874769475801737750e-01
2.223454958177046026e-01
1.931925754949679330e-01
1.555736971057322393e-01
2.075728142777390206e-01
1.704735923708253498e-01
1.660648020329962005e-01
1.703904097701822995e-01
1.975373673777633954e-01
1.816367284598830734e-01
2.363430619370862906e-01
2.371038355247615248e-01
2.378429349280097860e-01
2.111400454017375583e-01
2.093507337374487520e-01
2.021922773450113286e-01
2.272256183006274299e-01
2.094189250223054410e-01
1.919010854966538282e-01
2.189851860527456673e-01
1.990774513477987506e-01
2.461576682722619036e-01
2.543124935519900931e-01
2.547588496200063890e-01
2.376765033364603708e-01
2.158992071377831834e-01
2.732361888635049807e-01
2.344142984012727304e-01
2.664509306889940587e-01
2.667308072268269603e-01
1.978644531421943076e-01
2.388714681924477834e-01
2.721872240453631631e-01
2.328038217885109173e-01
2.055766955838470855e-01
2.704412633201642158e-01
2.524260688584678558e-01
2.053458799111423094e-01
2.776595791292833515e-01
2.644217715037235905e-01
2.668134339415771938e-01
2.560312394902682365e-01
2.975260828494772358e-01
2.478632888535880763e-01
2.609735565016759740e-01
2.802497491799343932e-01
2.718365623637131745e-01
2.321668101150592689e-01
3.280237485557667143e-01
2.617188028743222539e-01
2.986612886432135072e-01
3.106877771403938060e-01
3.205148949485538967e-01
2.641526616052075616e-01
3.198515285353654147e-01
2.702066668089328494e-01
2.937183310607371367e-01
3.713203398715720360e-01
3.339244759533022688e-01
3.181325704848237956e-01
3.330021452220718325e-01
3.627689504920106889e-01
3.620903660546765934e-01
3.316051382692372651e-01
3.699845288780939101e-01
3.582210936998944661e-01
3.502606348287342075e-01
3.460250460505953640e-01
4.228015122500243805e-01
3.930938200433608531e-01
4.170196849426923702e-01
4.194604620308788889e-01
3.728457609890182822e-01
4.207368858478011120e-01
4.299819251900562356e-01
4.133647824592801556e-01
4.548866066816747988e-01
4.670745914881057059e-01
4.925380664046035695e-01
4.692272269120026928e-01
4.827076655136642858e-01
4.712822870856466784e-01
4.780037518443047695e-01
5.740714631341956586e-01
5.299284848548587723e-01
5.328966356651996250e-01
4.784062771985450047e-01
5.782935988636337399e-01
5.509505202487907649e-01
5.380233147535152805e-01
5.470064233665291598e-01
5.110858032947602769e-01
5.369808814551463305e-01
5.915021094942020108e-01
6.377482018325637547e-01
5.735132069508083186e-01
5.728978512644566923e-01
5.871432915626993987e-01
5.864279549757350773e-01
6.473637951024400206e-01
6.491782248181108272e-01
6.190622570560997406e-01
6.368535751606729800e-01
6.300705316804849909e-01
6.205123069985191142e-01
6.902705565164577450e-01
6.888733306694636571e-01
6.553419924781999084e-01
6.860914629005221421e-01
6.998918527418372948e-01
7.135134867183516860e-01
7.160476346345591159e-01
6.792223399733581246e-01
7.196393904716905654e-01
6.832050112955058152e-01
7.071154103114232203e-01
7.002837321549104654e-01
6.698327199513688379e-01
6.122548294578337158e-01
7.400208556540658345e-01
7.382791772381290807e-01
7.134076476583709470e-01
7.757131241079440187e-01
7.292885122928119968e-01
7.035986965622378353e-01
7.899690996170777302e-01
7.517142989369592909e-01
7.796865070511489471e-01
7.295567199594749086e-01
8.100910499296248846e-01
8.482035594580716875e-01
7.608783810227434108e-01
8.265662783625387089e-01
7.127215913815141413e-01
8.184852491043045353e-01
8.328829978654505029e-01
8.482868849946622047e-01
8.200962231588108109e-01
8.097065242891181569e-01
8.191437503077689808e-01
8.146181057724369845e-01
8.101298631313075260e-01
7.737253520016414976e-01
8.035338146627085676e-01
8.183313906512609259e-01
8.262202302879143589e-01
8.641561867673290820e-01
8.683558608108973287e-01
8.106495520412274614e-01
8.502184206743730321e-01
8.926277740998985744e-01
8.585004239634123069e-01
8.463432366573009347e-01
8.622569505305219817e-01
8.106162469825026751e-01
8.541842641669661340e-01
8.644783640142316150e-01
8.409709551248018000e-01
8.292158742656993153e-01
8.675642885463533682e-01
8.702743639092297423e-01
9.100469844305183464e-01
8.458419171932721747e-01
8.210492051000060076e-01
8.827474709368186012e-01
8.569878981628796799e-01
8.535746500472827236e-01
8.781583328128119703e-01
8.130258961467777823e-01
8.345769205637016963e-01
7.939186488613109161e-01
8.300084864277862406e-01
7.761306813638266799e-01
8.206451371512535342e-01
7.981846424073784085e-01
7.874496263898356219e-01
8.035332160924110179e-01
8.194456497830071573e-01
8.323545387143067575e-01
8.131620061980042724e-01
8.427906423481840159e-01
8.237160259734102041e-01
8.001891894150789941e-01
8.367867852877780566e-01
8.280795332620937144e-01
7.802091397138565254e-01
8.453965565876628840e-01
8.195759128815359729e-01
8.164771935038384054e-01
8.142937328896875382e-01
7.756119645380109562e-01
8.046443529639787373e-01
8.219225780302433781e-01
7.749570987373285424e-01
8.227632302502420059e-01
8.222940617064268265e-01
7.638600095985921268e-01
7.998173491853493022e-01
8.002929257269522090e-01
8.084299045158573893e-01
7.995060948473948770e-01
7.898128935394782557e-01
7.852466327939452428e-01
8.702499098626672591e-01
7.645565092483039837e-01
7.949623760646319370e-01
8.250757094700640337e-01
8.228716680683770823e-01
8.043309930755980774e-01
8.274479488626865775e-01
7.920330386035456804e-01
8.173946212881140205e-01
7.751129054985366196e-01
7.899193927297845086e-01
8.244579014399286976e-01
8.230588535658660554e-01
7.838500937529051527e-01
8.210574304118003486e-01
7.689259572671672816e-01
8.042935306421156172e-01
8.138050415490896139e-01
8.224523682040335570e-01
8.049485166566713312e-01
8.494106232149379876e-01
8.159713681523826923e-01
8.251784550802502283e-01
8.342951867427813584e-01
8.088399760939892769e-01
8.574853227077234852e-01
7.778988875123414859e-01
7.951682209788213385e-01
8.468894723301301219e-01
8.387595989443306088e-01
7.993047733543723332e-01
7.994328419416871778e-01
7.684383255831648274e-01
7.917381288619058655e-01
8.334767959773693446e-01
8.027149399700296284e-01
7.906997203324948043e-01
7.915246794895685056e-01
8.508438506973710069e-01
8.282255034599470545e-01
8.547145366110595610e-01
8.663553296848491847e-01
8.307722055983561837e-01
8.727570530354169520e-01
8.353730440592719297e-01
8.345545148348785247e-01
8.630251133846441602e-01
8.776815258369901063e-01
8.618131654083476256e-01
9.173614371959841751e-01
8.860403247425049367e-01
8.956556043272820844e-01
8.958849027107327334e-01
8.934590991536902616e-01
9.154128313334154443e-01
9.083194850177495061e-01
9.345852675144031840e-01
9.066429156779315379e-01
9.462843612517950476e-01
9.307637423395324072e-01
9.082971054482124051e-01
1.003075617892206228e+00
9.479890627287326232e-01
9.238005581313711856e-01
9.408743903906052752e-01
9.464736564920431805e-01
9.470055585621084404e-01
9.537672324362643783e-01
9.617095583823450644e-01
9.875349220298923480e-01
9.742952489407000760e-01
9.783506737522854602e-01
9.487228987529999769e-01
9.321189818144561823e-01
9.386984061028457171e-01
9.446133640235068185e-01
9.733475711002345099e-01
9.496846016037870930e-01
9.686007746342149005e-01
9.885489168395521498e-01
9.336841093626054855e-01
1.014377605937472948e+00
9.974451880740228260e-01
9.771254853053961131e-01
9.884481336538004648e-01
9.915422917692052751e-01
9.865043151717527437e-01
9.930248135104098317e-01
1.029913614463145111e+00
9.864482438061807912e-01
1.015656111018463426e+00
9.447632687408750174e-01
9.868921390341758304e-01
9.847708933170891132e-01
9.663931859067702579e-01
1.048160607572579561e+00
1.003506900284728331e+00
9.874642888425081422e-01
1.015722901925258492e+00
9.870864091346603919e-01
9.909997551839145880e-01
1.020539848991172116e+00
1.000891910296644260e+00
9.949330474770834432e-01
1.045696719394377139e+00
1.027767467874170393e+00
1.049614371716049988e+00
1.018445848522899322e+00
9.805907733591439079e-01
1.007645513603072640e+00
9.769607379338560715e-01
1.016959437273121214e+00
9.822633304359502660e-01
1.016190491151883313e+00
9.999400927654451543e-01
1.007634017955434835e+00
9.894567830711346046e-01
1.001232973728433562e+00
9.939587462287653441e-01
1.021442930413490213e+00
1.014134369459100737e+00
1.013459975637036159e+00
1.018337371738121444e+00
9.768932200820769074e-01
1.001401730242607702e+00
1.047698225048188547e+00
9.732408337097449014e-01
1.008879967501426389e+00
1.068459522082771507e+00
1.035071002014960717e+00
9.724913188701740374e-01
9.968462082559769177e-01
9.815813794307686191e-01
1.008627644448780281e+00
1.028222863649420837e+00
1.034184405557688091e+00
1.022337972597003874e+00
1.046439005391071264e+00
1.000784025316030279e+00
1.046622033114414929e+00
9.690990858085666293e-01
1.001038775105803191e+00
9.862311943516963719e-01
1.013191762013023967e+00
1.011963246532444405e+00
1.010272183833028636e+00
9.821791032767650531e-01
1.014755340198058464e+00
1.002472286856226580e+00
1.020068410374997292e+00
1.075912550142431146e+00
1.027104348178696114e+00
1.047590227504592963e+00
1.057077086047781167e+00
1.040359257106826973e+00
1.066406695762237788e+00
1.045731991897908664e+00
9.877349544662333836e-01
1.016343317998407381e+00
1.044307053572196997e+00
1.074280455502769405e+00
1.019150606057494857e+00
1.029267339695705052e+00
9.969331353644869109e-01
1.067127987005890954e+00
1.008838091540106952e+00
1.003261888763430365e+00
9.886670261178057695e-01
1.016258440204557134e+00
1.002990863511782571e+00
1.043563474503088839e+00
1.020076756774540572e+00
1.011150216729324258e+00
1.042402567550881676e+00
1.085648331610412631e+00
1.043010994527416635e+00
1.004414831231923655e+00
1.014831268057516445e+00
1.003988378856305319e+00
1.041236967905119437e+00
9.907536666973890682e-01
1.025321637643661798e+00
1.051047998983769993e+00
1.059439331091494907e+00
1.017272744763816572e+00
1.031391113980500762e+00
9.988859256472932824e-01
1.008122312137254895e+00
1.025331768827517642e+00
1.015581944232402556e+00
1.019067702035618472e+00
1.011778796540613312e+00
1.031509729116729890e+00
9.961400157157845880e-01
1.047317329194082047e+00
9.999339378392203548e-01
1.016686975897838296e+00
1.057140078110094139e+00
1.050244261629884601e+00
1.029035787836113380e+00
1.049327616213906023e+00
1.019767946332283737e+00
1.053395467249210071e+00
1.022468522576186034e+00
1.067697063748026531e+00
1.046042710316012814e+00
1.026796123950942663e+00
1.023546771844323855e+00
1.089665445569377056e+00
1.080592106453974743e+00
1.013141638100664599e+00
1.060733468448063155e+00
1.057775261803168831e+00
1.068558388909361501e+00
1.047090489649393552e+00
1.035338001899540172e+00
1.066290672284750496e+00
1.025594602967053071e+00
1.037746123432880196e+00
1.017044565419918278e+00
1.060356405228799925e+00
1.058521120937877091e+00
1.046590579920636088e+00
1.043720020066695842e+00
1.045523287230430531e+00
1.035157417847386796e+00
1.040885856301844825e+00
1.057231852533570882e+00
1.081972780475278118e+00
1.040884276760752236e+00
1.033833969295020916e+00
1.042262735973251031e+00
1.011800713839098753e+00
1.013259714925695443e+00
1.029658011567901044e+00
9.936026491675893357e-01
1.047972068940087542e+00
1.011725064068244251e+00
1.055052829260725300e+00
1.046052143611228669e+00
1.031295512768314770e+00
1.032284088656499899e+00
1.012556117984342752e+00
1.013924052050069857e+00
1.027088771992948679e+00
1.038151930669472200e+00
1.019628993781889426e+00
1.030639439940711055e+00
1.036578752012679683e+00
1.057437303047729094e+00
1.023811865255736198e+00
1.003268597287968911e+00
1.018096715002963171e+00
9.848706340275957816e-01
1.029135680892207194e+00
1.016964622856284084e+00
1.015280421249237008e+00
1.024315637865659490e+00
1.012252201096595083e+00
1.028658421305931103e+00
1.016643952030520603e+00
1.015605295692656451e+00
1.025446746690592548e+00
1.037140815094917512e+00
1.023633079257217471e+00
1.011467982060203052e+00
9.895650747060770192e-01
1.008463658798944396e+00
9.976924341701965959e-01
9.772597991738170009e-01
1.019152707478425901e+00
9.981440489137579641e-01
1.003050703733630256e+00
1.027761301949242201e+00
1.005968392701531489e+00
1.012647477339958746e+00
1.024508297647012345e+00
1.036297419380725948e+00
1.025710611251768434e+00
1.050522160468895017e+00
1.008046466312937373e+00
9.948904847179647071e-01
1.021983373979427290e+00
1.010059203941317429e+00
1.025233396510294659e+00
1.017552704843363243e+00
9.952747682833561482e-01
9.999256260200903856e-01
1.019397838052841898e+00
1.018615751126562330e+00
1.028762618036075827e+00
9.793513818126540205e-01
1.045937541776167157e+00
1.002310688796214322e+00
1.005656454492735774e+00
1.012475071247041614e+00
1.016056837609081498e+00
9.984694484450723495e-01
1.010439396122233990e+00
1.013121346244659549e+00
1.009751991683732752e+00
1.002386658892012505e+00
1.015913389202364847e+00
1.001726217409830255e+00
1.020003133284515640e+00
9.843405840962418107e-01
9.895594056136997052e-01
9.857285021063545427e-01
9.979334600381585263e-01
9.845642988724241373e-01
1.005642755471830796e+00
9.870217966348933114e-01
9.746138536167797684e-01
9.797350991839490764e-01
9.806778369850422949e-01
9.807846947459013531e-01
1.015811060023072532e+00
9.968923798749702581e-01
9.851831255508500806e-01
1.000537921402768315e+00
9.801691522293909387e-01
9.816110520319339949e-01
9.776299777445561778e-01
1.002272185701418294e+00
9.856004739990519292e-01
9.776037084055443360e-01
1.034699593615262980e+00
9.951019940288521326e-01
9.937904072114521759e-01
9.741570718747745161e-01
9.792580186406262266e-01
9.927822703282765948e-01
1.010974284619362784e+00
9.796632211749231045e-01
9.841582691057596533e-01
9.637929743303659258e-01
9.852458863151937196e-01
1.007102924032317270e+00
1.003685024748357302e+00
1.017612535913396066e+00
9.891526180287920633e-01
1.011015501846609377e+00
9.865639382183887252e-01
9.811789608791149364e-01
9.650953709793003155e-01
9.574955696266819194e-01
9.580597052092006960e-01
9.920578528293698684e-01
9.571481652092762582e-01
9.458540015640963805e-01
9.610093899957687924e-01
9.921300946808490062e-01
9.460620001526190981e-01
9.865335748259743687e-01
9.653408172664909026e-01
9.802368721005407792e-01
9.730236747985613333e-01
9.794232610340762868e-01
9.756902324621147260e-01
9.687798192072746284e-01
9.785619922087763767e-01
9.912238579119861948e-01
9.855359401310954670e-01
9.888700573405125871e-01
9.836956037001175490e-01
1.010960720655293299e+00
1.006956746400104796e+00
1.002006992801151908e+00
1.038613954563754938e+00
9.933700587036077279e-01
9.870489482869845288e-01
9.802799046783191583e-01
9.763938949855115457e-01
1.012354627414096431e+00
9.710358967957894993e-01
9.544542658211689901e-01
9.866619292301563870e-01
1.009316989232845962e+00
9.826866781074231616e-01
9.968247906125432545e-01
1.010656637469839358e+00
9.986204285383090129e-01
1.002636591776935981e+00
9.978423226117051348e-01
1.009908182709542857e+00
9.733585400453791392e-01
9.861078519250136010e-01
9.976465253871440453e-01
9.702953534199870722e-01
9.622150598553791401e-01
9.937202938390493623e-01
1.002848182776661323e+00
9.687280600554994958e-01
9.986241636554940015e-01
9.741280931268154752e-01
9.771408163355578269e-01
9.731925909375014339e-01
1.010149272822934208e+00
9.981101227179064450e-01
9.836805755558800657e-01
1.001702592401400915e+00
1.004587759668448488e+00
1.009001217252742943e+00
1.018675376205893768e+00
9.872206419634219632e-01
9.883481330353444116e-01
9.595165997282525394e-01
9.757479734909151325e-01
9.827607241548687034e-01
9.793187469667133938e-01
9.657136329832941568e-01
9.880284215295807027e-01
9.766168128062666653e-01
1.002663247932376489e+00
9.490155473200001524e-01
1.001742719494632006e+00
9.421565672977796346e-01
1.014234845901234694e+00
9.587198096492545174e-01
9.471229660664857164e-01
9.503784393610639203e-01
9.595219188809029909e-01
9.555727668725316759e-01
9.686443814596574775e-01
9.330613550630955100e-01
9.548950041319284043e-01
9.284697621063000561e-01
9.287858747383722635e-01
9.313802360735067287e-01
9.409977142130819816e-01
9.615127015694912016e-01
9.351609063738585137e-01
9.253732570669677138e-01
9.123476059445249087e-01
9.216804695969496031e-01
9.064736824911913127e-01
9.129209601230671156e-01
9.059267794028531551e-01
8.979490757164019232e-01
8.823212080039186667e-01
9.071153093768309361e-01
9.022022319002674928e-01
8.754189115684535283e-01
8.978466499963362324e-01
8.961800731188084290e-01
8.839481044531071197e-01
8.843062393956403477e-01
8.789029640537645571e-01
8.612413128071126911e-01
8.768590735404521164e-01
8.600668801217102866e-01
8.706934937502602834e-01
8.655674956733067082e-01
8.543919609406831484e-01
8.362313174071157595e-01
8.407637168393168325e-01
8.472183262661342473e-01
8.247275224219364764e-01
8.398975429348566335e-01
8.362587394031798516e-01
8.276230107287128046e-01
8.211394841304036074e-01
8.164099257994715808e-01
8.358208480613831259e-01
8.274462184268367437e-01
8.046231360326556725e-01
8.060495892488317438e-01
7.930485563664750881e-01
7.857827235400469679e-01
7.832693165641118060e-01
7.888687032133364641e-01
7.743215647157637438e-01
7.881670709242299955e-01
7.882836514957117791e-01
7.990442123983420020e-01
7.721093130625309442e-01
7.958707207279279716e-01
7.569982824191806570e-01
8.123410331878273549e-01
7.774792468571462001e-01
7.637809071852476039e-01
7.861861763924515856e-01
7.833515941573906405e-01
7.378668043539899912e-01
7.483009188583220617e-01
7.616040112902003889e-01
7.826681119660943153e-01
7.559061067104367870e-01
7.629426738669924379e-01
7.554909363785747844e-01
7.686242944922425657e-01
7.752218255319202056e-01
7.521687377447452416e-01
7.589488597799591840e-01
7.610505963364087023e-01
7.499438152213602216e-01
7.191300879211295349e-01
7.262712020496209231e-01
7.232799827274339899e-01
7.171175349755541939e-01
7.185661825782809764e-01
7.150777555160950927e-01
7.193317907517647880e-01
7.205860260306536924e-01
7.153617048729410399e-01
7.012572107748328287e-01
7.208233845543017271e-01
6.928619522119409124e-01
6.948448732517750193e-01
6.931839468680011107e-01
6.803052251704369002e-01
6.914292890582770523e-01
6.884060870269718135e-01
6.790463725513498083e-01
6.820511922451902853e-01
6.701791864034488677e-01
6.846085223052903457e-01
6.571284290530856609e-01
6.793296394712475816e-01
6.636617985630219874e-01
6.920063998095425939e-01
6.753628999464688087e-01
6.572733125949167254e-01
6.735225374678950327e-01
6.687509664956589051e-01
6.546317736685395294e-01
6.430740194908851626e-01
6.460533637876431090e-01
6.408748876570513620e-01
6.275898784648195061e-01
6.398470650253440528e-01
6.312414343142429551e-01
6.305814852090002587e-01
6.220283193127672527e-01
6.271320576394272539e-01
6.371267530334704388e-01
6.294264349585915186e-01
6.194732846607052812e-01
6.108622488495387692e-01
6.201527655526006821e-01
6.080073074587662996e-01
6.125717262843408673e-01
6.156631654130403364e-01
6.037593005316175265e-01
5.915817498480295811e-01
6.017521303945038147e-01
5.928281694393315870e-01
5.778686021762803326e-01
6.125539432551181385e-01
5.987265349938968306e-01
5.844782171143755312e-01
5.791606321555571313e-01
5.787657062727179502e-01
5.655886278838817560e-01
5.623858565608770288e-01
5.629669516227933102e-01
5.550748709845050310e-01
5.650576957590408567e-01
5.579721624821770698e-01
5.601117571923052152e-01
5.465286195574811101e-01
5.502330290441380667e-01
5.653870861586476337e-01
5.549648159607527553e-01
5.499846248495890988e-01
5.573438159365065037e-01
5.254801822113593923e-01
5.462013100520397568e-01
5.452542823986445963e-01
5.337690139393244104e-01
5.404715844850339623e-01
5.228015031505046650e-01
5.162861945415557763e-01
5.337399913017918385e-01
5.160349131039728698e-01
5.257194913059460850e-01
