4.750358894753356278e+07
0.000000000000000000e+00
0.000000000000000000e+00
0.000000000000000000e+00
0.000000000000000000e+00
0.000000000000000000e+00
0.000000000000000000e+00
0.000000000000000000e+00
0.000000000000000000e+00
0.000000000000000000e+00
0.000000000000000000e+00
0.000000000000000000e+00
0.000000000000000000e+00
0.000000000000000000e+00
0.000000000000000000e+00
0.000000000000000000e+00
0.000000000000000000e+00
0.000000000000000000e+00
0.000000000000000000e+00
0.000000000000000000e+00
0.000000000000000000e+00
0.000000000000000000e+00
0.000000000000000000e+00
0.000000000000000000e+00
0.000000000000000000e+00
0.000000000000000000e+00
0.000000000000000000e+00
0.000000000000000000e+00
0.000000000000000000e+00
0.000000000000000000e+00
0.000000000000000000e+00
0.000000000000000000e+00
0.000000000000000000e+00
0.000000000000000000e+00
0.000000000000000000e+00
0.000000000000000000e+00
0.000000000000000000e+00
0.000000000000000000e+00
0.000000000000000000e+00
0.000000000000000000e+00
0.000000000000000000e+00
0.000000000000000000e+00
0.000000000000000000e+00
0.000000000000000000e+00
0.000000000000000000e+00
0.000000000000000000e+00
0.000000000000000000e+00
0.000000000000000000e+00
0.000000000000000000e+00
0.000000000000000000e+00
0.000000000000000000e+00
0.000000000000000000e+00
0.000000000000000000e+00
0.000000000000000000e+00
0.000000000000000000e+00
0.000000000000000000e+00
0.000000000000000000e+00
0.000000000000000000e+00
0.000000000000000000e+00
0.000000000000000000e+00
0.000000000000000000e+00
0.000000000000000000e+00
0.000000000000000000e+00
0.000000000000000000e+00
0.000000000000000000e+00
0.000000000000000000e+00
0.000000000000000000e+00
0.000000000000000000e+00
0.000000000000000000e+00
0.000000000000000000e+00
0.000000000000000000e+00
0.000000000000000000e+00
0.000000000000000000e+00
0.000000000000000000e+00
0.000000000000000000e+00
0.000000000000000000e+00
0.000000000000000000e+00
0.000000000000000000e+00
0.000000000000000000e+00
0.000000000000000000e+00
0.000000000000000000e+00
0.000000000000000000e+00
0.000000000000000000e+00
0.000000000000000000e+00
0.000000000000000000e+00
0.000000000000000000e+00
0.000000000000000000e+00
0.000000000000000000e+00
0.000000000000000000e+00
0.000000000000000000e+00
0.000000000000000000e+00
0.000000000000000000e+00
0.000000000000000000e+00
0.000000000000000000e+00
0.000000000000000000e+00
0.000000000000000000e+00
0.000000000000000000e+00
0.000000000000000000e+00
0.000000000000000000e+00
0.000000000000000000e+00
0.000000000000000000e+00
0.000000000000000000e+00
0.000000000000000000e+00
0.000000000000000000e+00
7.249296276613580170e-02
3.556260598935893219e-02
2.326526927813544338e-02
1.141722169268110168e-02
2.241547463621245545e-02
2.200793188199169984e-02
0.000000000000000000e+00
2.122549582344761612e-02
0.000000000000000000e+00
2.048405614218731796e-02
0.000000000000000000e+00
1.978079802421512171e-02
0.000000000000000000e+00
1.911314415430381483e-02
0.000000000000000000e+00
0.000000000000000000e+00
1.817330450924244806e-02
0.000000000000000000e+00
1.758473794902406379e-02
0.000000000000000000e+00
0.000000000000000000e+00
1.675408600298672335e-02
0.000000000000000000e+00
0.000000000000000000e+00
7.990464882079289025e-03
7.867537096530716548e-03
0.000000000000000000e+00
0.000000000000000000e+00
1.503061227149038795e-02
0.000000000000000000e+00
0.000000000000000000e+00
7.186210469373370199e-03
7.081304164151398274e-03
0.000000000000000000e+00
0.000000000000000000e+00
6.780008202387044318e-03
6.683839497198064417e-03
0.000000000000000000e+00
0.000000000000000000e+00
6.407298167012956923e-03
6.318923051413098332e-03
0.000000000000000000e+00
0.000000000000000000e+00
6.064497063898154419e-03
1.794928694757431595e-02
2.951661115147845293e-02
1.747540104767657948e-02
3.449092979916951879e-02
5.673345738989474252e-02
3.919766876575449949e-02
3.869189945741543374e-02
2.182620360146990054e-02
3.232224986296856201e-02
1.595655647873080868e-02
1.575584773960361090e-02
2.593150370563528789e-02
2.048750191449674393e-02
1.517592976843464524e-02
1.498972439175792239e-02
1.974256687225496923e-02
5.850979793748131708e-02
4.335365189388126067e-02
3.807506908880255864e-02
3.291907486182438225e-02
4.182364875227028572e-02
5.051641409774927649e-02
2.723213761086725263e-02
3.588731791548276095e-02
1.773622013749774629e-02
3.068162614243514011e-02
3.033098282498156162e-02
8.139142994564739497e-02
3.811820334241425995e-02
5.444098610042685804e-02
4.969173534437443945e-02
3.275974044245917594e-02
6.074579636952100875e-02
7.609913807367986449e-02
5.149878967189655543e-02
4.702063916333687477e-02
5.426436505801757876e-02
4.984653413438035197e-02
5.310676132605614275e-02
7.130673011413339590e-02
8.540525675077052792e-02
7.715789175014316215e-02
6.544282554164314314e-02
8.275033998256429990e-02
6.052948394498867263e-02
1.021916912856524612e-01
7.672961287677725062e-02
7.249454335942150107e-02
7.859271350140170642e-02
1.150070022933136066e-01
1.339425444731893178e-01
1.127126607093820176e-01
1.214374290258952438e-01
1.267342820665380287e-01
1.480087491178073700e-01
1.083252525524676241e-01
1.072684292438394610e-01
1.468432009107761005e-01
1.392361631935408184e-01
1.103178914374816494e-01
1.456829679064175764e-01
1.412893649063741708e-01
1.339948142183534641e-01
2.005708682215149863e-01
1.548594432657552644e-01
1.620958770310072516e-01
1.720585921409922558e-01
1.704654684635771578e-01
1.294856831515668050e-01
1.338759124955118396e-01
1.381805312069540326e-01
1.369243532504809679e-01
1.329715227806918254e-01
1.586661585122994544e-01
1.945550878812851436e-01
1.796112881128129612e-01
1.623075697220283109e-01
1.478977427563474278e-01
2.160342761832709235e-01
1.911957597122852515e-01
1.844719133859785976e-01
2.029081289780404196e-01
2.533017121674527861e-01
2.018792490643057380e-01
1.903831520904623043e-01
2.202152815456898671e-01
2.303378851489111812e-01
2.236278417197538060e-01
2.547659085517967048e-01
2.362511865997256877e-01
2.597892127767751913e-01
2.484234468492485526e-01
2.281128271872308599e-01
2.465880927039243442e-01
2.512895424683189161e-01
2.492298036998581157e-01
2.317455806573708310e-01
2.189156958722405788e-01
2.909717658841095012e-01
2.929330714399337454e-01
3.204928765419610137e-01
3.136898946287091650e-01
2.670349941071921696e-01
3.003768339315673885e-01
2.566131139864841759e-01
2.853900345045798370e-01
2.485216296625272769e-01
2.546646566184223581e-01
2.687261954924655138e-01
3.084304019417608567e-01
3.139467431512700801e-01
3.428808901110395047e-01
3.363648522376599947e-01
3.222204128269799406e-01
3.293440338069149043e-01
3.249487302537611422e-01
3.168384688898951418e-01
3.163279993376909016e-01
3.381091671313143365e-01
3.706196769518517176e-01
3.788451725553524385e-01
3.397066616220359991e-01
3.552316776659177333e-01
3.848387499860311811e-01
3.802425965767445293e-01
3.827587106168442999e-01
3.904812450578420413e-01
3.754832447575144894e-01
4.141913180206016065e-01
4.334854955327567261e-01
4.320791851343117052e-01
4.475713518837984295e-01
4.796012829761782115e-01
4.978453183702581941e-01
4.496887682718807011e-01
3.824985899592747152e-01
4.629497412384170341e-01
4.208634132462612532e-01
4.790127406276794564e-01
4.469535485556395682e-01
5.025134457352363748e-01
4.470964961251914782e-01
4.612217803964320795e-01
4.301131486138958793e-01
4.780683847589981550e-01
4.518412525190649842e-01
4.792035563952049548e-01
5.152517652340468102e-01
4.847671802322982004e-01
4.919490033669070006e-01
5.241971786661168142e-01
5.118770769507099416e-01
5.157816013187109805e-01
5.341377612667970176e-01
5.161933049193557776e-01
5.643635184294814033e-01
5.976608393077645909e-01
6.036504828181813442e-01
5.926954622531722672e-01
5.190782253162622428e-01
5.739447905712010689e-01
5.068817189688338276e-01
5.268871893485315150e-01
5.235097189681573449e-01
5.350264666567932093e-01
5.181939525290322202e-01
5.322451644302891305e-01
4.957389078965144247e-01
5.097340782058971120e-01
5.889862954662410388e-01
5.904962133627631449e-01
6.036084282943420254e-01
5.947097590345028495e-01
6.267577051021175905e-01
5.936993335282466644e-01
6.606369574321004912e-01
6.703545018597502070e-01
6.923934621194958172e-01
6.992979117339636064e-01
6.938037648097027388e-01
7.079261823084908034e-01
7.024204734354391189e-01
6.824733277933067166e-01
7.227857649634884529e-01
6.909958376634313115e-01
6.500833617266130737e-01
7.193127553669419472e-01
7.244086021353606242e-01
6.874831356459090159e-01
6.799402074596762047e-01
7.415641047285471688e-01
7.234652927771404451e-01
7.624664739580959694e-01
7.421686532725235708e-01
7.175955102025042276e-01
7.391424824460478549e-01
7.715449042422640735e-01
7.615585697088319561e-01
8.055225256518945276e-01
6.817971262538751187e-01
7.224308388318909646e-01
7.021003579231732683e-01
7.324677869411677644e-01
7.464603057425899246e-01
7.645298680463085139e-01
7.580988059442980154e-01
8.000234159056951455e-01
7.861329033902093588e-01
7.952247911347819498e-01
7.887175006239920405e-01
7.812437381704682160e-01
7.575064411697333133e-01
7.969651565679803928e-01
7.784271808834487549e-01
7.831749710530951925e-01
7.838645908215365887e-01
7.418323331294950362e-01
8.404947805426897789e-01
7.229530282221314774e-01
8.118327426718754403e-01
7.705102680779537527e-01
7.934042103634856291e-01
8.246906938011359101e-01
8.250369353445201615e-01
8.757644451384756223e-01
8.152790609007669609e-01
7.817675074226924092e-01
8.122319708312134567e-01
8.190925012403000860e-01
8.684586930966938789e-01
8.740065480378103047e-01
8.629936204597448146e-01
8.274785991838723431e-01
8.748195388817940898e-01
8.260623748778396225e-01
8.118916797664819107e-01
7.853626317580083560e-01
8.176945744313864894e-01
8.708797060774288168e-01
8.110330280908801814e-01
8.409560130184945415e-01
8.349040441302119087e-01
7.934279881738315332e-01
8.143439265728102949e-01
8.170512746546096938e-01
8.265374221469196092e-01
8.079400693030718283e-01
8.013290597777925628e-01
8.182735183879923380e-01
8.959952785871639902e-01
8.433146736855701153e-01
8.366180161902495582e-01
8.735740900644658469e-01
8.659540310162010535e-01
8.030182516310182539e-01
8.282169028115621279e-01
8.088056085941519591e-01
8.537686133151338730e-01
8.439839012577344812e-01
8.787800258608610138e-01
8.215078224655756323e-01
8.481862485711286759e-01
8.252671674777143362e-01
8.368447247118997456e-01
8.134069221595875421e-01
8.442023889343756027e-01
8.332224291262427807e-01
8.513799517184937882e-01
8.130700790426720337e-01
8.220479529828492726e-01
8.038106987410299498e-01
8.262242789774862928e-01
8.111064096789325495e-01
8.391963303341422042e-01
8.182282801580718079e-01
8.357026792124501169e-01
7.827131124898630832e-01
8.162048821178596869e-01
8.500996472248025793e-01
8.071418420692018092e-01
8.105648080976792791e-01
8.075099896043673731e-01
8.607168165780589852e-01
8.156315626170910216e-01
8.506587722939831231e-01
8.769292099761138992e-01
8.617153268419059930e-01
8.869806989179134238e-01
8.441420094134253205e-01
8.726857734092415830e-01
8.453797067851450686e-01
8.497338681100372604e-01
8.370406222435828880e-01
8.603287641326760049e-01
8.618353503827821394e-01
8.150220149560257754e-01
8.694563120154833458e-01
8.283291355786271959e-01
8.352120301658170209e-01
8.789214505475649863e-01
8.376186080678014179e-01
8.691584934238819615e-01
8.659542541710016916e-01
8.783035842576807362e-01
7.971000750716682459e-01
8.455536054765939724e-01
8.916572850465874778e-01
8.470475331899380844e-01
8.560033187137997546e-01
8.087695297035627506e-01
8.887198806197441625e-01
8.748575156317837109e-01
8.847501621455998722e-01
9.366745163553750197e-01
8.801989051256425833e-01
8.776332682945054975e-01
9.295065998733519352e-01
8.390545062216167027e-01
8.966959449002392946e-01
8.838085018145878102e-01
9.395504760283411860e-01
9.008357993525755170e-01
9.315797792895498253e-01
9.228844546528517379e-01
8.847050510232054021e-01
8.939189419880756438e-01
9.018753558599947873e-01
8.712425938975565387e-01
9.198890299608306620e-01
8.628021668485014173e-01
8.741823480369268484e-01
8.923464642576863781e-01
9.229242985393942833e-01
9.060054676681071895e-01
9.719632125572038595e-01
9.566588315608115511e-01
9.223619065536556860e-01
8.838610630074649199e-01
9.348624470129555108e-01
9.221482243581183846e-01
8.879668389933970118e-01
9.724463490765722362e-01
9.048701556655760481e-01
9.186694864457060072e-01
8.746895132987975163e-01
9.112384215317522740e-01
9.059379453018640005e-01
8.969110320031667971e-01
9.291622620465420646e-01
8.955780887638001841e-01
9.472069442843631393e-01
9.381299033988258484e-01
9.633539703359855766e-01
9.537451764052102821e-01
9.530881123339577377e-01
9.310901714274638641e-01
9.574694070558932291e-01
9.412927233795373994e-01
9.452941294825232266e-01
9.687233976139304481e-01
9.480781756342941957e-01
9.174220717627432631e-01
9.366138831762462758e-01
9.329552398564409099e-01
9.383600049711818825e-01
9.552243605885739619e-01
9.789287485415413270e-01
9.329315898661107997e-01
9.095392308923380131e-01
9.055348267731259115e-01
9.712446339563963749e-01
9.191091837783794682e-01
9.749962966294660749e-01
9.916367814624853505e-01
9.670632077961653916e-01
9.994805320647683899e-01
9.903972678491999027e-01
9.918871674978645414e-01
9.776514571254929509e-01
9.322211454015744136e-01
9.575117896888024616e-01
9.618986777216506079e-01
9.742157184175151974e-01
9.915710134521097396e-01
9.678420283755247988e-01
1.016600107379498130e+00
9.818569275402768692e-01
9.740522989746881466e-01
1.001595482806350024e+00
9.764075584477472924e-01
1.023289244958844213e+00
9.882207426896928437e-01
9.791477981656773188e-01
1.002082933984371316e+00
9.674584597539742647e-01
9.728349178604142056e-01
9.910711202757951366e-01
9.865540370527612346e-01
9.741114187974884153e-01
9.731972410340057333e-01
9.801772935781538632e-01
9.879740627216558879e-01
1.009204456955655971e+00
9.513229487941485818e-01
9.932666077017389128e-01
9.560885124880322827e-01
9.831105683437078024e-01
9.410924579970515458e-01
9.875599560054950654e-01
9.666152998087778059e-01
9.855756028499111920e-01
9.782623455574792626e-01
1.005013380280936230e+00
1.058769396027877674e+00
9.974623263984583321e-01
1.040879055312233570e+00
1.057068917769950822e+00
9.914456995772381598e-01
1.044684661161414674e+00
1.041825565185768632e+00
1.010403047604571336e+00
1.021502981431954726e+00
1.058869059188808359e+00
1.034564310542989807e+00
1.012033002548712535e+00
1.013721789698656117e+00
9.910072810336295612e-01
1.065647364948300480e+00
1.016299536225905076e+00
1.004474947356867487e+00
1.019140843618741687e+00
1.056094474153680851e+00
1.021527394749024653e+00
1.050403123793695048e+00
1.055743368396349080e+00
1.030038941254465046e+00
1.081743928045953096e+00
1.053419582169025537e+00
1.050981131091119680e+00
1.047024103693350749e+00
1.050326254538705095e+00
1.062332532557961118e+00
9.671669246688174848e-01
1.052143789810373598e+00
9.884607530331118719e-01
1.013974890907131332e+00
1.010939891221001918e+00
1.013128428512217072e+00
9.926767900847672799e-01
1.021140399414115940e+00
1.019940975066355726e+00
1.013237140814558845e+00
1.032184793371616172e+00
1.014897861002589829e+00
1.018074127702812914e+00
1.027744548460169938e+00
1.014959307195591798e+00
1.003332476501362036e+00
1.018678465658262144e+00
1.032488018358606263e+00
1.048695714987631478e+00
1.049164211794549884e+00
1.060952165367196054e+00
1.042665394845765592e+00
1.048055969034559443e+00
1.053055334005422727e+00
1.060462509104068696e+00
1.000250367794426998e+00
1.022349846874119228e+00
1.006930427148190033e+00
1.008505706572780491e+00
9.942510702159528257e-01
1.025660299307641354e+00
1.013822746981984491e+00
1.036785670805942416e+00
1.014456433138766434e+00
1.026772459725130870e+00
1.022143120658093096e+00
1.026950394204120265e+00
1.019993936673727175e+00
1.014412589622579075e+00
1.044487995026212701e+00
1.023586597530215636e+00
1.067659230453830377e+00
1.041859053475043151e+00
1.065202497010211635e+00
1.044150072438606802e+00
1.036946182907322767e+00
9.910271244060774309e-01
1.046033427020361728e+00
1.015250287074076718e+00
1.016917021893654738e+00
1.033041276024148081e+00
1.035594194668561396e+00
1.022464840013339815e+00
1.027573801845264478e+00
1.024069889503856690e+00
9.835339724451752641e-01
9.997499994982345095e-01
9.746351448481792579e-01
9.876320411192899273e-01
9.827165686323684479e-01
9.949760135946466022e-01
1.011818374266463039e+00
1.004380814359965290e+00
1.008724133315038740e+00
1.052769189584204179e+00
1.036355591997836223e+00
1.009628498366139437e+00
1.019683453063182643e+00
1.060404677141843166e+00
1.044147077498227105e+00
1.014978211898105442e+00
1.031209298755455306e+00
1.015472792327772433e+00
1.022004802558701186e+00
9.977158251272357781e-01
9.994862351080132656e-01
1.006587827183156536e+00
9.979476821637541795e-01
1.003821532058850385e+00
9.813972716789249873e-01
9.315148265513508719e-01
1.027351854994649649e+00
1.009420070526425572e+00
9.886814342351154528e-01
1.003442763838578333e+00
9.784982709446439220e-01
9.960768919737041927e-01
9.695677411471835816e-01
1.007982703640719846e+00
1.029593413968142857e+00
1.060760143091808771e+00
1.038331614291741145e+00
1.024527485392401571e+00
1.045537931479146865e+00
1.022210027934062460e+00
1.020633723716866559e+00
1.075054691233253923e+00
1.056855525372803362e+00
1.070766351133777494e+00
1.036856715016143848e+00
1.061805209319425902e+00
1.047975211422323527e+00
1.056506291604240477e+00
1.062789131640459850e+00
1.063560440708773314e+00
1.039228686734348317e+00
1.036246683943353952e+00
9.871732524643331841e-01
9.843487243439466017e-01
1.033848950360301000e+00
1.001053244274121568e+00
1.005172296195446791e+00
9.913510917901400266e-01
1.030390191332016814e+00
1.018162741299055263e+00
1.011567228990332357e+00
9.859727703327360038e-01
9.924131587063367288e-01
9.848824668037844399e-01
9.755555220501985758e-01
9.916298343922383962e-01
9.888443591633407914e-01
9.845111881956322142e-01
1.029182410800183245e+00
9.958065214489471018e-01
9.773035493137508523e-01
9.696942926363933957e-01
9.946728316923322266e-01
9.824495502896478660e-01
1.004442921713897485e+00
9.683613113915604531e-01
1.000149298723472358e+00
9.640185942225119042e-01
1.007230420101126178e+00
9.659931129862591170e-01
1.027253302156165393e+00
9.879298877854593153e-01
9.999242306038955697e-01
9.840045434419655290e-01
1.010564433021672981e+00
1.012002838249721703e+00
1.009730957988090205e+00
9.902544400393284985e-01
9.806896564983665909e-01
9.665264931090415956e-01
1.002924358130445448e+00
1.023553756012471894e+00
9.712934212873783890e-01
1.005921089947799052e+00
1.023227830409041639e+00
1.024075371757103170e+00
1.022994856966205290e+00
1.015694002074408075e+00
1.004609796298815638e+00
1.017861578648063370e+00
1.006586241907742929e+00
1.001760332298114786e+00
1.037807762778819587e+00
1.038569130212285918e+00
1.042845870053870749e+00
1.014066936028127808e+00
1.036134380474634353e+00
1.036411445361385297e+00
1.028549806421496404e+00
1.010759958979008388e+00
1.023342510509844150e+00
1.037468883843129630e+00
1.034501560182216284e+00
1.023519562951063389e+00
9.974955382245853652e-01
9.971552987398152323e-01
9.929453775855182629e-01
1.006454996224555476e+00
1.005857363656160741e+00
9.908114886337068272e-01
1.000608280790541649e+00
9.753173357067316251e-01
9.772571970318653101e-01
9.845453827494350385e-01
9.741892615711600367e-01
1.004776928229014876e+00
1.019907548080106530e+00
9.668585336675651343e-01
9.850896364789220039e-01
1.002783505862798297e+00
9.896682936843680389e-01
9.812126035082636699e-01
9.810910978002815863e-01
1.003390324373819587e+00
9.867031583187080290e-01
9.776787476231824092e-01
1.014280478545709574e+00
9.748422400219458606e-01
9.805228403818238014e-01
9.977481209123362227e-01
9.847311844408944692e-01
9.886275762981268089e-01
9.963305996810620790e-01
9.891363078340466020e-01
9.675811271460406093e-01
9.594337917831461393e-01
9.570109804669084674e-01
9.997642422370734971e-01
9.806915373020910209e-01
9.832409254172601587e-01
9.774345181451173925e-01
9.747737612779701077e-01
1.001789001394805645e+00
9.703107194877277353e-01
9.728389295916562984e-01
9.646446510254091944e-01
9.601851825917585570e-01
9.717252335457412515e-01
9.568416809464556083e-01
9.558914436717635965e-01
9.823955497198766373e-01
9.554162030491571977e-01
9.785469528779786597e-01
9.676502654448224661e-01
9.966712522716687506e-01
9.891920916163567945e-01
9.931670664546349281e-01
9.621433578455891311e-01
9.669567816046465980e-01
9.753235795577481770e-01
9.949550173652086382e-01
9.818322402371036928e-01
1.003517677274444297e+00
9.912198786563404251e-01
9.882128790171282873e-01
9.632672430246128625e-01
9.605325115673409853e-01
9.895986413893430589e-01
9.665733594930168149e-01
9.849975893571214502e-01
9.698338041010143851e-01
9.630459287425722215e-01
9.641880342609401300e-01
9.789693437871822557e-01
9.626122365857722185e-01
9.918589783193187959e-01
9.766888197408518657e-01
9.473104526400663028e-01
1.014169372382984990e+00
9.850257362521406268e-01
9.786999813271438642e-01
9.872978466573232303e-01
9.666949033820961823e-01
9.672054234439738662e-01
9.843728427321379870e-01
9.652226675462354244e-01
9.774633640978337423e-01
9.383394390409547370e-01
9.654158691068670528e-01
9.821862749565661854e-01
9.676829240461469750e-01
9.512198853549851396e-01
9.691830651750962256e-01
9.592028687509365215e-01
9.489012866812365221e-01
9.240532392109204185e-01
9.398996017438185913e-01
9.287999961224253642e-01
9.244513465303177968e-01
9.179521066211216995e-01
9.154468056067056603e-01
9.244614999878996153e-01
9.151290959477830222e-01
9.151466437292370415e-01
9.230201631546545160e-01
8.921878146657573616e-01
9.132284814028077680e-01
9.206896626146788831e-01
9.109494964809116135e-01
8.993099349447786217e-01
8.621820911394686426e-01
8.839166141319279024e-01
8.824059129395156464e-01
8.739030003319989692e-01
8.691017340753359743e-01
8.547437378172549893e-01
8.461820204474789220e-01
8.246582596020171074e-01
8.348758326178524758e-01
8.528083220896744976e-01
8.307215250942133755e-01
8.235030609520661571e-01
8.624086966645054808e-01
8.031745305619479858e-01
8.375104834649580443e-01
8.223347682101548317e-01
8.170740789547755734e-01
7.933689096253575546e-01
8.050964686027941575e-01
8.192987343355756513e-01
8.179541083869575901e-01
8.105694469923262480e-01
7.708863205950252651e-01
7.960606660259599288e-01
7.936047315406827840e-01
7.881628956538595521e-01
7.566796852517104766e-01
7.741991805259101911e-01
7.719713851040412855e-01
7.930024631299873450e-01
7.436827424100950212e-01
7.599185433591508776e-01
7.503637179157583992e-01
7.462428682732139551e-01
7.378986192307920300e-01
7.497655569029817446e-01
7.601169148027858702e-01
7.608632164030885159e-01
7.472192118157713336e-01
7.695976672122626372e-01
7.547035337839902436e-01
7.442084071092679443e-01
7.351995635695538489e-01
7.276672690130793208e-01
7.209638322108060660e-01
7.340233051694624589e-01
7.311431570059135909e-01
7.339783591613435743e-01
7.391710729994600548e-01
7.523853900805932415e-01
7.277591043529092474e-01
7.318266540705326006e-01
7.473164672719256885e-01
7.499127569664095772e-01
7.343936399908638224e-01
7.052371578450334910e-01
7.049503845412788960e-01
7.238883311225529082e-01
7.088620675297524487e-01
7.283238930596819261e-01
7.255185366602566743e-01
6.985918139919391479e-01
7.013807093866410991e-01
6.867089467926683621e-01
6.928679033593074799e-01
6.759883867619301823e-01
6.626770953481418980e-01
6.718779429079495547e-01
6.660483704766121393e-01
6.762572268150853771e-01
6.844610230432819353e-01
6.426819956334032247e-01
6.566238889578720483e-01
6.592699303530751287e-01
6.527848644899926223e-01
6.624355433624530276e-01
6.687691379895787103e-01
6.516064433606998385e-01
6.869836214542888175e-01
6.484060742130676180e-01
6.693213506884094777e-01
6.548000073327246984e-01
6.403384443472711629e-01
6.731602593830369186e-01
6.470100563199108201e-01
6.371789571246856410e-01
6.559517302268738081e-01
6.506485487032673820e-01
6.410124415626716754e-01
6.505315087693827047e-01
6.345743431748969154e-01
6.356998248867726797e-01
6.297674395017178739e-01
6.494216734257659551e-01
6.360302840076454967e-01
6.216921115836089307e-01
6.385249293588420860e-01
6.280837658306911431e-01
6.056037440678612160e-01
6.239215027408947511e-01
6.072019972046681646e-01
6.011437802841010924e-01
6.051170593725505586e-01
6.009141761518057567e-01
6.024826463530463805e-01
5.925564690230945564e-01
5.970688547921599865e-01
5.747757701219262660e-01
5.944788653213841645e-01
5.686676379230485301e-01
5.762374071737578207e-01
5.823913108620575318e-01
5.646301109788531836e-01
5.804264018509643908e-01
5.811671639081036345e-01
5.758650747627906963e-01
5.625026226235356752e-01
5.701058907793392638e-01
5.652641921701174743e-01
5.574461521743095949e-01
5.601192963331299568e-01
5.505785242179188632e-01
5.571762432622144878e-01
5.494330750546456699e-01
5.430676165607888350e-01
5.372646681735383511e-01
5.502738528025359344e-01
5.373785794858300102e-01
5.481942601581684116e-01
5.393548943343958735e-01
5.408014508628475880e-01
5.535350392846750678e-01
5.389002045285636866e-01
5.165149197392070457e-01
5.166705494840271307e-01
