0.000000000000000000e+00
0.000000000000000000e+00
0.000000000000000000e+00
0.000000000000000000e+00
0.000000000000000000e+00
0.000000000000000000e+00
0.000000000000000000e+00
0.000000000000000000e+00
0.000000000000000000e+00
0.000000000000000000e+00
0.000000000000000000e+00
0.000000000000000000e+00
0.000000000000000000e+00
0.000000000000000000e+00
0.000000000000000000e+00
0.000000000000000000e+00
0.000000000000000000e+00
0.000000000000000000e+00
0.000000000000000000e+00
0.000000000000000000e+00
0.000000000000000000e+00
1.426905763747516598e-01
2.605817372373665508e-01
2.388796975640070930e-01
0.000000000000000000e+00
0.000000000000000000e+00
2.817918786404086107e-01
1.744485054489027243e-01
8.121125540901923123e-02
0.000000000000000000e+00
7.091072355133631877e-02
0.000000000000000000e+00
1.873573645614827476e-01
1.763396163633321190e-01
1.108439257528871791e-01
1.570313378194498344e-01
9.903018735640782555e-02
9.381930762350325359e-02
1.780182859741665791e-01
4.227981829348001486e-02
8.043561448151997917e-02
1.532121768390009575e-01
7.304367205454134759e-02
3.486204499414852914e-02
3.331288157410879081e-02
3.186472861564634829e-02
1.220359669688791532e-01
8.771391465435662838e-02
1.682685243858124680e-01
1.615386990328771533e-01
2.069395680896926049e-01
2.238540234869950962e-01
1.914735319209393827e-01
1.382870591115264725e-01
1.776786707949992716e-01
1.285002680002902686e-01
6.199597872980471686e-02
1.795752056544024644e-01
2.313180045954369990e-01
1.677060978143334047e-01
1.982542686230374107e-01
1.918595332466360159e-01
1.519930424853674356e-01
1.472436525490634085e-01
1.585704906912744627e-01
2.152719766952772840e-01
1.790112273446431701e-01
2.027043391648905568e-01
2.390069688385514646e-01
1.502332567627881199e-01
1.990931152489244238e-01
2.193715263963124107e-01
2.008110388045211414e-01
1.831725452876360460e-01
2.852611798908585850e-01
2.546085168995494419e-01
2.367231541873519307e-01
1.537691110519417148e-01
2.462255680711255557e-01
1.878810679696255315e-01
1.934223938688257038e-01
9.931842697434573042e-02
1.647730594221205047e-01
1.892353869405535849e-01
1.663046977158891271e-01
1.714616186769317707e-01
1.763369977562986579e-01
1.206306592383180887e-01
2.947999331877366735e-01
2.223635884756404446e-01
2.013672921653353320e-01
2.757858832707858476e-01
1.927537393663352194e-01
2.037449725343382645e-01
1.772940131522786067e-01
1.591338126347421611e-01
2.408634499295040365e-01
1.873705036872968799e-01
2.039837455922439979e-01
2.998563120578441321e-01
2.155404234595819646e-01
2.625419809979259722e-01
3.013981348623210876e-01
2.093848897121846631e-01
2.356021289899413729e-01
2.074485349379271149e-01
2.326526927813544199e-01
2.740133206243464681e-01
2.801934329526556966e-01
2.420872507019087017e-01
2.431282881829616993e-01
2.493995759255094868e-01
3.231724149903988930e-01
3.328659123105439099e-01
3.019173111771090157e-01
3.362735664116570655e-01
3.694107875534882179e-01
3.010320204302850966e-01
3.194626819227848191e-01
2.725612832677836161e-01
3.044028505298109755e-01
3.351635289674982920e-01
2.637710692353609776e-01
2.941190288122280672e-01
2.723889181659284731e-01
3.183276340567476881e-01
3.504177620284779082e-01
3.408844485691664428e-01
3.515804548114886963e-01
3.855093177300051299e-01
3.641289457357946291e-01
2.975716154688713977e-01
3.006122454298077451e-01
2.813193004435522449e-01
3.829069317008478301e-01
4.024277862849087728e-01
4.000936852745540229e-01
3.035725093983443479e-01
3.542307753918209623e-01
4.034104880420291694e-01
3.943465303346858075e-01
3.294851239978330293e-01
3.573647176988398177e-01
3.556050482692191261e-01
3.538596908791334927e-01
3.365476465278772200e-01
3.565591224018241912e-01
3.608375753019401611e-01
3.918927650220392356e-01
3.837159449692199020e-01
4.339724593506350536e-01
4.138911575900342532e-01
3.914608559902736928e-01
4.311743564232994874e-01
3.896827016782554720e-01
4.774482037821540792e-01
4.686726230130441317e-01
4.441241553246741969e-01
4.647975083183065181e-01
4.356492622546728755e-01
4.353594156830558060e-01
5.286282202671400698e-01
4.971591923266377444e-01
4.886285300883104754e-01
4.851437412316159659e-01
4.792987070490205559e-01
5.830244954222891796e-01
4.773265854964535704e-01
5.692663302392344526e-01
5.097565422591062712e-01
5.037945458010442135e-01
5.450386408413944173e-01
5.586909343311790010e-01
6.180156122976221411e-01
5.957871626335663473e-01
5.804494082965906410e-01
6.077735755151607577e-01
6.218835719933375472e-01
6.335696256407741256e-01
6.060551981854946924e-01
6.094828235741941436e-01
6.408348469362514788e-01
6.100625853440053703e-01
6.367378220035201375e-01
6.608624458851426464e-01
6.345847230184575860e-01
6.884912271913706805e-01
6.961788650616708152e-01
6.980951421367329601e-01
7.201403230013361245e-01
7.562282062589873455e-01
7.285627759334465381e-01
7.227932494607470781e-01
7.082941361522808732e-01
7.167243384626238445e-01
7.042327069200945422e-01
7.893442095140780213e-01
8.338007666265236928e-01
7.668210671090088804e-01
7.376049119952204913e-01
7.893432886683190430e-01
8.188984379683995618e-01
7.673931883608056115e-01
8.825322046186333536e-01
8.250204190371769331e-01
8.654375883464888730e-01
8.075697465225367688e-01
7.814183976821617028e-01
8.771328692698890928e-01
8.793008347896690280e-01
8.545891484592765819e-01
8.981445496095781245e-01
8.999378967142003249e-01
8.278468005512156225e-01
8.818002847225853147e-01
9.063080739980186040e-01
9.345488436156561551e-01
8.269626678108179529e-01
8.912644262848535837e-01
9.420395503633089973e-01
9.185889890053914320e-01
8.861101564373333739e-01
9.474566265999571080e-01
9.363559064116498964e-01
9.502846420821979834e-01
9.691194196402765915e-01
1.036450158355454620e+00
1.004415057688538448e+00
1.020913054903224149e+00
1.033328434610391033e+00
1.014448523729455598e+00
9.404618675922535864e-01
1.078837861845953094e+00
1.064777185495643153e+00
1.150489749259405281e+00
1.050337150205013836e+00
9.742437058508521819e-01
1.024534848818612343e+00
1.090186875045396020e+00
1.088002688515690375e+00
1.072130287779984981e+00
1.105121865007954618e+00
1.034325706052634075e+00
1.093718290343573818e+00
1.063822570255740452e+00
1.108807999592898552e+00
1.085715544343692107e+00
1.079113741113285396e+00
1.159115903493425748e+00
1.167858999597424008e+00
1.212170662226742301e+00
1.243226340438987165e+00
1.215808100540802128e+00
1.199048778062407505e+00
1.194737178664526667e+00
1.143969806714500326e+00
1.257397944580417093e+00
1.208848188255611023e+00
1.159036089495569577e+00
1.170693324807692060e+00
1.204497259891504912e+00
1.223279890612606557e+00
1.271421153766229661e+00
1.238985801903229600e+00
1.273954676994786706e+00
1.281221985483132597e+00
1.284629060831339986e+00
1.304544385290721920e+00
1.283864195882027603e+00
1.258912922481662866e+00
1.271260572357725938e+00
1.351410494136993323e+00
1.395703549584265568e+00
1.275274413714186261e+00
1.410460282036285928e+00
1.332444014382568653e+00
1.307291347502523848e+00
1.326157207677287397e+00
1.337914484677701354e+00
1.342714055651395233e+00
1.342380514064442920e+00
1.454407644135185640e+00
1.379651754128251584e+00
1.433959306134877654e+00
1.419006161084654938e+00
1.381565089252630774e+00
1.365507795849710382e+00
1.418279385327449127e+00
1.405293910549801462e+00
1.343650913531165170e+00
1.415716346267692494e+00
1.444838573231877588e+00
1.404904188759507511e+00
1.410663707017148605e+00
1.458908605025401872e+00
1.443762644226192826e+00
1.468559398939021099e+00
1.440068900764945869e+00
1.504475518431566794e+00
1.440022006709037461e+00
1.415111843844678585e+00
1.517502797294663752e+00
1.437555097778205671e+00
1.478947545122943019e+00
1.475653072290837864e+00
1.542348189120926971e+00
1.444519627790018079e+00
1.508396670878708212e+00
1.381487883585028609e+00
1.519267760931042766e+00
1.492390857102788626e+00
1.450869792568893146e+00
1.439572475310134214e+00
1.427047076524252001e+00
1.445332420201048240e+00
1.500471774702819117e+00
1.487053680347436346e+00
1.412912679901793922e+00
1.472988902276055612e+00
1.498034621826857427e+00
1.434753349549761747e+00
1.419459405445121725e+00
1.472196744785321032e+00
1.429699064366416028e+00
1.432177935748961684e+00
1.447675179341571639e+00
1.483996807378800575e+00
1.407904980185646693e+00
1.399346313734141090e+00
1.495985471970632474e+00
1.445877121006350574e+00
1.508605172220304436e+00
1.489400354756411637e+00
1.446672736543074045e+00
1.453365526212714753e+00
1.468744301740464220e+00
1.507219382979632760e+00
1.416059461021216492e+00
1.372008743453515311e+00
1.416023049312219451e+00
1.449824310183006393e+00
1.373464550415920193e+00
1.450375251420265243e+00
1.434674440209197321e+00
1.412460808126507983e+00
1.443534821538076329e+00
1.364882642373332899e+00
1.397465584100490821e+00
1.390000388399104558e+00
1.346412455617285397e+00
1.356998605278834980e+00
1.364772919512202920e+00
1.368720833210682830e+00
1.363627587572508348e+00
1.332322460346885951e+00
1.331623530244637532e+00
1.342331142215761108e+00
1.289924760510049895e+00
1.367433192172225587e+00
1.371066240553843407e+00
1.362455082948063279e+00
1.336249512190978539e+00
1.368548058391498401e+00
1.324082098636124138e+00
1.346122794587724769e+00
1.324939774498258949e+00
1.280884169567472197e+00
1.311534846013228339e+00
1.320944148110943406e+00
1.335064453857680133e+00
1.349493862583676984e+00
1.349886619590338954e+00
1.317925647081354290e+00
1.309932133813877186e+00
1.357039265291496877e+00
1.302565556909042632e+00
1.334283068781784154e+00
1.330463904029796529e+00
1.291669318886226492e+00
1.305942044549220915e+00
1.266734859984121719e+00
1.273700986662093859e+00
1.306278766387064083e+00
1.216491842832430281e+00
1.246316949147793895e+00
1.265606531869643225e+00
1.242725909179454691e+00
1.244228350787309090e+00
1.226904120864300562e+00
1.203653330287722145e+00
1.267581246101050274e+00
1.275317682048222601e+00
1.246559884968327481e+00
1.200609513201040812e+00
1.196649955741118321e+00
1.226033461460022567e+00
1.229508414808624384e+00
1.176150372684082512e+00
1.185625654531338613e+00
1.194991445062258517e+00
1.168467038546679548e+00
1.181888110385060697e+00
1.168285681505776719e+00
1.180735838939771076e+00
1.197483877130922858e+00
1.159488389323654500e+00
1.199702754626060575e+00
1.193424592082290570e+00
1.160705951279562109e+00
1.164879166057102067e+00
1.148248862529476444e+00
1.171894288609587775e+00
1.139467561595342238e+00
1.213058642966031497e+00
1.183022259971407308e+00
1.143325321158767283e+00
1.180815058665807493e+00
1.171380485488912715e+00
1.173699220842103763e+00
1.144493068837688643e+00
1.164426451061613799e+00
1.139598910528974551e+00
1.202211651018160632e+00
1.139527684947258201e+00
1.067535751178877890e+00
1.129569256502394925e+00
1.138060022607265465e+00
1.129854188585242225e+00
1.144707215691137536e+00
1.110773262936742611e+00
1.129112383037883749e+00
1.110066761806840274e+00
1.099649275295455864e+00
1.099145458941237941e+00
1.129734651938313794e+00
1.109595462567899427e+00
1.091706216439922050e+00
1.099129119827042311e+00
1.125343116175030689e+00
1.131840047796086601e+00
1.078089282345410682e+00
1.088102665887707765e+00
1.112165164821565355e+00
1.099776620181402764e+00
1.090827101134632882e+00
1.069315742037096229e+00
1.085709457596689909e+00
1.081521410100320768e+00
1.102613061990582732e+00
1.112405329487289984e+00
1.061314054004624863e+00
1.083478408288399031e+00
1.096093150927168747e+00
1.086132210980177204e+00
1.084870987572799983e+00
1.028285181057154718e+00
1.039930067298384664e+00
1.068483517418190809e+00
1.044057571617898583e+00
1.042642689165450776e+00
1.024742276409144059e+00
1.028979081789866301e+00
1.030394023134117543e+00
1.018582767996107474e+00
1.038968232358437493e+00
1.043033649606407431e+00
1.060089830735678307e+00
1.060389093877953215e+00
1.016794389124721087e+00
1.042096429682946246e+00
1.031413184939581562e+00
1.006567225139058941e+00
1.028018995494232479e+00
1.043101596230325168e+00
1.024938269914964728e+00
1.017130503123537144e+00
1.017224097881512357e+00
9.996584461641758734e-01
1.038415683033976356e+00
1.011995491780340872e+00
1.046076116703629211e+00
1.033199074466990330e+00
1.002000559650808365e+00
1.036521500980194910e+00
1.024378168613063744e+00
1.038074947021750294e+00
9.964619105758246720e-01
1.022080000628113217e+00
1.039186596443393285e+00
1.029163208620675896e+00
1.024696900521896215e+00
1.010973376582046113e+00
9.747783630792569154e-01
9.846467485933173558e-01
9.790496734664873024e-01
1.023736079068923166e+00
9.987423853564789678e-01
1.011256925229124359e+00
1.017557235830146789e+00
9.955070705458227698e-01
1.003647343070104059e+00
1.018010184166287413e+00
1.006124539637629267e+00
9.852172691515869163e-01
9.947936070060958702e-01
9.962832198358845259e-01
1.004182147886086174e+00
1.009705878739850293e+00
9.860931509221062541e-01
1.006114676484404669e+00
9.750909940526758524e-01
9.964970561926094206e-01
9.413740092698045236e-01
9.742387795002375173e-01
9.816701477864386849e-01
9.905260892937153283e-01
9.725986392331608110e-01
9.663800667657707066e-01
9.690361443895425531e-01
9.811979424697913066e-01
9.976423145082223831e-01
9.918793540606904990e-01
9.813202615842647747e-01
9.554282831804108422e-01
9.587429241794434009e-01
1.002637389688953995e+00
9.797933420120873427e-01
9.689694357213211040e-01
9.527880018758335678e-01
9.788401417128342885e-01
9.805448388210938893e-01
9.726550332143281130e-01
9.687726457105012567e-01
9.598132796759009100e-01
9.578416122852936310e-01
9.735921892444214798e-01
9.440667720090059056e-01
9.999271979519843701e-01
9.702820430745821012e-01
9.827809954822266381e-01
9.789219799465431748e-01
9.636105088134401253e-01
9.750797729216376108e-01
9.609983130287791386e-01
9.752727256777750098e-01
9.528560115174758982e-01
9.579866719557159627e-01
9.353433456342208352e-01
9.371986024055994902e-01
9.545463688701713023e-01
9.338841933433486009e-01
9.406948538349799716e-01
9.362121289303596550e-01
9.584572002441963390e-01
9.453481370847613974e-01
9.472922947262460980e-01
9.596543575937780401e-01
9.207679338099424848e-01
9.491981342468672755e-01
9.453866613896708682e-01
9.712049485581549790e-01
9.784200979893983297e-01
9.417929198038954564e-01
9.908088253061959616e-01
9.705325277135780082e-01
9.411101293115606836e-01
9.809593079618793565e-01
9.570210461163803917e-01
9.620261744162312834e-01
9.488871780924071908e-01
9.794133411179789528e-01
9.879059045032727582e-01
9.619144230668849049e-01
9.703969170087253238e-01
9.734178012573166949e-01
9.341843255341175656e-01
9.984348959406840196e-01
9.544292282388510129e-01
9.588203217333770567e-01
9.482455406882100979e-01
9.498756073825733726e-01
9.427094900020681623e-01
9.554185842172485676e-01
9.792732898984323198e-01
9.766977486712656864e-01
9.645120471010515395e-01
9.548969072450155249e-01
9.564272754438712942e-01
9.665134957434511342e-01
9.324834524525921209e-01
9.446526711407288168e-01
9.388214927358153883e-01
9.371585124289218971e-01
9.523572811715483866e-01
9.360900211361382617e-01
9.535982968332031851e-01
9.357563988714644454e-01
9.433445057924469968e-01
9.624795116823356977e-01
9.240282186341465254e-01
9.293687965841563869e-01
9.372215245334730715e-01
9.366572749340053017e-01
9.699633516045488291e-01
9.528557850192695966e-01
9.538496158417719695e-01
9.485546487441106622e-01
9.255926175659389132e-01
9.530196023562419461e-01
9.406606008591285040e-01
9.435995985272810360e-01
9.491607147665345190e-01
9.773649456198122421e-01
9.717274919650572551e-01
9.809714973013748951e-01
9.730847937387288038e-01
9.775677992521288884e-01
9.520855911677817973e-01
9.860868040668876455e-01
9.440572056753134822e-01
9.466710914926025344e-01
9.745405313812675052e-01
9.276592972449229091e-01
9.576075028775608011e-01
9.508217456532059852e-01
9.558774910938189207e-01
9.434161313695133000e-01
9.186312015082205296e-01
9.753324865650085940e-01
9.684071831475101755e-01
9.505680983549082974e-01
9.328370623689415941e-01
9.297248090364502726e-01
9.366549117228681887e-01
9.410787611448396817e-01
9.390994967760236678e-01
9.249152261956161691e-01
9.671426378316753114e-01
9.578046619686739760e-01
9.678778761678185072e-01
9.516715864743007236e-01
9.700279368327345830e-01
9.615772026196101052e-01
9.644855498249971237e-01
9.861119640089092142e-01
9.387271285620483185e-01
9.432437633409298527e-01
9.551235597721097204e-01
9.342974010334325063e-01
9.601972838005636834e-01
9.630158000586229727e-01
9.370588292553773124e-01
9.386823470213929710e-01
9.406004973591532980e-01
9.307982711888428407e-01
9.236615172531825735e-01
9.438097818262000116e-01
9.604740577042311100e-01
9.386939537970118153e-01
9.269004634793239772e-01
9.520713382166972050e-01
9.582406875569700055e-01
9.424236838210675593e-01
9.816940559475149097e-01
9.421377647877132722e-01
9.363294297897125640e-01
9.477786239425944892e-01
9.557495976805687743e-01
9.527447305746794548e-01
9.579956270783026584e-01
9.712817638537163401e-01
9.603442859847451940e-01
9.340053051417200880e-01
9.355968912083698630e-01
9.474703784568311304e-01
9.728597614046260444e-01
9.560031762039951087e-01
9.678430431196464179e-01
9.651355571538594580e-01
9.548671642449485519e-01
9.365346737423517753e-01
9.691568542151229870e-01
9.624949945710203902e-01
9.571388573157290081e-01
9.564562974870642886e-01
9.512811708260643373e-01
9.791676517157046344e-01
9.651553034803136422e-01
9.629103695729928081e-01
9.477691867719837404e-01
9.805855510094828587e-01
9.563670570799823745e-01
9.538821127583078097e-01
9.477039378554383831e-01
9.780762231878135093e-01
9.546720219344406733e-01
9.634918314617667567e-01
9.544934785846760361e-01
9.624442609725566422e-01
9.718287994518844952e-01
9.538641912603937900e-01
9.633459749880608491e-01
9.495100869721365688e-01
9.401477386112180312e-01
9.478483692171754127e-01
9.527181920836619300e-01
9.607286953818576780e-01
9.730393560064919400e-01
9.495297334744251527e-01
9.640228936326249443e-01
9.617032091845653108e-01
9.769855245977288050e-01
9.638489285700903020e-01
9.572614541149525591e-01
9.771981462752320491e-01
9.626130687465347391e-01
9.821592205963364242e-01
9.896751197062461092e-01
9.636644197104883292e-01
9.419997560656089286e-01
9.945401079987338244e-01
9.697342161469856281e-01
1.003069688298908968e+00
9.697995598946653750e-01
9.794411045409728844e-01
9.464116257419723510e-01
9.615567594551541752e-01
9.521841433038092939e-01
9.832587087703319462e-01
9.690360859826321338e-01
9.738023890658511483e-01
9.865527626154697582e-01
9.868117874044760596e-01
9.938096606550713696e-01
9.809559119079873657e-01
9.671927388536676329e-01
9.763652035727333756e-01
9.860908485347634755e-01
9.921314068965666477e-01
9.746118417678197865e-01
9.757109098860557994e-01
9.831597300001273521e-01
9.679487255866972006e-01
9.719104515392675836e-01
9.547808213183776038e-01
9.532893996180522578e-01
9.688497470488977026e-01
9.767671924310777909e-01
9.767495391282212669e-01
9.804865055270007845e-01
9.838487251832147562e-01
9.744569337000451581e-01
9.709367115154884376e-01
9.889276324506727223e-01
9.735604695462793945e-01
9.751457828294054497e-01
9.825983073198708562e-01
9.852943288243601883e-01
9.781113457284976720e-01
9.668455950642793617e-01
9.659015179282492980e-01
9.703060409517512142e-01
9.823999275436527956e-01
9.771121149648168691e-01
9.704940965222843552e-01
9.748275318817843926e-01
9.871073794839830828e-01
9.855447322805883648e-01
9.758325917516524894e-01
9.932407670296078406e-01
9.889974188496164498e-01
9.786767713048620809e-01
9.763657179684354093e-01
9.550981006470139478e-01
9.745190442476701076e-01
9.639996635888080645e-01
9.731160677522856517e-01
9.891668198511404109e-01
9.625711258882281296e-01
9.570629776165725522e-01
9.711811041963558377e-01
9.771225994594769926e-01
9.738725693587940713e-01
9.804153740468410927e-01
9.729866451999651389e-01
9.633472282098218820e-01
9.680444994668928604e-01
9.726084425457987015e-01
9.956088796832073262e-01
9.800701419134035808e-01
9.871990962768705247e-01
9.795462302270228072e-01
9.896804675727786105e-01
1.000179638363863477e+00
1.011145403211308746e+00
1.018508451608126864e+00
1.002954227387030217e+00
9.876822190185690076e-01
9.798296559552975848e-01
1.011954774522192846e+00
1.004280530496570512e+00
9.756919165566094732e-01
1.021407579979399793e+00
9.907664393909476619e-01
1.006346366322384611e+00
9.974436289331390926e-01
1.004099831230006012e+00
9.895748290011898707e-01
9.850090311578501012e-01
9.919395806699750073e-01
9.804550650203545104e-01
9.995784737829682687e-01
9.799312180134863715e-01
9.964639163835100621e-01
9.939191657503765320e-01
9.828528725876856109e-01
9.927172983328587108e-01
9.995691520835160437e-01
9.888565489238000383e-01
1.002849431598992203e+00
9.613073910550816725e-01
9.762709335460039162e-01
9.848203270980464552e-01
9.672543189854132528e-01
9.809217372632298426e-01
9.830966540872231318e-01
9.784013542008623832e-01
9.603343650592577330e-01
9.787771251844359366e-01
9.661597119596440075e-01
9.813378126862305484e-01
9.782154923781958278e-01
9.911920963968056109e-01
9.830225976506236085e-01
9.774471577851112647e-01
9.783219589318842280e-01
9.940859907519877803e-01
9.788279684274640013e-01
9.885987913664832094e-01
9.962609514262213972e-01
9.899695722385489782e-01
9.865001489165041715e-01
9.764455374964611245e-01
9.668066910466099895e-01
9.949515514628768376e-01
9.819868390973727212e-01
9.843634353673539339e-01
9.837869419153199013e-01
9.657087345974513237e-01
9.687386257187922123e-01
9.700187773635362554e-01
9.612816352781649032e-01
9.479533189509860014e-01
9.620343509200200982e-01
9.438824466408324287e-01
9.533951223810679387e-01
9.307564712913192206e-01
9.228448902861662306e-01
9.269619172985111843e-01
9.167690591085219110e-01
9.074228971810204269e-01
9.167839748090870211e-01
9.008250426545856282e-01
9.028096991153090611e-01
9.049593102722683913e-01
9.227726201184222043e-01
8.969205563676659887e-01
9.018668818122130837e-01
9.089745678993660372e-01
8.842848366585798203e-01
9.028872789674833310e-01
8.854423646521863978e-01
9.081120115983120078e-01
8.776744590828314818e-01
8.797227664040562223e-01
8.798659501697205787e-01
8.647211495085825872e-01
8.672065197335708797e-01
8.857486681229145287e-01
8.580644576518271505e-01
8.770493021463230399e-01
8.701363502917180970e-01
8.505463614721562315e-01
8.549607260535235786e-01
8.481377799451645938e-01
8.745765230078609287e-01
8.666444667304035177e-01
8.458475610266362743e-01
8.406855238527353169e-01
8.517201442202221306e-01
8.330034910472974286e-01
8.235822550534742659e-01
8.341606917262480714e-01
8.374178994481218385e-01
8.381025200370473272e-01
8.060402112980211697e-01
8.291960601657097918e-01
8.258751071231726915e-01
8.057331013112012386e-01
8.070409428891027748e-01
8.055749288686333553e-01
7.839821831658806417e-01
7.827317567936392662e-01
7.937688836745085963e-01
8.011266579792361009e-01
7.911513696906157245e-01
7.781674315113412677e-01
7.842235484142441315e-01
7.837769376034990909e-01
7.747968617176970163e-01
7.874994176015829295e-01
7.713210933053263885e-01
7.735136788096068639e-01
7.687379159194385192e-01
7.482045947698078292e-01
7.497980995096055201e-01
7.513828718064804457e-01
7.500593444064178605e-01
7.399816912589294304e-01
7.400896382610862023e-01
7.433875450545793795e-01
7.295778114643101109e-01
7.286170940480697356e-01
7.134258892216178705e-01
7.111114907544351382e-01
7.263657451425563627e-01
7.030492755113596504e-01
7.066721230043622182e-01
7.077525126905939157e-01
7.078339722438594661e-01
7.079134469572918587e-01
7.087512486043344717e-01
6.943345679193264619e-01
6.942104520653027411e-01
6.912146587754727234e-01
6.859686464420556851e-01
6.888672420424516440e-01
6.882991611503985752e-01
6.954466375060557315e-01
6.785703898219193064e-01
6.839151016250499815e-01
6.722670402247790111e-01
6.630433469710882433e-01
6.778683047942157813e-01
6.742151207345503661e-01
6.448951801175314413e-01
6.627530438590331086e-01
6.460701862177194998e-01
6.389889433838543686e-01
6.384486249028751281e-01
6.431666576156579440e-01
6.427627429828098871e-01
6.312338009938606165e-01
6.426088048991419610e-01
6.462593183177582912e-01
6.339240164738522143e-01
6.273353535066835684e-01
6.288319988351819267e-01
6.293157392639774361e-01
6.309426149940646766e-01
6.339915184380350288e-01
6.222549602155904580e-01
6.180429709347582401e-01
6.263543065259479237e-01
6.076816727650292682e-01
6.102450841370459234e-01
6.136440680085237798e-01
6.016636775988194463e-01
6.113232700270945230e-01
5.971484570330519714e-01
6.032729158032994476e-01
5.962999766134297053e-01
5.987015090966617548e-01
5.838283657436122986e-01
5.918005872790680355e-01
5.745042580905835861e-01
5.800390532510679709e-01
5.810622418681863355e-01
5.848360991109907703e-01
5.802045112466373000e-01
5.736005910321935186e-01
5.705833761503894541e-01
5.874646652048909345e-01
5.720162620331533665e-01
5.624829061744193170e-01
5.681345858028497009e-01
5.671867165884422191e-01
5.618441841054748753e-01
5.665142458569097927e-01
5.596426331456466619e-01
5.531338123148343833e-01
5.469856309992037202e-01
5.576709161737919418e-01
5.514024196909155240e-01
5.325512585166728430e-01
5.330129513858715695e-01
5.557273888161674558e-01
5.399610317028326056e-01
5.384168462615843698e-01
5.398494046564317195e-01
