4.750358894753356278e+07
0.000000000000000000e+00
0.000000000000000000e+00
0.000000000000000000e+00
0.000000000000000000e+00
0.000000000000000000e+00
0.000000000000000000e+00
0.000000000000000000e+00
0.000000000000000000e+00
0.000000000000000000e+00
0.000000000000000000e+00
0.000000000000000000e+00
0.000000000000000000e+00
0.000000000000000000e+00
0.000000000000000000e+00
0.000000000000000000e+00
0.000000000000000000e+00
0.000000000000000000e+00
0.000000000000000000e+00
0.000000000000000000e+00
0.000000000000000000e+00
0.000000000000000000e+00
0.000000000000000000e+00
0.000000000000000000e+00
0.000000000000000000e+00
0.000000000000000000e+00
0.000000000000000000e+00
0.000000000000000000e+00
0.000000000000000000e+00
0.000000000000000000e+00
0.000000000000000000e+00
0.000000000000000000e+00
0.000000000000000000e+00
0.000000000000000000e+00
0.000000000000000000e+00
0.000000000000000000e+00
0.000000000000000000e+00
0.000000000000000000e+00
0.000000000000000000e+00
0.000000000000000000e+00
0.000000000000000000e+00
0.000000000000000000e+00
0.000000000000000000e+00
0.000000000000000000e+00
0.000000000000000000e+00
0.000000000000000000e+00
0.000000000000000000e+00
0.000000000000000000e+00
0.000000000000000000e+00
0.000000000000000000e+00
0.000000000000000000e+00
0.000000000000000000e+00
0.000000000000000000e+00
9.219137274101764368e-02
0.000000000000000000e+00
0.000000000000000000e+00
0.000000000000000000e+00
0.000000000000000000e+00
3.855300076590616881e-02
3.726802173651853206e-02
0.000000000000000000e+00
0.000000000000000000e+00
0.000000000000000000e+00
0.000000000000000000e+00
0.000000000000000000e+00
0.000000000000000000e+00
0.000000000000000000e+00
2.895776273784150812e-02
0.000000000000000000e+00
2.731513759323420457e-02
0.000000000000000000e+00
0.000000000000000000e+00
0.000000000000000000e+00
0.000000000000000000e+00
0.000000000000000000e+00
0.000000000000000000e+00
4.509012460711465248e-02
6.590104759368931031e-02
4.282183792541313649e-02
6.262702265654183920e-02
0.000000000000000000e+00
1.191821123692148737e-01
3.877013162873423763e-02
5.677061608216607547e-02
5.543489923862971597e-02
9.024295719838514029e-02
3.526739955125973019e-02
1.723295131975972547e-02
6.738284187148266269e-02
3.294275384824302960e-02
1.610938337322682587e-02
1.575919332975918991e-02
4.626089744792045294e-02
4.527666056318628562e-02
1.034215076721625159e-01
0.000000000000000000e+00
5.667375292458918384e-02
0.000000000000000000e+00
5.439566549126506612e-02
3.998084160771255002e-02
2.612611193449478411e-02
6.403462951168925610e-02
1.004660449541070200e-01
4.926703287345521320e-02
6.041080230511317040e-02
5.927100998226489392e-02
6.979580783440632319e-02
7.992055184876771523e-02
1.008696358629560530e-01
8.803172752796679934e-02
5.402850848510259985e-02
7.428923538206665123e-02
6.254949967556107382e-02
3.072608421328097694e-02
5.031955186285150261e-02
6.923279308475292770e-02
3.888534605826191731e-02
5.733943246291144102e-02
5.637576739813849463e-02
3.695746213800456259e-02
4.543326127310611667e-02
2.681308231739986184e-02
1.758473794902406379e-02
3.460223868379153772e-02
4.256076846342633085e-02
2.513112900448008155e-02
6.596099049947819204e-02
2.434888918351188827e-02
7.191418393871359949e-02
3.147014838612286619e-02
7.747424377357332859e-02
3.052016568911501693e-02
6.763775522170674404e-02
8.143453433892301752e-02
5.105425756011304494e-02
1.077931570406005651e-01
7.789434580566538535e-02
4.885074863881403578e-02
1.238088147000539208e-01
4.068004921432226417e-02
8.688991346357484435e-02
1.186146446392198905e-01
7.797048386156504862e-02
8.329487617116844433e-02
7.582707661695717305e-02
3.739418294754191102e-02
6.762328183482872734e-02
1.091609471501667761e-01
1.256450086330201943e-01
5.903322230295690587e-02
6.990160419070631792e-02
6.898185959833903758e-02
9.644687756282105395e-02
1.007940053976544154e-01
1.050208699558418945e-01
1.309572216088193963e-01
8.080562465742140155e-02
1.170147475106926016e-01
8.403118794455259610e-02
8.298081185803292403e-02
8.195000765798697573e-02
1.011728651228976233e-01
1.149212203368107366e-01
8.884155092514735286e-02
8.776469690622197561e-02
1.541463178449111460e-01
9.994705635810671729e-02
8.935177462495189071e-02
1.487063066747388029e-01
1.331796371667935408e-01
1.089285504434690105e-01
1.211196979647543165e-01
1.241535409624842240e-01
1.271095940186598716e-01
1.126579362070743717e-01
1.285127841247064306e-01
1.524728133696570398e-01
1.214452766855676075e-01
1.118064045248424870e-01
1.883685075441402512e-01
1.052927137071697494e-01
1.161513160071955819e-01
1.743035958125729590e-01
1.684906236686238012e-01
1.666691212496254071e-01
1.188648121665993040e-01
1.896670047359148015e-01
1.501194318192282107e-01
1.633839694362566597e-01
1.469674128574155469e-01
2.072356142152032843e-01
1.762942025715500405e-01
1.815884518349660248e-01
1.515256112166570857e-01
1.499715160773373579e-01
1.795102978423770423e-01
1.811049485032300010e-01
1.860407390038896491e-01
1.975652530979542520e-01
1.591237562955981344e-01
1.837971898770306423e-01
1.592302518271888068e-01
1.769669826408566404e-01
1.561158051491445264e-01
2.113819046863895101e-01
1.874594054180120373e-01
1.763658067118183681e-01
2.053138535086463934e-01
1.851387717144056533e-01
2.344802226105784093e-01
1.786597522911379521e-01
1.828734386725577865e-01
2.045313401623182481e-01
2.402492463138143353e-01
2.437496721997390314e-01
2.386516558490080209e-01
2.111179616601632780e-01
1.812902981710056427e-01
2.100344074345701362e-01
2.163404781357599338e-01
2.523745228286599640e-01
2.554794077740414893e-01
1.972202260714397415e-01
2.324381375577579401e-01
2.146648502775213019e-01
2.179545682725120004e-01
2.494681522592533396e-01
2.880682779665098003e-01
2.880794263835830260e-01
2.454937856771353399e-01
2.582684124060303232e-01
2.585039164847817150e-01
2.269952967232435337e-01
2.419948148853734715e-01
2.879223564361390042e-01
2.497970572401505274e-01
2.901500625173240033e-01
2.666597551719676051e-01
2.365937473502774113e-01
2.576243152510725443e-01
2.897032905277832082e-01
3.121940990196473420e-01
3.365484943772127924e-01
3.515920445051569643e-01
3.730000298199587783e-01
2.889687185513575840e-01
3.018289213275464067e-01
3.833976964434426815e-01
3.653618792578355867e-01
3.327656314642387647e-01
3.910906212908483726e-01
3.212363362879261941e-01
3.787112891897306821e-01
3.818888231500133235e-01
3.544488816498340134e-01
4.082719098168358096e-01
3.549592283743761012e-01
4.158835742311484673e-01
3.336918213368845754e-01
3.703113613199226495e-01
3.985826283741057408e-01
4.109757361206390902e-01
3.772138061625711636e-01
3.724558545598665726e-01
3.281541284931057123e-01
3.874550051059291178e-01
3.139585123362204633e-01
3.798390719009027694e-01
3.276004149150149036e-01
3.869386038796452931e-01
4.111310787199454198e-01
3.508297441733121413e-01
4.282171297896982809e-01
4.109805510309894605e-01
4.237509475515595092e-01
4.363254371950746613e-01
3.693205919017030769e-01
4.351988769380245592e-01
4.167692927476628340e-01
4.729055793489190807e-01
4.712166451619093643e-01
4.628795936686681545e-01
4.513420358022920409e-01
4.448803342444783704e-01
4.124164948356320859e-01
4.888490415398881184e-01
4.468642345452848441e-01
4.693012259834215549e-01
4.549569682208606802e-01
4.990478495481890375e-01
4.971814446307301627e-01
4.953288606780966719e-01
5.042850381167496288e-01
4.457145914679589982e-01
5.446186450459790107e-01
5.031637472813419443e-01
5.132828967165510292e-01
5.575422038158278637e-01
5.227163956755345176e-01
5.501207666079468428e-01
5.187038766802900547e-01
5.849389070394542811e-01
5.118676626993611256e-01
5.328508346593072709e-01
4.909356894313780528e-01
5.188284009233549154e-01
4.803361329160779625e-01
6.125681207361266534e-01
6.113759725649751120e-01
5.027495310424574537e-01
5.378354945817477306e-01
5.643026840825592361e-01
5.525904668248192708e-01
5.839750501298679453e-01
5.669278067239922336e-01
6.084068415093586424e-01
5.874454751416798848e-01
5.942217292037187404e-01
6.152086099572400268e-01
6.061934750964591556e-01
6.242525764379447395e-01
6.369696432707875333e-01
6.558601611839818268e-01
6.719837754032625954e-01
6.803784944109240174e-01
6.077122473279027437e-01
6.819701758679893588e-01
6.322963388513956895e-01
7.018128301296610028e-01
6.428727170369330501e-01
6.776416582160089686e-01
6.207312964885773887e-01
6.957695567491890554e-01
6.904170009578263212e-01
7.063415417455708445e-01
6.997927758492076267e-01
6.455350121149722176e-01
6.382402969510759805e-01
6.713227842496009012e-01
6.914130329705583389e-01
7.180840971157590458e-01
6.754187286641716303e-01
5.983711777864142434e-01
7.033594878344389123e-01
6.570360783965102369e-01
7.018718312991412134e-01
7.033211683727318420e-01
6.665003958571535936e-01
7.246035631592049331e-01
7.345049898273197098e-01
6.207718194310777315e-01
7.208307673479945610e-01
6.912624223585372985e-01
6.630724932214752121e-01
7.212809537102526924e-01
6.942607978147267156e-01
7.485079300367856181e-01
6.937410476692704719e-01
7.175944454417310103e-01
7.146287180846541132e-01
6.406178519673829674e-01
7.552056177701941264e-01
6.807597825307674100e-01
7.059774085488234041e-01
7.467977436591435314e-01
7.081489514090583137e-01
6.885734684561334307e-01
6.760388182057013307e-01
7.374745188791511641e-01
7.218915287960094851e-01
8.035447785754658012e-01
7.141397343016877564e-01
7.654618657290693795e-01
7.178617253174965906e-01
7.601301395878886646e-01
8.010029574095837157e-01
7.762763023118297578e-01
8.055000671579143345e-01
7.828298902340766752e-01
7.842065171056704642e-01
8.101635183639455118e-01
7.959497980706893294e-01
7.764625597923798805e-01
7.876694970552167163e-01
7.532341604588170814e-01
7.946109056635081158e-01
7.595908186882239788e-01
7.451311027313829438e-01
7.832604861378077432e-01
7.957679170616082098e-01
8.012151767164318317e-01
8.418904441735819422e-01
8.221899619165883299e-01
8.231290204061074700e-01
8.121789993623743653e-01
8.485652990910098614e-01
7.830248129805096324e-01
7.957907739921409318e-01
8.291901914662058726e-01
8.209107609455709165e-01
7.937843662073535977e-01
7.587328797278056758e-01
7.932452100290180441e-01
8.330792329650545947e-01
8.297716562745586222e-01
7.911803127149642512e-01
8.375961328470798994e-01
8.096535681303954624e-01
7.780208828740389215e-01
8.182872899016455648e-01
8.558036186462445460e-01
8.033397683221309427e-01
8.413217450363703609e-01
8.357140650968269968e-01
8.739236169084463324e-01
8.674293044887706472e-01
8.290424566478133972e-01
8.265896543805445473e-01
8.557909594843580159e-01
8.434685243644937103e-01
8.208068543209068313e-01
8.028064009656705746e-01
8.270979634118178492e-01
8.967619418661767483e-01
8.405562704755499270e-01
8.351524954527385081e-01
8.290647583429602285e-01
8.172491638840218009e-01
8.364338977178179535e-01
8.547160651702560008e-01
8.443425512502712449e-01
8.567320236351546603e-01
8.076320848064765245e-01
8.333986967507183152e-01
8.638119578074580085e-01
8.459361018699471657e-01
8.420645475362799059e-01
8.520060157455153771e-01
8.440073371312730721e-01
8.203620382637900610e-01
8.553997585559928174e-01
9.198951931206189592e-01
8.793550682169903876e-01
8.626488158299993048e-01
8.607751045990461591e-01
8.708757364430189662e-01
8.385211111094216241e-01
8.980284386029468990e-01
8.612319752490393832e-01
8.998500405244999056e-01
8.724554122353485042e-01
8.718311923324215673e-01
8.956904643085035200e-01
8.680076086569283866e-01
9.280644951093779405e-01
8.750280823343504766e-01
8.958910473225049076e-01
8.844143804942311560e-01
8.937408968944319243e-01
8.848558872390041019e-01
9.220813926158782925e-01
8.945489428684930688e-01
8.826661760580200022e-01
9.353642180633533476e-01
9.099380398760182898e-01
9.224728424715161745e-01
9.354982035030893206e-01
9.387446860120792769e-01
9.569829544703256641e-01
9.301653370059151937e-01
9.530365112501536506e-01
9.323803718711447530e-01
9.248920540088955144e-01
9.427637558030922404e-01
9.247298970416321096e-01
9.080063470225037126e-01
8.681706953641699087e-01
9.362936995042758781e-01
9.081815296678950045e-01
9.376811077794595661e-01
8.960652013063593602e-01
9.196638415525509869e-01
9.294575327077634341e-01
9.459352222394808996e-01
9.240481257612492838e-01
9.465541846394067704e-01
9.170236883341155165e-01
9.054929283131192275e-01
9.410458032171616916e-01
9.427112965000519207e-01
9.399681495823014599e-01
9.383318535753405465e-01
9.160305599472481353e-01
9.036537973335094787e-01
9.259020334353773585e-01
9.033597632099001906e-01
9.334441157886920193e-01
9.531509658986159206e-01
9.291547940009167172e-01
9.476486961052400515e-01
9.449190939216829399e-01
9.836480779756706649e-01
9.515205332018294992e-01
9.748082118969478849e-01
9.642084987135687291e-01
9.469724929665779278e-01
1.015239723394178784e+00
9.543795292198585800e-01
9.542013931303175989e-01
9.489346304604109328e-01
9.948358272655805079e-01
9.788465516547848466e-01
9.865840737491441415e-01
9.482190483579610030e-01
9.490225749608425243e-01
9.572603008312196016e-01
9.772971833840456979e-01
1.012937760525324693e+00
1.022285281723685602e+00
9.635979793761627610e-01
1.012009143054960258e+00
9.717458284096665011e-01
1.037623541798284421e+00
1.002369204122758983e+00
1.006224439684078265e+00
9.894982292331779838e-01
1.038576182788620184e+00
9.905442384251723631e-01
1.062379879136712724e+00
1.007546511253451182e+00
1.007971027236601369e+00
1.012588769271867140e+00
1.026470920479042093e+00
1.011500882034685356e+00
9.606126101993301969e-01
9.915364687248242603e-01
9.947195412767869671e-01
1.009289384550758450e+00
9.564046211220499361e-01
1.003633359777513778e+00
1.008052530214848641e+00
9.863339880079667887e-01
9.531124584971960578e-01
9.442484005311825301e-01
1.008872128273564206e+00
9.803465060331034708e-01
1.007686234139261172e+00
1.009290490136126373e+00
1.013069149067353791e+00
1.015939715094139828e+00
1.015735115650364673e+00
9.825565339802765363e-01
1.026116156085260300e+00
1.025857133669591414e+00
9.916929390843775005e-01
1.006083849916884265e+00
1.008009860185073769e+00
1.030292197029382351e+00
1.019838102348126885e+00
9.753119636449836261e-01
1.009633165982185776e+00
1.016920803299502962e+00
9.799483557844385073e-01
9.922631473395663315e-01
9.498300420541586631e-01
9.897953530111504028e-01
9.879485402482799383e-01
9.918441578115397839e-01
9.842754536463117487e-01
9.779741805505453023e-01
1.023600449636960619e+00
1.020425399621863294e+00
1.016461150133452396e+00
9.956697594111849625e-01
9.938056073616793329e-01
1.029395435897722866e+00
9.797762716427864671e-01
1.000914382360328814e+00
9.986397512132583199e-01
9.944103847034845289e-01
1.005474262060366275e+00
9.676819268233149973e-01
9.764167948593859281e-01
9.924491078076316253e-01
9.844217324488162557e-01
9.795224101644757209e-01
9.558558316346972283e-01
9.839503625070042947e-01
1.009943743482810019e+00
9.757664791543817495e-01
9.754915226119762472e-01
1.000102269024053969e+00
9.922191589381808008e-01
1.011727440096107156e+00
1.007580046678539398e+00
1.018337315034130830e+00
1.007509465319504249e+00
1.021509976105905437e+00
9.794232765263416463e-01
1.033061345743539361e+00
1.011328879432522809e+00
1.015991893910605404e+00
1.031158979040657009e+00
1.022672844660930336e+00
1.003766230524278047e+00
1.006931230003877742e+00
1.056699563320155022e+00
1.032488018358606263e+00
1.030878934236907130e+00
1.025012835219726304e+00
1.011037498928499145e+00
1.019024588938941100e+00
1.019568541688318009e+00
1.027465107846169845e+00
9.982673438254775489e-01
1.016619367545937402e+00
1.011588269538602258e+00
1.028729951859645775e+00
1.003677019879203547e+00
1.016941447337063709e+00
1.035255517610552900e+00
1.002892043510480669e+00
1.013292005359108350e+00
9.886622916471149436e-01
1.014593280631191918e+00
9.958392066325797432e-01
9.731657581737898077e-01
9.700665067905519523e-01
9.987137448045807497e-01
1.037495885400598894e+00
9.897325660943913084e-01
1.062696451260521480e+00
1.006899553738305420e+00
9.955040620206545565e-01
9.933518109106770355e-01
1.020937876996025118e+00
1.048671488855593026e+00
1.023956992185667714e+00
1.052792216720424667e+00
9.704588838375993731e-01
9.944469568700702311e-01
1.001288133111429612e+00
1.014793956562161314e+00
1.002402226544248709e+00
1.004058598238737998e+00
9.990501233304983630e-01
1.019637669207229980e+00
9.903702941030739781e-01
9.826123102876798132e-01
9.905357647545228739e-01
1.001523959782514739e+00
9.614605934273948717e-01
9.597554403186708827e-01
1.019228458133633275e+00
9.960958335621170612e-01
9.724853806984139482e-01
9.912604844480167321e-01
9.867215216262406052e-01
9.679045273997713972e-01
1.004104249424500939e+00
9.817101537012068446e-01
1.001358503265165956e+00
9.631660232735886895e-01
9.950310687668293408e-01
9.654446933171904055e-01
9.875698567460697852e-01
9.893608888601636009e-01
9.795878138272103852e-01
9.937833167382618127e-01
1.017897950049706735e+00
9.544064952567715698e-01
9.977982983570935493e-01
9.624499458574213850e-01
9.555217744814222813e-01
9.805317874387958765e-01
9.735826472430898493e-01
9.747426835783195020e-01
1.004349151369184678e+00
9.718707273374127542e-01
9.518666838545335462e-01
9.684458034834967366e-01
9.891848648327885574e-01
9.851552651907030667e-01
9.718249654834533180e-01
9.816595474870913884e-01
9.981713584081047808e-01
9.815473300686949898e-01
9.862310013581917501e-01
9.778014534788043166e-01
9.857909667391174802e-01
9.762962675212235597e-01
1.018450896619219614e+00
1.011384668733642744e+00
9.728059527096206693e-01
9.855988343296580023e-01
9.764930967215136315e-01
9.862022246662995872e-01
9.936820870959661711e-01
9.843487243439466017e-01
9.629302560606768369e-01
9.626029047814543826e-01
9.732663204026331671e-01
1.000173795681476241e+00
9.922670872284001797e-01
9.881229528481954016e-01
9.712741947118913588e-01
9.960175331404154120e-01
9.939946936206097705e-01
9.620148995201096565e-01
1.002290251563664469e+00
1.000516343187529911e+00
9.987484407785772733e-01
9.954270989412015158e-01
9.851227256236454455e-01
1.028888077313329541e+00
9.796230988769955017e-01
1.001306377978104623e+00
9.754508625150777323e-01
9.668591698089848974e-01
9.539786490675254971e-01
9.833569327490675471e-01
9.704945932113978602e-01
9.582051627418832762e-01
9.522814131987122899e-01
9.727799498456474181e-01
9.475396491337982896e-01
9.589319457350763409e-01
9.675158162487456082e-01
9.758003620539956735e-01
9.753583119497697407e-01
9.588436371200637076e-01
9.727444760105043997e-01
9.959102265108716878e-01
9.755397483247066903e-01
9.922059672427585575e-01
9.534122850028966534e-01
9.508250076646275195e-01
9.987050488112229063e-01
9.865671488232623521e-01
1.000789681805400733e+00
1.009638218959775680e+00
1.015075825701864387e+00
9.915222079628350782e-01
9.900502340336153617e-01
9.816794084061304382e-01
9.968527428704274662e-01
1.016439873920067960e+00
9.778297942359708284e-01
1.003008146388690625e+00
1.033215987019589610e+00
9.857227227549922866e-01
9.917453089323163828e-01
9.828200261992633413e-01
9.927620363833331574e-01
9.783118062027962303e-01
9.812715060118113453e-01
9.710708752771693986e-01
1.006218899168121350e+00
9.980634411747765222e-01
1.012820509804738256e+00
9.914520540661717618e-01
1.032080713274039940e+00
1.018936399785401070e+00
9.986144663481055783e-01
1.010225885540177337e+00
1.005336627751973078e+00
1.000918573623049257e+00
1.016678986323088729e+00
1.009790136153266626e+00
1.002710813602520679e+00
1.004110188396082570e+00
1.016582485436941630e+00
1.007098243964271500e+00
1.017065906299706279e+00
1.017960531944073432e+00
1.015995093782378289e+00
9.871208863572207282e-01
9.913494474324536787e-01
9.916343952099693215e-01
9.999489533577575751e-01
1.002586380759351137e+00
1.006503248039288811e+00
9.907879353715532966e-01
9.940635985896394411e-01
9.857425569305805491e-01
9.896494943740411498e-01
9.858547265695667416e-01
9.827142942401934089e-01
1.013541086937439717e+00
1.008858379343257283e+00
9.904718127761308333e-01
9.959737954727135856e-01
9.718237832714230473e-01
9.827870320399160198e-01
9.903476838067556409e-01
9.672181590604095325e-01
9.849644833395491128e-01
9.866449556085515882e-01
9.839683239846758189e-01
9.986409381210339387e-01
1.019414229931014049e+00
9.971548794616016398e-01
9.766422492752580009e-01
9.973061518621749721e-01
9.909550666855284629e-01
9.762949770658513327e-01
9.911175303817796323e-01
1.024479574528785353e+00
9.680539576707067884e-01
9.912348636229142418e-01
9.924057105941967993e-01
9.879577980003640958e-01
9.761338096630364225e-01
9.821090940586575391e-01
1.024447748430252991e+00
9.977325587895581327e-01
9.952901302464007838e-01
9.531739810901077581e-01
9.650263074540170738e-01
1.006876939356417866e+00
9.726745324783629965e-01
9.939644390002770891e-01
9.720456501151922835e-01
9.827218274555612476e-01
9.902379706206962950e-01
1.004685088736307463e+00
9.819746293075084509e-01
9.867319990907822413e-01
1.004726636555193675e+00
1.005373696497849245e+00
9.907112147957091164e-01
9.885205326802681824e-01
9.850048798150528029e-01
1.000115339881797460e+00
1.006245755959822796e+00
1.001759347437980452e+00
9.993656583811713068e-01
9.969805386116189494e-01
9.720846126192830283e-01
1.007961845810161794e+00
9.917438786127148465e-01
9.901334953899901814e-01
1.016968120244267748e+00
1.015485458937611218e+00
9.844063230446201684e-01
9.929685545237976196e-01
1.000198687039930201e+00
9.873690248893370880e-01
9.676330047774063248e-01
9.766918445956003225e-01
9.674651363550575978e-01
9.522738849807168560e-01
9.600262665159080555e-01
9.508952917876505317e-01
9.553568479735964347e-01
9.109398796240022467e-01
9.282384827699513563e-01
9.346877374101963953e-01
9.450428662454308792e-01
9.339149444921998056e-01
9.297855036800323214e-01
9.480723167843437826e-01
9.338145008025976468e-01
8.829910620512332331e-01
9.242024949815305090e-01
8.963523313194599051e-01
9.136148065351676895e-01
9.039707703389912030e-01
9.092369487041094267e-01
8.884732787505091878e-01
8.855625688609816137e-01
9.109789602189651836e-01
8.998792946308685758e-01
8.867529556057057727e-01
8.881766623745992462e-01
9.014688410522990747e-01
8.710756048277121799e-01
8.797151298779199990e-01
8.816456053869659026e-01
8.608789022500291654e-01
8.633493955153385135e-01
8.447513596841248473e-01
8.745185375797770444e-01
8.427904666079217844e-01
8.494869750614026938e-01
8.398290382553601496e-01
8.243363680058661824e-01
8.432511381736977896e-01
8.368414349762715032e-01
8.076124637216908209e-01
8.252666165174463719e-01
8.189339375486370809e-01
8.114680756089931446e-01
8.256838021793598825e-01
8.243333984584750862e-01
8.335169851879516978e-01
7.960347843483521757e-01
7.985206559352373556e-01
8.139048366186171224e-01
8.184559491534464382e-01
8.018326094656887948e-01
8.182377724489621196e-01
7.909932053856251200e-01
8.215693821456988566e-01
8.026587572748179467e-01
8.023351427392271251e-01
7.856335999969035200e-01
7.725282840558702624e-01
7.749848242916099750e-01
7.828518779846540543e-01
7.774726465205603620e-01
7.729091540286232576e-01
7.517256769994417054e-01
7.821773899739741243e-01
7.545941121315742350e-01
7.556226910867324120e-01
7.676404504062444012e-01
7.529589573771666711e-01
7.510075201152656144e-01
7.496870052095431225e-01
7.577134047414292306e-01
7.472132244344302787e-01
7.369118093436483052e-01
7.271173542972143578e-01
7.118061616994899587e-01
7.265968020013653383e-01
6.929047079154371236e-01
6.914113793822387333e-01
7.269595492010640925e-01
7.235636160715007703e-01
7.075324796518579484e-01
7.228928203958390197e-01
6.972175130221383021e-01
6.963301786364944901e-01
7.014884504250316066e-01
6.754152826506394369e-01
7.079731908826768505e-01
6.774905374638492406e-01
6.830881350624908865e-01
6.781966865562392144e-01
6.804843388469963283e-01
6.567125387959094063e-01
6.724008135614060189e-01
6.606010789259472160e-01
6.605341075354835834e-01
6.524960730746324211e-01
6.428704525432621386e-01
6.629714763485288209e-01
6.539480602590330705e-01
6.607668862891648009e-01
6.552881000729920968e-01
6.372976930197998824e-01
6.327608036226903820e-01
6.333208727596782994e-01
6.295326065495340240e-01
6.426672976767857648e-01
6.419010709099421952e-01
6.142247330423519225e-01
6.432462793617880203e-01
6.290078676227029986e-01
6.309881749038146470e-01
6.243957456291762131e-01
5.957538304920138028e-01
6.209534752012404457e-01
6.176808693877237078e-01
5.968696555272927640e-01
6.185170615282139517e-01
6.097685531902291567e-01
5.990855515520928654e-01
6.000962984993646332e-01
5.858324239845346115e-01
5.888208888748718284e-01
5.954230550680537082e-01
5.765191993667100334e-01
5.786710754824082592e-01
5.840019150663782188e-01
5.918003413060156648e-01
5.708439419874244969e-01
5.754654924334348109e-01
5.642519814280523294e-01
5.534947203332543086e-01
5.655157849555828564e-01
5.620415782509333713e-01
5.413932381088794044e-01
5.593519509851618832e-01
5.652816861610850951e-01
5.492227534121618682e-01
5.433753746821402553e-01
5.483528429090479550e-01
5.555999461737302081e-01
5.360543097220835662e-01
5.190021923871722676e-01
5.341639518916975193e-01
5.368320284796889164e-01
5.322844492689190465e-01
5.257569988816802597e-01
5.209819704837279630e-01
5.270985022148230170e-01
5.196910299297632374e-01
5.016141991156275459e-01
