4.750358894753360003e+07
0.000000000000000000e+00
0.000000000000000000e+00
0.000000000000000000e+00
0.000000000000000000e+00
0.000000000000000000e+00
0.000000000000000000e+00
0.000000000000000000e+00
0.000000000000000000e+00
0.000000000000000000e+00
0.000000000000000000e+00
0.000000000000000000e+00
0.000000000000000000e+00
0.000000000000000000e+00
0.000000000000000000e+00
0.000000000000000000e+00
0.000000000000000000e+00
0.000000000000000000e+00
0.000000000000000000e+00
0.000000000000000000e+00
6.277305066020041346e-01
1.141410481362841400e+00
0.000000000000000000e+00
9.554232574835580527e-01
0.000000000000000000e+00
0.000000000000000000e+00
7.513698802326810311e-01
0.000000000000000000e+00
0.000000000000000000e+00
6.063333349866950606e-01
0.000000000000000000e+00
0.000000000000000000e+00
4.995696868571326554e-01
7.052879437111320149e-01
4.433313743069888235e-01
2.093541837675556572e-01
3.960811452715198855e-01
1.876198551375038437e-01
1.780004877052230594e-01
5.073070938849357780e-01
4.825654351707749923e-01
7.659842934247400592e-01
5.842909531833382353e-01
6.971711897350125753e-01
7.994292228498194319e-01
2.548923422396155991e-01
2.440475316248273130e-01
5.847009667787916865e-01
3.365034017961431312e-01
5.384084946436730190e-01
4.138377565416950787e-01
3.979229201081454503e-01
1.914543883964523463e-01
3.687286217888094964e-01
1.776609064807827820e-01
1.713165607239757471e-01
5.785712834682985584e-01
5.586225609210496712e-01
3.083931698938835453e-01
0.000000000000000000e+00
3.604262675644868685e-01
2.092803830506198837e-01
3.377285471563822306e-01
5.889157245123712858e-01
5.073748378015394689e-01
4.305009076043730953e-01
2.386577730685566223e-01
3.474584104872863177e-01
3.373878676529665777e-01
2.731240662566841726e-01
3.716033251811360905e-01
2.064466763578599595e-01
2.509887021450731837e-01
9.768225690444044818e-02
6.180040955333969688e-01
3.240148050860150453e-01
2.705136989776568690e-01
1.317889176133747453e-01
5.138106791746337443e-01
2.087358706885540927e-01
6.514629237797500139e-01
1.986169942352394302e-01
3.488962985173708065e-01
2.649030540601348682e-01
3.325761411430931402e-01
2.526550171800581168e-01
4.584303557146506281e-01
2.756996539074859642e-01
6.400729968794878211e-01
2.305762216210708870e-01
4.510176371963572350e-01
5.357590026686003259e-01
3.083751485547242543e-01
5.734470281647736645e-01
4.727367661230260087e-01
5.786105543109768545e-01
3.400085200952711051e-01
4.440930853536925738e-01
4.895120431117057636e-01
6.396295091681400979e-01
5.747169966058203183e-01
5.378371095650670286e-01
4.771660017030213696e-01
4.187279108201480970e-01
3.865904795702858054e-01
3.318844707721192444e-01
4.419959211119798836e-01
3.424824059643185037e-01
2.689588024436244118e-01
2.860745098753638138e-01
4.970125817743958341e-01
2.971272317760644821e-01
2.918684812228892200e-01
4.096401629234463493e-01
3.220129338486723558e-01
3.164611254391930251e-01
4.276960413132828154e-01
2.675572651090478149e-01
2.818506547434431186e-01
3.695376713079223663e-01
4.542871885546236888e-01
4.825872278158060413e-01
4.747404553250474946e-01
4.151853498219549854e-01
3.064068953109012616e-01
3.182958076586219209e-01
2.967947807372294244e-01
3.570813367949514650e-01
3.515453037962109617e-01
1.888020120033683524e-01
4.802922869699005615e-01
3.967224856767560537e-01
3.456695187487537901e-01
3.405103686942993479e-01
4.959060592223124009e-01
2.443067277287449268e-01
2.832238470133101038e-01
3.628549937314328178e-01
4.126547876475505916e-01
3.254078561827132843e-01
3.742575898263109657e-01
4.085207057715347645e-01
4.158010046521429248e-01
4.228393993108955362e-01
3.538243119858245356e-01
4.112948870467942331e-01
4.548747766867451414e-01
4.002167885401921588e-01
3.709148424743995420e-01
3.777748490313920238e-01
3.378239745688592088e-01
4.253456038824002805e-01
3.630578251430275349e-01
4.815232116157160958e-01
4.863638188030661169e-01
3.928323855158379896e-01
4.309202437906403116e-01
4.361022712187739847e-01
5.041367190362754380e-01
3.318900617445262324e-01
5.223790661363220122e-01
4.451160993815276856e-01
4.596389220509678464e-01
4.935148252585035422e-01
4.582809269999217339e-01
5.105586271036339774e-01
4.663729637047245302e-01
4.232029321618466788e-01
4.646607469300089721e-01
6.061363615975894348e-01
4.538235823606672770e-01
5.741396784207052351e-01
6.384400873249493902e-01
5.697446595904280819e-01
5.545682346641819249e-01
3.854998062481073129e-01
4.827823022676945852e-01
5.443554309041885864e-01
4.637431602017761945e-01
6.223728373460961638e-01
5.102136732382795969e-01
4.485395433859846737e-01
4.594817181102394676e-01
4.936673494162757692e-01
5.348381199648808426e-01
3.910644729788635976e-01
4.475693787141341584e-01
3.902714994823701100e-01
4.603996966815011582e-01
3.379912538262479504e-01
5.089488644153185026e-01
4.173078141728725488e-01
4.770670538664826266e-01
4.862428770369991993e-01
4.184833169987728363e-01
5.246699473291598359e-01
4.851760662533045054e-01
4.532175741656012113e-01
4.888414080742593537e-01
5.635069584855679770e-01
4.725740927140761882e-01
6.498544162692836412e-01
4.954580105474289953e-01
4.523719985719521497e-01
5.804534598952141300e-01
5.123378128174839174e-01
5.445136590134287413e-01
6.250722171741095456e-01
4.309356907963319827e-01
4.989721199997357304e-01
4.525594543839202566e-01
5.721596785027911469e-01
5.667873268130506625e-01
5.962216457325384411e-01
5.333283081390123304e-01
5.056636617985637017e-01
5.854419419971542693e-01
4.852516624820139568e-01
5.692468695775928511e-01
4.654962560805246397e-01
6.023821771384363366e-01
5.915773714442396081e-01
5.542933197625580233e-01
6.180123434510172986e-01
5.863429137929856427e-01
5.396430672877637891e-01
7.046127799842852868e-01
4.741180770194725613e-01
6.569575639680627077e-01
5.310150932243050681e-01
5.760796254726641141e-01
6.105005873620965584e-01
6.296659273871282325e-01
6.291236126313154431e-01
6.333658539071408411e-01
7.136345215124826336e-01
6.745904166462863838e-01
5.940772457040274235e-01
7.050716488506596491e-01
6.577963176759559216e-01
5.930340532112271523e-01
5.112232768307076736e-01
5.788055355627268472e-01
6.808633484387931478e-01
5.649613061687834836e-01
5.209672646586188671e-01
6.122823448975643901e-01
5.125816219829898435e-01
5.768295005931891595e-01
5.001581995350163901e-01
5.087874615690873847e-01
5.464643207686220583e-01
6.704381962036148890e-01
6.405236573872673533e-01
6.110576618090162171e-01
5.416135263942022382e-01
6.176074111931391108e-01
5.173153994704824399e-01
6.594196760254588119e-01
6.112465255429820887e-01
5.715686671020009380e-01
5.594884862057303287e-01
5.475754436795468028e-01
5.510275447060772880e-01
6.109845262299811175e-01
5.539865465530383615e-01
5.535519679487852507e-01
5.715453380222446089e-01
5.855958193058713457e-01
5.921566816366816699e-01
5.373018079046018025e-01
5.082943151673504634e-01
5.294437608237603232e-01
6.807838284155695030e-01
6.828361428212823547e-01
5.735976032435033956e-01
5.625536239072340683e-01
6.030499556885985379e-01
5.783158865784350233e-01
5.944504320822004972e-01
5.734518870412311786e-01
5.727146055682538206e-01
5.885043962712609433e-01
5.810770948628640742e-01
6.258976300008163296e-01
5.341193871375857771e-01
6.686220709922608973e-01
6.224802008351658644e-01
6.688942343003951851e-01
6.359469202392653564e-01
5.878035625688473598e-01
5.868827261734308465e-01
5.859607201367477147e-01
6.708023115722989704e-01
6.784235490390074785e-01
6.406008978089483552e-01
5.762600181787901343e-01
6.230731031845390122e-01
6.159441358274594380e-01
7.294989831647722411e-01
5.843966384953527271e-01
6.211633296122610615e-01
6.574318808247587853e-01
6.273261596265016227e-01
6.687440715049777218e-01
6.417562504627282172e-01
6.516189547752075928e-01
6.139021082371414195e-01
6.487422868168419843e-01
6.473113837997171993e-01
6.869374665063567864e-01
6.499029270284802928e-01
6.835765787942168492e-01
6.470065107898256285e-01
6.188898873640907849e-01
7.077489562900804998e-01
7.401599757746372132e-01
6.700685182453365307e-01
7.074841927283052057e-01
6.694601824240185017e-01
7.166627805017981023e-01
6.994478267649939518e-01
6.849692024613539543e-01
7.563789010837270732e-01
6.364598873747639995e-01
6.325552377736319842e-01
7.276921444326726052e-01
7.109547557112946281e-01
6.992975664937566282e-01
6.877685794385333118e-01
7.343403490570216130e-01
7.683332899293741081e-01
7.899715194398860829e-01
7.828688354326195364e-01
7.522551720441185141e-01
7.524657359841282478e-01
7.503302954153260318e-01
8.107505262768500698e-01
7.668203656141250324e-01
7.462851430153605303e-01
7.282533660245787965e-01
7.579318328291055895e-01
7.107758926024009272e-01
6.932262049110022861e-01
7.203330141735089232e-01
6.984860597656777914e-01
7.186344626702448890e-01
7.079493047965611519e-01
6.799947217763588903e-01
7.884338741636984782e-01
7.323945548089005886e-01
7.282332333380223677e-01
6.922550508142678583e-01
6.693406533637313860e-01
7.285574017265006308e-01
6.743573460283170951e-01
7.764604084185698918e-01
7.287681716223285422e-01
6.918602289461275312e-01
6.716838333324087751e-01
7.410527356325621318e-01
7.248441452382727856e-01
7.690410879740129380e-01
7.708063208512924147e-01
7.010458692092140787e-01
7.860951296186270421e-01
8.230625900824068975e-01
8.244504570789151776e-01
7.228276481071289616e-01
8.174821600402285560e-01
7.900092940381209239e-01
7.456135220808481900e-01
7.625329671411625876e-01
6.998215620415065841e-01
7.412409204424663667e-01
7.691105160203676183e-01
7.836442411891911819e-01
7.572795151781919198e-01
8.343211415835998235e-01
7.566469867096642377e-01
7.818344214015930937e-01
7.505473135962914544e-01
7.845004509691243522e-01
7.086522656333074099e-01
8.281177899916148943e-01
7.883172479220564854e-01
8.266347939630765973e-01
7.309989327373420664e-01
7.866785247501614231e-01
7.948187514212238236e-01
8.045956978773973756e-01
8.538566684947835883e-01
7.604496774088403965e-01
8.128225410569790421e-01
7.934483701981140946e-01
8.198041815727648007e-01
7.602889096440073047e-01
7.631480028291930395e-01
8.324303643342713110e-01
8.414940610649835895e-01
8.438770297802804521e-01
8.265842414536906935e-01
8.175960626029019629e-01
7.681713547972872647e-01
8.304950015277725583e-01
8.215898981300555626e-01
8.191493919179316796e-01
8.977596265246914342e-01
8.522587986359927426e-01
8.386606144735073709e-01
7.688153068617420427e-01
8.211789143850257711e-01
8.482156376731077030e-01
7.993658437448776244e-01
8.231568114651126589e-01
7.427814860741350778e-01
8.015810878023722497e-01
7.674707968047664863e-01
8.617314918494040077e-01
8.486319182541851580e-01
8.102792018113511574e-01
8.361421180038686174e-01
8.277543365260270347e-01
8.209075213303247409e-01
8.170444342581827391e-01
8.321542709102234259e-01
8.253555260634565238e-01
8.604802179582543564e-01
8.737129979389259837e-01
8.624975033050202855e-01
8.727322699284905116e-01
8.516864630371673295e-01
8.943013941167806680e-01
8.031278747567510701e-01
8.818945788690871757e-01
8.402867125094740652e-01
8.267471606544603002e-01
8.712200096086951673e-01
9.056734132700149376e-01
8.742368223429000107e-01
8.308378346635280076e-01
8.365539237575263520e-01
8.206493402741704690e-01
8.276844550204216500e-01
9.054261784885002662e-01
8.588236311741695994e-01
8.827745271278746308e-01
8.458937867728738569e-01
8.814775691565291948e-01
8.148770477106569432e-01
8.047629001229538170e-01
8.050850550467926192e-01
7.925101605769278024e-01
7.979996353395518716e-01
7.919373137987840705e-01
7.744750342835996504e-01
7.698195017501949788e-01
7.399847991545654979e-01
8.308951122577294957e-01
8.010394290952176366e-01
7.739234604761875413e-01
8.535770076712577703e-01
8.042499070060320498e-01
8.548239099674113106e-01
8.095682211624399827e-01
9.327307591325499914e-01
9.214615048808963982e-01
8.390512245256074308e-01
8.823558543694246525e-01
9.228903132874639592e-01
8.140823737411040373e-01
8.759107810676558525e-01
8.509338018840882922e-01
8.638194903081134468e-01
8.636980927174454647e-01
8.729059669397618570e-01
8.762185506339363883e-01
8.991686885555824071e-01
9.103955284812089710e-01
9.100450125164183390e-01
9.096895251432960405e-01
8.808770366508519301e-01
8.420950023367875792e-01
8.803767364595462830e-01
8.992269970082150676e-01
9.503774764965786659e-01
8.951931908262341642e-01
9.259418751729278085e-01
9.210490959332274796e-01
8.831528848891688765e-01
8.960060655390061912e-01
8.967327475488996447e-01
9.170267887179505140e-01
8.710611676483022148e-01
8.276175491369086590e-01
8.393259212100938615e-01
8.905365336183060920e-01
8.400535434571058113e-01
9.025172714694430498e-01
9.063099724423948622e-01
9.237582971408543342e-01
9.085376732125405308e-01
9.279140640917106220e-01
9.450479033804233264e-01
8.915445199396240250e-01
9.251935898899003030e-01
8.824605800627849383e-01
9.588941785166567033e-01
9.081864523458644811e-01
9.239371592702595448e-01
8.747605273580784102e-01
9.217684693739204294e-01
9.864854350695059226e-01
9.085982214624306330e-01
9.618857378899192678e-01
9.124836741008001129e-01
8.753254390575433419e-01
9.015032933936180104e-01
8.999922021365812652e-01
9.014190877892622744e-01
9.067240740835345036e-01
9.566106758185189962e-01
8.621030850224913333e-01
9.213942562864139152e-01
8.977425279022864801e-01
9.277708541956264376e-01
9.128276624695381702e-01
8.505786001110616779e-01
9.276591698257805607e-01
8.865146396055788580e-01
9.263030765449272730e-01
9.284249127848805960e-01
9.044696116797494856e-01
8.565842080727299468e-01
8.940192672750254532e-01
9.569325552676615221e-01
9.506184631465034451e-01
9.452579841147941142e-01
9.208227476513954901e-01
9.627389914488003742e-01
9.212462186570109512e-01
8.989499443043522664e-01
9.135696072151180402e-01
8.923461121833015097e-01
9.433590974046707212e-01
8.946817977425418622e-01
9.143805152685987592e-01
9.603365313252121283e-01
9.287731309887067299e-01
9.131620282168119163e-01
9.786301964793581165e-01
9.091534624961028488e-01
9.681004151528362911e-01
9.499641385571784280e-01
9.645620246934552000e-01
9.559619944957019610e-01
9.388975532117114220e-01
9.533600812410435443e-01
9.482573303535262177e-01
9.204271231896690164e-01
9.398224270997215246e-01
1.017656019727641192e+00
9.047980109703330776e-01
9.514469952191928481e-01
9.282066455849430353e-01
8.952234987040947889e-01
9.890830357674395001e-01
9.429975111162379742e-01
9.658079180097238758e-01
9.868253547925301961e-01
9.898544098084388621e-01
9.678126731818070816e-01
9.354532810196123371e-01
9.610742259378726171e-01
9.737201998775650846e-01
9.783058907118984404e-01
1.008258880292692172e+00
9.660033783820695108e-01
9.760698027020848766e-01
1.030060587288076812e+00
1.002241729335451748e+00
1.026108475035668155e+00
9.891501295738031052e-01
1.039235605432909715e+00
1.047267483959085643e+00
9.913545988470477965e-01
1.061614933377305503e+00
1.009843414933672801e+00
1.046792881948496179e+00
9.771874728692842016e-01
1.064685297209202908e+00
1.000756428326718073e+00
9.966295930302606632e-01
1.083912060816011547e+00
1.030995869197787185e+00
1.049857722213913602e+00
1.001105477807014754e+00
1.003669937941916279e+00
9.819034949928970857e-01
1.050577813959298945e+00
1.063179410356451582e+00
1.034122373813676665e+00
1.063401309794520522e+00
1.059155659951375839e+00
9.971673179540094800e-01
1.008989593234951521e+00
9.934708564654590734e-01
1.084575988045044515e+00
1.060348766008936794e+00
9.673790039756603454e-01
1.036422207380069738e+00
1.045736462300055791e+00
9.790255360250081917e-01
9.786406585501797872e-01
1.006203187508245556e+00
9.708980540985834295e-01
9.892719022571041521e-01
9.992179829021604620e-01
9.987484683252810802e-01
9.865889621442719415e-01
1.032753448016525910e+00
1.067003236750857287e+00
1.000253449624670887e+00
9.997624131553785043e-01
1.043245361609353550e+00
9.488694054676458656e-01
1.035250728862446179e+00
1.014531158949574463e+00
9.919342018057305532e-01
1.036726307933593327e+00
1.030785379216648368e+00
1.005027719895423166e+00
9.774490310939015769e-01
9.973769315169612737e-01
1.013897466632682320e+00
9.943757395930926668e-01
9.730177417129567408e-01
1.042682634648167461e+00
9.895839899314738952e-01
9.832656054576315308e-01
9.911316603515217816e-01
9.579090030956753932e-01
1.036744082442460302e+00
9.787259261141824096e-01
1.009992760395541644e+00
9.954673690015926057e-01
9.917589011005180089e-01
1.000026094030967538e+00
1.024550111235768446e+00
1.002633457384678017e+00
9.752346613162825584e-01
9.797028123835946900e-01
9.872376867663514854e-01
1.006460842184712545e+00
9.824452745919778351e-01
9.757655654576530280e-01
1.025444909524317660e+00
1.007679775475863737e+00
1.005838554646947269e+00
9.979373705031414632e-01
9.701205494239357741e-01
1.011810643854846870e+00
1.001544421598375312e+00
9.913354472955475671e-01
1.033170524751687136e+00
9.710877374345611157e-01
9.747096349216447519e-01
9.777132908223604701e-01
1.032061532424500605e+00
9.966043572992158150e-01
9.936338547108305441e-01
1.002379821944239469e+00
9.871491327206504129e-01
1.015049492396637998e+00
9.975427723459565632e-01
9.674136745057133613e-01
9.564841375810250179e-01
1.009997155177753569e+00
9.743527286859057224e-01
9.880594125150520268e-01
9.686338705830696005e-01
9.709063274608931149e-01
9.663639152006183730e-01
9.923427775943586271e-01
9.320046580163294792e-01
1.003967342606064239e+00
9.668926181977183232e-01
1.002600501992529702e+00
1.001916679302041979e+00
9.967925470767797780e-01
1.032645518559623499e+00
9.739290771573007044e-01
9.969781248578013511e-01
9.962994832966201031e-01
9.841326834213239838e-01
1.002032666349014889e+00
9.991573952504949618e-01
1.019615474270207045e+00
9.874950903935219015e-01
9.873699364730724737e-01
9.877791850775886617e-01
1.021961509212256036e+00
9.548953775815415268e-01
9.692429911318601876e-01
9.542660036368022514e-01
9.923818265986061871e-01
1.004904472095485835e+00
9.967945048132446084e-01
9.866237335024182764e-01
9.649748265639866984e-01
9.570335770457227831e-01
9.720666037127925208e-01
9.558263250725136384e-01
9.572953214641456432e-01
9.856284319086268120e-01
1.001945226817463341e+00
9.595750005983872954e-01
9.727906639519832144e-01
9.649736220403949405e-01
9.847194646956051178e-01
9.525079595406590327e-01
9.726784662838187101e-01
9.745369816681500597e-01
9.592431690845963921e-01
9.676559073679928957e-01
9.935639258083028835e-01
9.508374392088191351e-01
9.846187533763453015e-01
9.674994403960138767e-01
9.722859279178598380e-01
1.004237609483544347e+00
9.659903198814887570e-01
1.019415056123093466e+00
9.916260213264886936e-01
9.630062722264239872e-01
9.828261346227897821e-01
9.611882167781433672e-01
9.925412852434374322e-01
9.801791098476150266e-01
9.871798304479648678e-01
9.700796697132698654e-01
9.919394598143861375e-01
9.725183150157999945e-01
1.005225327863107809e+00
9.896738311044649405e-01
9.656564704426825463e-01
9.862718729495378867e-01
1.013384659800345311e+00
9.649956406087289995e-01
9.835589746095808605e-01
1.006236082497651285e+00
1.018977744349015779e+00
9.873814213353593328e-01
9.559491285223301604e-01
1.009036657763779710e+00
9.989708900453005969e-01
9.926431931235758510e-01
9.817470589332375486e-01
9.828290956849952131e-01
9.656053895848762947e-01
9.981961380417037066e-01
1.015141913646157912e+00
9.816209714311471268e-01
1.017072693600348021e+00
9.895837961427516039e-01
1.026173842886165311e+00
9.610731854652547757e-01
9.800710364369638050e-01
9.721609070235233130e-01
9.629517447629887261e-01
9.222312216556090014e-01
9.854500322843566806e-01
9.727308976558457498e-01
1.000646927703867206e+00
9.795900821779972567e-01
9.617096022365521080e-01
9.793640745678522386e-01
9.751005030304638055e-01
9.591008383196373277e-01
9.887757324419134131e-01
9.931737843998719173e-01
9.681683908910141412e-01
9.855178165739463259e-01
9.799949853423296497e-01
9.774981841842617092e-01
9.429381854002024665e-01
9.814906646577039595e-01
9.858070449804845481e-01
9.620887438306252593e-01
1.003254430305472900e+00
9.745386436597567315e-01
9.548094109645302030e-01
1.027601951282588688e+00
9.906508568634834200e-01
9.919206801015485464e-01
1.000686137445138124e+00
9.578321001557699166e-01
9.554315197094191969e-01
9.906980663325076764e-01
1.001430630026627355e+00
9.783421716533782231e-01
9.943854171999205738e-01
9.562639425584299468e-01
1.019275764067899992e+00
9.633378756300431389e-01
9.625741170182725570e-01
9.723582468103841858e-01
9.626676803666570637e-01
9.728009940089562546e-01
9.663724655281275000e-01
9.587676953301785820e-01
9.852546481599746553e-01
9.628465372089402008e-01
9.848018391738294630e-01
9.863624165668284371e-01
9.529982098919815847e-01
9.728290104395783677e-01
9.743985870054324705e-01
9.192433508146686805e-01
9.672909975265326921e-01
9.551363458653571170e-01
9.129326989685286886e-01
9.267052780134846790e-01
9.804836304916940692e-01
9.501607958826399081e-01
9.629608789626802334e-01
9.784000989768704137e-01
9.506051410460486517e-01
9.571529359538221149e-01
9.636664121339482136e-01
9.582867231236351646e-01
1.008266460401357589e+00
9.750078422491276209e-01
9.931789350266222449e-01
9.945889748450146284e-01
1.005061052939629329e+00
9.751325314306831249e-01
9.709243399748753722e-01
9.967562150851411173e-01
9.895159017201416995e-01
9.550416419625584741e-01
9.635789317862526460e-01
9.776489662250518187e-01
9.790407512932969292e-01
9.696940467562273902e-01
9.836418678813318994e-01
9.750593975071203401e-01
9.705555918226611567e-01
9.777980090465985263e-01
9.637971912634468730e-01
9.852421090549395855e-01
9.876602057650962774e-01
1.000592987967042102e+00
9.678240728534559523e-01
9.485761282028766228e-01
9.625831412161851564e-01
9.563802970070086618e-01
9.620454153665862762e-01
9.175611669382963687e-01
9.365003484126259714e-01
9.247037757599460006e-01
9.079822268199361224e-01
8.895622465971072534e-01
9.105045508966705947e-01
8.942773127438302661e-01
9.087670670643581694e-01
8.824225491073083294e-01
8.313034941279382473e-01
8.748650457941696823e-01
8.672698315590412488e-01
8.583143864406612700e-01
8.608620015161497774e-01
8.290816890105471293e-01
8.921973045817002124e-01
8.739419408050949079e-01
8.698812318938904387e-01
8.661802184685417627e-01
8.525564525819340211e-01
9.066862050900985626e-01
8.302634246288764786e-01
8.542441653367632837e-01
8.777744483304115164e-01
8.768026714897200202e-01
8.345935093050247389e-01
8.741910249608683126e-01
8.412593389548280731e-01
8.114956412262667174e-01
8.548914382041112869e-01
8.375933555107006878e-01
8.420473217123500831e-01
8.504720063913735473e-01
8.213419816549479835e-01
8.267898815222545217e-01
8.044489364505057472e-01
8.217777340076761750e-01
8.548206170968933870e-01
8.171303298840641993e-01
8.372573273858563425e-01
8.128429522141230601e-01
8.319077027005726821e-01
7.998001229794915456e-01
7.957540755144347777e-01
7.982029065397195922e-01
7.789825899436413348e-01
8.008046751038805366e-01
8.141616369551436527e-01
7.940640279798619749e-01
7.814218593281553327e-01
7.857765036838298967e-01
7.999984555804863229e-01
7.791454458284193807e-01
7.679093825264767803e-01
7.830221052249956015e-01
7.617048488343769463e-01
7.717134273306991421e-01
7.766395016950200514e-01
7.705478863502942533e-01
7.262412483503802862e-01
7.324797006742609362e-01
7.477395817624630237e-01
7.345940044942969038e-01
7.398364780556543341e-01
7.357529515535293774e-01
7.159069517158438423e-01
7.399821226518686901e-01
7.547102752948825488e-01
7.278767973905622135e-01
7.008505084203238145e-01
7.235202338684885159e-01
7.076105032803114980e-01
6.990812977926473826e-01
6.957565874048529109e-01
7.057957758102455514e-01
7.018621339505978218e-01
6.961308633032179394e-01
6.708253366282385111e-01
7.009828346740826222e-01
6.925833831665284546e-01
6.833194100132388149e-01
6.594455853075006369e-01
6.801180066487403364e-01
6.655768019883463449e-01
6.858485761920463109e-01
6.577191994924289631e-01
6.652004851909547600e-01
6.614329358196348041e-01
6.679882760615146742e-01
6.695180795471419311e-01
6.293932397954665747e-01
6.547011032705201128e-01
6.477752137838506119e-01
6.295108109521297957e-01
6.453485827132778851e-01
6.114911388082300281e-01
6.524937461333850663e-01
6.193381258640312526e-01
6.197742010463803686e-01
6.153145193325317841e-01
6.289656213599865708e-01
5.955560114930167348e-01
6.283510516236320287e-01
6.084930903439301764e-01
6.508063113289461743e-01
6.454769292038758932e-01
6.245682150454905379e-01
6.108209333232056393e-01
6.160542770478353303e-01
6.184458849884825193e-01
6.303904638655946080e-01
6.046681600336444307e-01
6.157488893827165466e-01
6.052563011312931396e-01
6.137768295552858966e-01
5.813338493791313510e-01
6.004240904217221786e-01
5.797843846255621436e-01
5.993506574452037716e-01
5.868031430293285666e-01
5.905647761922138139e-01
5.767088009135351578e-01
5.848645290803325958e-01
5.532708521501509269e-01
5.398449105204731202e-01
5.289274545403275241e-01
5.428261269349635709e-01
5.675344285791947829e-01
5.354759260356368733e-01
5.568499585680248831e-01
5.543737168995285236e-01
5.422048641015023707e-01
5.553645140470456765e-01
5.327728733145156159e-01
5.499142183062781797e-01
5.576293080874725749e-01
5.487717509417323614e-01
5.330262224649529035e-01
5.396626328856429788e-01
5.147149199685859822e-01
5.250643836503843254e-01
5.322019779715000398e-01
