4.750358894753358513e+07
0.000000000000000000e+00
0.000000000000000000e+00
0.000000000000000000e+00
0.000000000000000000e+00
0.000000000000000000e+00
0.000000000000000000e+00
0.000000000000000000e+00
0.000000000000000000e+00
0.000000000000000000e+00
0.000000000000000000e+00
0.000000000000000000e+00
0.000000000000000000e+00
0.000000000000000000e+00
0.000000000000000000e+00
0.000000000000000000e+00
0.000000000000000000e+00
0.000000000000000000e+00
0.000000000000000000e+00
0.000000000000000000e+00
0.000000000000000000e+00
0.000000000000000000e+00
0.000000000000000000e+00
2.730014690135567634e-01
7.535204344621825312e-01
6.955870335553002715e-01
6.440865222906471121e-01
1.993668726996316309e-01
1.856230751561196157e-01
3.465058859865684515e-01
0.000000000000000000e+00
4.558583481580086860e-01
9.992250044456422176e-01
5.374082971849875046e-01
8.867387395934605010e-01
3.589236451907937275e-01
3.395272210323739270e-01
3.216616028600123300e-01
3.051698453938361255e-01
4.831910213153853273e-01
4.596255173292660978e-01
7.003885181427718098e-01
3.339091597383010979e-01
5.577847523495272908e-01
4.568558500139349721e-01
1.747983001083739163e+00
9.065399482073412951e-01
7.351156412631263404e-01
7.051151729786163669e-01
7.999897488805646217e-01
1.064245433903848070e+00
6.253610375405432853e-01
4.376475357653559772e-01
7.375204469752512093e-01
6.599399218966475189e-01
6.853249732903914371e-01
7.557497072660979143e-01
6.384804998665678522e-01
7.930789729033135282e-01
9.796025784366592104e-01
1.194658008424406948e+00
8.371932772772306963e-01
1.042223118201000887e+00
1.009656338116683871e+00
9.061041466137790268e-01
6.677729196607719020e-01
6.819377917471437511e-01
7.280704917272730059e-01
7.712383618477818281e-01
8.740719174903657240e-01
8.494518245827268332e-01
9.143422089599865243e-01
8.606064445851973055e-01
8.373482461074843730e-01
7.335182705061218389e-01
7.406687419655629823e-01
7.987279409249438134e-01
8.786680834364467563e-01
9.053630693867048551e-01
1.073590767206162422e+00
8.609355004244768628e-01
1.021546371104318007e+00
8.196996456120406727e-01
8.218105128798323111e-01
7.180036768258188928e-01
7.013066782766700369e-01
8.262529870527994813e-01
7.877808074456270626e-01
9.048423801041257652e-01
8.094389608707565076e-01
8.284707393673714781e-01
7.023997265622152764e-01
1.074999785090305915e+00
9.313922844547674051e-01
6.922810197593940451e-01
9.258562301343552514e-01
7.610366684077357613e-01
1.046880558724373023e+00
1.010190786412388242e+00
1.020448809414357783e+00
1.119674517727469842e+00
9.220854936355495912e-01
8.324210533651785759e-01
6.897286079477733534e-01
8.837111133954969056e-01
1.002512477239508870e+00
8.907147291390917765e-01
1.187374095247839323e+00
8.709888586961338497e-01
9.054562636344148929e-01
8.767929847680332456e-01
8.368790239624429583e-01
9.531216184897518540e-01
9.949256579608791728e-01
8.511071197656947529e-01
7.799174672478634829e-01
7.776958123359452024e-01
8.628096114894414637e-01
7.946185137205262761e-01
8.869664216301973436e-01
6.853834084217590439e-01
9.601499945946638803e-01
8.239588085196867251e-01
8.798729296028263702e-01
7.587868618766470119e-01
7.754637609064958248e-01
8.480577639509103705e-01
7.234995153504587551e-01
8.309964775450147112e-01
7.732554577998764778e-01
7.260339707727068159e-01
7.586332820233407936e-01
6.527486945986361588e-01
7.529942888106050392e-01
7.168332136383988029e-01
7.309298240742858610e-01
8.254659513723199282e-01
8.374294431552609108e-01
7.389118948096885520e-01
8.213378328647837900e-01
7.180250723664630685e-01
6.777882876453197314e-01
7.796937012479410178e-01
7.395747098386419305e-01
6.716016566858603598e-01
7.122599772566311493e-01
7.306722964599652315e-01
6.514909499243825008e-01
6.769348667773734674e-01
7.488678944572940699e-01
8.720932712449460666e-01
7.160871708460535556e-01
8.169501168654841328e-01
8.319386370932366770e-01
7.390836854141173973e-01
8.543277660812240715e-01
9.296361930600663959e-01
7.659037705906807103e-01
1.026366277556304052e+00
8.475776140804107683e-01
7.902209289603776554e-01
8.440587036780854424e-01
1.159188794778505782e+00
9.645516321132201476e-01
1.030872190768282515e+00
8.257720500337228930e-01
8.593964264258953101e-01
8.491656381394894204e-01
8.869142315879204874e-01
8.607349166559753462e-01
8.506679570409189095e-01
8.817900730389643948e-01
8.817309205105134939e-01
1.011853053466538865e+00
9.705775863917196489e-01
8.763222769648529864e-01
8.954624620816001856e-01
8.471135734139862983e-01
8.565786307985285841e-01
9.500189024897432999e-01
8.932397130375567817e-01
1.002434477218224984e+00
9.326240998811508032e-01
8.105346781446721716e-01
9.435220128584066446e-01
8.983203107774698770e-01
8.540312278132448087e-01
8.235005485768125411e-01
8.572231272869194063e-01
8.691948545003763682e-01
8.226980551550342469e-01
9.169223466979402604e-01
9.196280988327115713e-01
9.141746824298028207e-01
1.004446038956190224e+00
8.679494816389223821e-01
8.981896100188763166e-01
8.852513388561084051e-01
8.954887916314415719e-01
7.993960235408584802e-01
8.589582708402349054e-01
7.650370457857538220e-01
8.457521997070003295e-01
8.411017111642364874e-01
8.473183461516838877e-01
8.176683933475952237e-01
8.026960653598513851e-01
8.159905252670718312e-01
7.839019155412014772e-01
8.314051770368684480e-01
9.460324130204179616e-01
8.258682486798584188e-01
9.015946616714877182e-01
8.435481269032752971e-01
8.258694453215255082e-01
8.506917101422878380e-01
1.000483782347441064e+00
8.191813821824573960e-01
9.064513367076094674e-01
8.293585214658575344e-01
9.179943679943073365e-01
8.882104565683642816e-01
9.137486129494709619e-01
7.395653280666740770e-01
1.017212634922095349e+00
1.017106789960921187e+00
9.317263583026142992e-01
9.585143836641358828e-01
8.894956984612907291e-01
8.388180962562995502e-01
8.712886818310016102e-01
7.934374222173611324e-01
8.368370665579818457e-01
8.324502722480342509e-01
7.952027683961544469e-01
7.911826430856828685e-01
8.411198737552472160e-01
8.340516812917148082e-01
7.899599956537597389e-01
8.122936358693977343e-01
7.612342181833539057e-01
8.428473914205505402e-01
7.436012895724578575e-01
8.468606035281270872e-01
8.172462106621987132e-01
7.555610948169582120e-01
7.792224257616542360e-01
7.360145988305224485e-01
7.496373917624034044e-01
8.114641980073910021e-01
6.656255279444240891e-01
7.366279038667233880e-01
7.781060696565873513e-01
8.306403216556772495e-01
7.729086883378563089e-01
7.576309679944027708e-01
7.677781628157205329e-01
1.009704275433871423e+00
7.897918458120858354e-01
8.598490192390710884e-01
8.754804871635890606e-01
9.239242051365358366e-01
9.081449947731735639e-01
8.600024000612626063e-01
8.858418410332582482e-01
8.620683874604543329e-01
8.747189141070679241e-01
8.302605083046743495e-01
8.721942325944118668e-01
9.051794580399639134e-01
8.531620818107827908e-01
8.612082364300882587e-01
9.361246095537356648e-01
8.809120068711827622e-01
8.464892110530515268e-01
8.463152245718364997e-01
8.619000977773989547e-01
7.715001495862029435e-01
8.865030103740149103e-01
8.570084816373768621e-01
8.259948064997533201e-01
9.152801820103803054e-01
9.031435329957350211e-01
8.761461188991397364e-01
8.979420036279346373e-01
8.750134107966920372e-01
8.854490623761495094e-01
7.880864283646519253e-01
8.840849344119923181e-01
9.193683947223935116e-01
8.719535644598186419e-01
7.967737810181654279e-01
8.301087294812772299e-01
8.804761398003577710e-01
8.032249638912567491e-01
9.463056024263085675e-01
8.507424568456554148e-01
8.756993102411266827e-01
9.223030882645566475e-01
8.573188186564771884e-01
8.466128257807309376e-01
7.779721481989984033e-01
7.926111191894966712e-01
8.725205470308713407e-01
8.066273249704278836e-01
7.528862010437933350e-01
8.234216087236366777e-01
8.595366113667192165e-01
7.905986461176800484e-01
8.185550586553462793e-01
8.383153974066400727e-01
8.453735633846359843e-01
7.921057918133294073e-01
7.962659356434884650e-01
8.171266254868357892e-01
7.604503499286152657e-01
8.233903522364623973e-01
7.583791399244896869e-01
8.175412920493283497e-01
8.345889031770536981e-01
7.956262515771485022e-01
7.936021444967467087e-01
8.060857492346403808e-01
8.198409146299160399e-01
7.761323367518702110e-01
8.041042510416589462e-01
8.105021083687095063e-01
8.491418198456245348e-01
8.341986556705444089e-01
7.860885991937156536e-01
8.117088943041427251e-01
8.287733576497776644e-01
8.619849620743645913e-01
8.703807230796325456e-01
8.651844357356279769e-01
8.198460135546070671e-01
9.081971936579860127e-01
8.657572038361275313e-01
8.672293957720080826e-01
8.294221407612534236e-01
8.856840117757799336e-01
8.740397965200967789e-01
9.460685201379477327e-01
8.805046828836464723e-01
8.982699968484636477e-01
8.779193790139233622e-01
8.439733464907411831e-01
8.965629013899282240e-01
8.678357777527916372e-01
8.838622867867750310e-01
8.947823869677220543e-01
9.507202486587594814e-01
8.907252498735146462e-01
8.953462460511003584e-01
8.423073352690620963e-01
9.294460773356462147e-01
8.696627313894234046e-01
8.966592942919934250e-01
8.576399701417606325e-01
8.470416954378959806e-01
8.562720789336167870e-01
7.938488056252642755e-01
8.238997758190917953e-01
8.798558206390347802e-01
8.477962705551459477e-01
8.725105723771374722e-01
8.071363390991989073e-01
8.317782417850906329e-01
8.272699696983611961e-01
8.658709111721012430e-01
8.546123143212690509e-01
8.347216883871757531e-01
8.465466205917698828e-01
8.258061721662552923e-01
8.181764829846972509e-01
8.950999983170906393e-01
8.637579358699583043e-01
9.068028861201915536e-01
9.588542429520582333e-01
8.752834228360160118e-01
9.321369006590471962e-01
8.630220775433194991e-01
8.884037379151832337e-01
8.509682318429283576e-01
8.761257977402548969e-01
8.502785984425907939e-01
8.670819841247510151e-01
9.057933345207634934e-01
8.342004640485757294e-01
9.104299766142400774e-01
8.029341937176844857e-01
8.637677493187496669e-01
8.838415840144940860e-01
9.017528368166919384e-01
8.749026668802619700e-01
8.781959048709199189e-01
9.083006043741466140e-01
8.941931395232650681e-01
9.153483272199524068e-01
8.701458912098484211e-01
8.658060204720947617e-01
8.876895888883757912e-01
8.507078505533298696e-01
8.372349852213326615e-01
8.524534982281879447e-01
8.986909663309543550e-01
8.459109620055497158e-01
8.590173389172169882e-01
8.457806554102730301e-01
8.812198784512792482e-01
8.026609652769777226e-01
8.646604105240053295e-01
8.728796119708359669e-01
8.377966192368360154e-01
8.346366941100786807e-01
8.725482664755751516e-01
8.848788105889455746e-01
9.074622311086332216e-01
8.678319569201637940e-01
8.645562762938916457e-01
8.834740306734475412e-01
8.767407600608905227e-01
9.080736476523413314e-01
8.567091207891115445e-01
9.355186531023673702e-01
8.894840434392032869e-01
9.076994804908987691e-01
8.952071447750195032e-01
8.828214003727598014e-01
9.228553772178356152e-01
9.023006640007074086e-01
9.021726022539364731e-01
9.915141855861738795e-01
9.131247271815059463e-01
9.177122166294462424e-01
9.230430314096019773e-01
9.196099883110926410e-01
9.201375974908474475e-01
8.924196330550419054e-01
8.992920840322605747e-01
8.998762400807438500e-01
8.656348303169498770e-01
8.740481628385562418e-01
9.046088091951164367e-01
8.486474510467304500e-01
9.200571013338318949e-01
8.993008094320966705e-01
9.306758581354491744e-01
8.620629958369672163e-01
8.940534522226742942e-01
8.878597617738759329e-01
8.942868643380418314e-01
9.264234401663510310e-01
9.502031820208500790e-01
9.285074627459011243e-01
9.033591113941065176e-01
9.363080916239315821e-01
8.587368968183728413e-01
8.937281306263358260e-01
8.998405910696061216e-01
8.625168711900325080e-01
8.878103292306968042e-01
9.297953927670525864e-01
8.871839291299771224e-01
9.113227765664936308e-01
9.039321873579270195e-01
9.236191410030097915e-01
9.113929383871824941e-01
8.985756098927036861e-01
8.817547291984905167e-01
9.726912880136320272e-01
9.617870198120958003e-01
9.529924579868169765e-01
9.213967514358492039e-01
8.813522806962482692e-01
9.243325894248793917e-01
8.945566819505982314e-01
9.139603812216136047e-01
8.969728606302963536e-01
9.575064607407323125e-01
9.306666710049087410e-01
9.092444735421436608e-01
8.776285485942384446e-01
9.127031846226184575e-01
9.256408266979307964e-01
9.634131891235093725e-01
9.046669819051077477e-01
9.701174817190018063e-01
9.320280227173557419e-01
9.515080908350859179e-01
9.614206001550458236e-01
9.356656292028535660e-01
8.989217979449715124e-01
9.349076691317476095e-01
9.095477798655270396e-01
9.439579319254630674e-01
9.334307823965687367e-01
9.418666312974831589e-01
9.496205595028788249e-01
9.319218217045729391e-01
9.155607023150629242e-01
9.113135065894926168e-01
9.118701497327041938e-01
9.427497191279723410e-01
9.419782575422226412e-01
9.653995132714984218e-01
9.210351265244512975e-01
9.127253634458433185e-01
9.085558656239652864e-01
9.357789291389511099e-01
9.199659009519570718e-01
9.849561266914047541e-01
9.690603016799268499e-01
9.950260546218867574e-01
9.974278465470158839e-01
1.029877076735548513e+00
9.987619757579545565e-01
1.002788428243416519e+00
9.826586545029956099e-01
9.515018735053853982e-01
1.009072662349535410e+00
1.035146449898350696e+00
9.522057003366751760e-01
1.022850409465626331e+00
9.942884711856310176e-01
9.861396293622561871e-01
1.024826282064607463e+00
1.023111979104974756e+00
1.004127980420000732e+00
9.992631895919459328e-01
9.879984182972926243e-01
9.917570160144376645e-01
9.875038319565782041e-01
9.000997516359728889e-01
9.838221585676433234e-01
9.854095064373470381e-01
9.272565839315369818e-01
9.796556506893091543e-01
9.729006310786000311e-01
9.599721518104989970e-01
9.450680072004421506e-01
9.410664313934429259e-01
9.212050648037732881e-01
9.566137189379713135e-01
9.775156760784311505e-01
9.197149278906102676e-01
9.345277516545675844e-01
9.457050740238437392e-01
9.537875338597008312e-01
9.628037072892791093e-01
9.617967952765525963e-01
9.964858647065684139e-01
9.676894145909150646e-01
9.420475025471396480e-01
9.641542778107725642e-01
9.147529911054846918e-01
9.932668720430397613e-01
9.649641100570582886e-01
9.383077472230964000e-01
9.407369092008219802e-01
1.052096167104522362e+00
1.019656288616893836e+00
9.469323134775962103e-01
9.649437256299869814e-01
9.861340306762953478e-01
1.046304777183126422e+00
9.711957497498601155e-01
9.588801888182407751e-01
9.452455221183643230e-01
9.591309320053097442e-01
9.817158112469175357e-01
9.764365534662847734e-01
9.307028161129631272e-01
9.820164202351659988e-01
9.749458097681309443e-01
9.783897359202208266e-01
9.663781656928466246e-01
9.969439583983563669e-01
9.673673993106789437e-01
9.290086120135030434e-01
9.535536477254784593e-01
9.476012542847611630e-01
9.781248985196741019e-01
9.065718993478741883e-01
9.118584310060483533e-01
9.276601761654107436e-01
9.630751044767734692e-01
9.584887375064348181e-01
9.783095009393051322e-01
9.559012110377874682e-01
9.362336160227701098e-01
9.460000533254505628e-01
9.320713504834695629e-01
9.297892255858266619e-01
9.718878147661635936e-01
9.235542791639440585e-01
9.840279980073307620e-01
9.363883680147100375e-01
9.029529551393311593e-01
9.301509955218352221e-01
9.688714254639331225e-01
9.298104965241558162e-01
8.980649048768440945e-01
9.137216652749895474e-01
9.593928675849352494e-01
9.233241381909429446e-01
9.260208384182279095e-01
9.348234437089627535e-01
9.521151630335481508e-01
9.640117653300626088e-01
9.272768495680827616e-01
9.286822739408391314e-01
9.586108461989922835e-01
9.554883380648047098e-01
9.404014256637467373e-01
9.373481769681920595e-01
9.378803844738266005e-01
9.581767598568265987e-01
9.259120836570940982e-01
9.186033582192916214e-01
9.598997603719574556e-01
9.454923446021594735e-01
9.533525161145672833e-01
9.169395410646709044e-01
9.727738697104596488e-01
9.681243693071416301e-01
9.216249912220477736e-01
9.244340874527764429e-01
9.535599804227995469e-01
9.235160632728129926e-01
9.327268817123635092e-01
9.456558834069649366e-01
9.196761283947700871e-01
9.374399532693555859e-01
9.629527362502063870e-01
9.330422167024673419e-01
9.178303292071127162e-01
9.520558423407714521e-01
9.276237894880534629e-01
9.280433585402929619e-01
9.218397125440034312e-01
9.361894285747840438e-01
9.164748411450532872e-01
9.453088764160787472e-01
9.216860365888130957e-01
9.590020411915808340e-01
9.120237800894063218e-01
9.588413416601690997e-01
9.085583024149214149e-01
9.332859178175161308e-01
9.022673701322393436e-01
9.300514079075566931e-01
9.728900909870995539e-01
9.466115149238727433e-01
9.113367880506670904e-01
9.440022760161768112e-01
9.568723901624947015e-01
9.438488084643482656e-01
9.698467390283269651e-01
9.280789573697266759e-01
9.712406047894611705e-01
9.472861720448240153e-01
9.753484149368931710e-01
9.107572527381326832e-01
9.595829108870743696e-01
9.805336989877042608e-01
9.450071178238049763e-01
9.519921089508833756e-01
9.515079950788813967e-01
9.587598841244315828e-01
9.736786082068502601e-01
9.921827444205353341e-01
9.485579123435425863e-01
9.440810879143509693e-01
9.522212654191420933e-01
9.302375169188512594e-01
9.192523737405394746e-01
9.648315717608568765e-01
9.279253290794472475e-01
9.572008059061555274e-01
9.416904997603570138e-01
9.314616687913080950e-01
9.627240313595374355e-01
9.511943418853401333e-01
9.516353802324311051e-01
9.700394340849606278e-01
9.211423350147319722e-01
9.774836842358743949e-01
9.676481749846038705e-01
9.499362202164653990e-01
9.459217444697591848e-01
9.617930454461477430e-01
1.004924367982334754e+00
9.772597991738170009e-01
9.688203191643073309e-01
9.906626444247104146e-01
9.548719435604934302e-01
9.794106496259364913e-01
9.932972086459975758e-01
9.975471345555223524e-01
1.023586424553748708e+00
1.031088354883543001e+00
1.025099523607293284e+00
1.048389429864694966e+00
9.977168762422200521e-01
9.930727798128770045e-01
9.754609265680079799e-01
9.636681757853489128e-01
9.897872960742516435e-01
9.693260385260886736e-01
9.704825096496471071e-01
9.269492249551746221e-01
9.908832132122029623e-01
9.670777631370242045e-01
9.519672460322343710e-01
9.475408707643031558e-01
9.827877042356234494e-01
9.967455505474920319e-01
9.405209943266363837e-01
9.775219617678571060e-01
9.855577044046922586e-01
9.686341269510652108e-01
9.775091242074441800e-01
9.955494377655794702e-01
9.982612151069619744e-01
9.932193616400707414e-01
9.902012955498865621e-01
9.729508055900369934e-01
9.941479006580836719e-01
9.919908995166789589e-01
1.005383313870229500e+00
9.812197382316542038e-01
9.698305746526851845e-01
1.008947189280024803e+00
9.874752237581929659e-01
1.022421900609090217e+00
1.007138046678149657e+00
9.952600469921836224e-01
9.826132034521680714e-01
9.907111071751543152e-01
9.704377993560970861e-01
9.722100375947096973e-01
1.005969887777908633e+00
9.923546777707936695e-01
9.809852797499816202e-01
9.495960978750053183e-01
9.889946218257272825e-01
9.814927138923150718e-01
9.519576396872327928e-01
9.902196815782682293e-01
1.010337973170505110e+00
1.003645933875625174e+00
9.732861571162534364e-01
9.563630359381305457e-01
9.970049180858309157e-01
9.999150860012046005e-01
9.609130091234860949e-01
9.449755749316050002e-01
9.569006233036293496e-01
9.324246106418266899e-01
9.513528021074734164e-01
9.701784171351861552e-01
9.611516025109592132e-01
9.156960795967009625e-01
9.393595936992258366e-01
9.631537346428756807e-01
9.401102252065447473e-01
9.535329061504573822e-01
9.671379008649707565e-01
9.931470004106540683e-01
9.435821327815960835e-01
9.444309691899619441e-01
9.586642393885940194e-01
9.607235422228445065e-01
9.698075403096196867e-01
9.735762339261402332e-01
9.523140620092978015e-01
9.443782842708315917e-01
9.842495549242882280e-01
9.760181311320068609e-01
9.846573844692640964e-01
9.769543342354020110e-01
9.719963017486034085e-01
9.928519343904167460e-01
9.993876730644964956e-01
9.821816284389232043e-01
9.599407697838866493e-01
9.881406228256315316e-01
9.827254896925237126e-01
9.804794928968422196e-01
9.857220965838552340e-01
9.885281574427892126e-01
9.790725165767435456e-01
9.639138105790793221e-01
9.751049871508883360e-01
9.890962285658003728e-01
9.756808517321141627e-01
9.367243870990855648e-01
9.854619050043972317e-01
9.771007338189030555e-01
9.459530063213043016e-01
9.492274196413091891e-01
9.709796650253713635e-01
9.795415116750249007e-01
9.715164080795827273e-01
9.881624533732580318e-01
9.720358911724145123e-01
9.638486212388381880e-01
1.001603775542447394e+00
9.816424425138504661e-01
9.652196269424306863e-01
9.722302379604805811e-01
9.817159672785086277e-01
9.916078476179517320e-01
9.484892008669608687e-01
9.794944945953374393e-01
9.834297467012168559e-01
9.663595329725441774e-01
9.867323383243897794e-01
9.937558026427341096e-01
1.000742116526756265e+00
1.027130326734578381e+00
9.776040639215581862e-01
1.005248617108529308e+00
9.877284419759605472e-01
9.890985210832520247e-01
9.816294931356264186e-01
9.678076693525513585e-01
1.003476611590768064e+00
9.651186647201012159e-01
9.726337097723845027e-01
9.966848991626022780e-01
9.823255854680611465e-01
9.702027479922892272e-01
9.778391853256852562e-01
9.834922175828991753e-01
9.488181435979682332e-01
9.772956957762829466e-01
9.565218849824181913e-01
1.003026456426918900e+00
9.705450637750347997e-01
9.884690645965843458e-01
1.011828595913893070e+00
1.004768400564155062e+00
9.823043891593999932e-01
1.008457747674125438e+00
9.650422173260141401e-01
1.007692464457381032e+00
9.919143832949092188e-01
9.828941136622737496e-01
9.768319050808537130e-01
9.974153728717495282e-01
9.813830511534166190e-01
9.797057152156878335e-01
9.842288521649903421e-01
9.543215065705469291e-01
9.710047237637395856e-01
9.582828416675128747e-01
9.343650842728676853e-01
9.044325348161379452e-01
9.638311185060175479e-01
9.057236112531776850e-01
9.072731518976557830e-01
8.991061404504749888e-01
9.212385459552068223e-01
8.977737515116449574e-01
8.942969518729808609e-01
8.822179870417024006e-01
8.831861617307373846e-01
8.807569560615796656e-01
9.032101756563483130e-01
8.785058992405485601e-01
8.747105881684015261e-01
8.930642671465636173e-01
8.947692576782030338e-01
8.689229918424988819e-01
8.777364718029541102e-01
8.761287263920733981e-01
8.653431085972232983e-01
8.785815144434965251e-01
8.398275327863103934e-01
8.759576555794402752e-01
8.991434277061950420e-01
8.503605846275809066e-01
8.499807818615797705e-01
8.599849585553078768e-01
8.476848536268074552e-01
8.229944630819711060e-01
8.305023448106847450e-01
8.526489603529373573e-01
8.307692039226577396e-01
8.169538477784787922e-01
8.264821418877005277e-01
8.129228691805973073e-01
8.043219362910940529e-01
8.055351100637037076e-01
7.926698106771892238e-01
7.882836514957117791e-01
8.033401490241395271e-01
7.700593004041461631e-01
7.588664512361387171e-01
7.560705884456276893e-01
7.736493112333479027e-01
7.475548852532361011e-01
7.643338373786732198e-01
7.657729212861211776e-01
7.512395002296456958e-01
7.510495363424484205e-01
7.601758113695015195e-01
7.654320831516397972e-01
7.401060998350076359e-01
7.421128620261647768e-01
7.379519098048882286e-01
7.536839740815679534e-01
7.441033223949061748e-01
7.241280686391224908e-01
7.475013422360666793e-01
7.313637466324223180e-01
7.303082988798886843e-01
7.235486464573266385e-01
7.209096724000237932e-01
7.243179054181916321e-01
7.071559066793702275e-01
7.160567102196732092e-01
7.023353726599893543e-01
6.981778381036023440e-01
7.008873858606938789e-01
6.979745939319054182e-01
6.816050278459294676e-01
6.902618886546698640e-01
6.802455037615614541e-01
6.921668311161676135e-01
6.964055430444543449e-01
7.011436227431703250e-01
6.777152306583666963e-01
6.871218551618263337e-01
6.779183819049324766e-01
6.809335656029074091e-01
6.774288573579865247e-01
6.683000196814408156e-01
6.684138485953793340e-01
6.622316785668295180e-01
6.470776076122928266e-01
6.402862681389033250e-01
6.490729299630296767e-01
6.380863762481248092e-01
6.365704656168950093e-01
6.548788961564395716e-01
6.382465364449797507e-01
6.534609963523209109e-01
6.415719000578672393e-01
6.144085741202927053e-01
6.378832517706853888e-01
6.224484180439925352e-01
6.175037246791409418e-01
6.249653551661682460e-01
6.159129666037725936e-01
6.179165509407896772e-01
6.277885685607980104e-01
6.369629672357755013e-01
6.050731400199184096e-01
6.215936513538568020e-01
6.095601177568672480e-01
6.094324715435719408e-01
5.892046287956852479e-01
6.051309289753681320e-01
5.916113007967469528e-01
5.873282843485264637e-01
5.983334980799908109e-01
5.796135556159269786e-01
5.755380148891160452e-01
5.746733099331159389e-01
5.760430497086782564e-01
5.723144688740491315e-01
5.714580557985975418e-01
5.479445871392384371e-01
5.523575442651923462e-01
5.534373097066889180e-01
5.598660655485627746e-01
5.505508742419443768e-01
5.403314299354675665e-01
5.213870317377742314e-01
5.428200628850966547e-01
5.415608807364510335e-01
5.317491664239881732e-01
5.420043748287488583e-01
5.337787097332258313e-01
5.209463541297787437e-01
5.339356907911274597e-01
5.145304473732711381e-01
5.356239938597798789e-01
5.138372335507815913e-01
5.008624402044821178e-01
5.001602036741121804e-01
5.102844550836131976e-01
5.409078415890699043e-01
5.096048437886651072e-01
5.226772373650994119e-01
5.238994545698012484e-01
5.211913303127854169e-01
