0.000000000000000000e+00
0.000000000000000000e+00
0.000000000000000000e+00
0.000000000000000000e+00
0.000000000000000000e+00
0.000000000000000000e+00
3.561916804373732148e+00
1.338353355489537932e+00
3.126936180798134401e+00
1.669237764411307001e+00
2.049985351157692648e+00
1.709181741141549971e+00
1.446791367234957937e+00
8.269898247814705394e-01
7.168992617360766539e-01
6.274111430727650207e-01
1.107376827797951435e+00
1.230586055918019284e+00
6.607060868872421944e-01
7.929245121042304278e-01
1.076201667300864084e+00
2.119943995681703885e+00
1.191213783161194417e+00
1.092005876054227054e+00
1.255867390770304182e+00
6.955870335553002715e-01
6.440865222906471121e-01
1.794301854296684873e+00
1.299361526092837282e+00
1.386023543946273806e+00
1.377674378474180061e+00
5.318347395176767911e-01
7.851053606358617820e-01
1.410696780110592297e+00
1.773477479186921002e+00
8.374885054451853827e-01
1.131757403441246534e+00
8.577642742933663245e-01
9.663711770804811474e-01
1.256296655420001906e+00
1.103101241590238590e+00
1.313228471517697171e+00
1.126943414116766240e+00
9.163606645742234935e-01
1.065996983365848250e+00
1.128905688199914881e+00
1.290076080141216330e+00
1.035844767234405328e+00
1.025622069787078372e+00
1.046140440843815300e+00
9.164335680838691101e-01
7.674885460724848452e-01
8.752950715307119545e-01
8.428805108288585091e-01
1.066056796909969018e+00
1.150366919451728531e+00
6.612809938578356750e-01
8.893121248141481194e-01
1.101498573476824339e+00
1.000898286663543191e+00
1.112267800946861618e+00
1.076391356499296625e+00
1.158025686890000960e+00
9.535643193324235822e-01
1.105447058868810561e+00
7.732107490808937111e-01
8.865191292712869542e-01
8.108057748780994611e-01
9.479804864378985618e-01
9.989393342747036053e-01
9.859708678192364850e-01
1.091311668758693676e+00
1.032727733502236678e+00
9.210830707182328103e-01
8.693549872665148337e-01
9.787408375973510877e-01
9.533204456200942145e-01
9.414300893961929928e-01
9.175977054594981475e-01
8.469438274626391872e-01
1.140157824886469440e+00
1.089649462511272482e+00
8.196996456120406727e-01
1.189462584431336234e+00
1.224829801644043981e+00
1.031333350406867799e+00
1.037854361785833346e+00
9.847260093070339115e-01
1.097362035445429207e+00
1.091801389081485496e+00
1.030985808990506847e+00
9.725534675476826818e-01
1.092622732386868467e+00
1.052128321328533511e+00
1.021536626718130281e+00
1.074654552834519494e+00
9.310554985839319952e-01
9.834332521350169776e-01
1.025732183126425001e+00
9.899876509243769052e-01
9.778490788153236801e-01
9.147673547971721941e-01
1.018998186015994456e+00
9.853265827825333778e-01
8.699031272486923427e-01
1.063476073828397928e+00
1.017010101181201831e+00
1.122133760344111719e+00
9.158191675996113501e-01
9.746230615509327011e-01
8.026978029566501638e-01
9.521014982761126788e-01
1.203316043343311659e+00
1.100270727627325140e+00
1.017878109449513291e+00
1.102057290676328849e+00
1.005449585948614777e+00
1.103085705828273255e+00
1.052332626278534855e+00
1.050632844669102894e+00
9.813444256947913003e-01
1.118472600086337199e+00
1.160576126634436767e+00
1.131971353253074408e+00
1.050627962598434273e+00
9.669362944636553658e-01
1.064783636960587421e+00
1.145540899304893001e+00
1.013633066016446538e+00
1.110430802770752789e+00
1.027072446458951127e+00
1.190269459726275958e+00
1.009183837043944099e+00
1.112570213242635608e+00
1.121093805050751513e+00
1.026586831565008184e+00
1.088482063329186511e+00
1.100621553861200086e+00
1.006177899315320534e+00
1.034420761202345496e+00
1.122868996147553977e+00
9.827930170857136494e-01
1.009888984473523710e+00
9.446053224671764337e-01
1.014624008218961038e+00
1.022093067363265551e+00
1.067905664056872261e+00
9.633749153137145527e-01
1.039334340910714749e+00
1.001863804746920383e+00
9.852656804904734722e-01
1.011719489085250112e+00
1.008220183909387169e+00
9.119327368137402079e-01
9.980788230378678794e-01
1.016462962563792205e+00
1.062001611277228141e+00
1.103266145731814030e+00
1.128402691114533285e+00
1.069844470919679269e+00
1.038994184373829954e+00
1.052182767598709212e+00
1.047838147004215736e+00
9.701922849325957943e-01
1.061519742385718112e+00
1.112039694045413363e+00
1.117759276142541225e+00
1.010399620064708959e+00
1.040929277791810881e+00
1.102160564010700172e+00
1.094456944729474968e+00
1.066350786000608064e+00
1.102163650638141812e+00
1.081981482914714965e+00
1.193414277144920543e+00
1.077044139286411406e+00
1.130218837275965615e+00
1.134270716944151047e+00
1.057708972284370885e+00
1.057656512131438298e+00
1.108450317474066527e+00
1.098558331198054905e+00
1.122770761021967934e+00
1.012048824644728784e+00
1.040974990712326465e+00
1.003489517892880878e+00
9.992598883804717502e-01
1.025086620363844681e+00
1.063041551412739150e+00
1.016160168063241942e+00
1.001364804506885253e+00
1.052610406971626444e+00
1.011183993628003597e+00
1.059153927220432445e+00
1.010424884426167402e+00
1.045484602883247405e+00
1.077827532022651580e+00
1.086269110124744364e+00
9.854203583123769539e-01
9.869320574994959738e-01
1.018371923725431394e+00
1.084421443540971364e+00
1.086607717449646016e+00
1.057749121615630727e+00
1.126753119882558440e+00
1.087249020848658265e+00
1.131553924736354411e+00
1.050631577597088251e+00
1.005891838526320470e+00
1.111403201534822083e+00
1.070241704657990844e+00
1.002840016254113786e+00
1.076904734774277062e+00
1.017219800089243620e+00
1.114268299243328153e+00
1.159148627941972265e+00
1.071257554732147455e+00
1.091710596877399464e+00
1.026469283728129289e+00
1.068777113511661714e+00
9.660650190210362531e-01
1.023439730232751810e+00
9.838026732755971171e-01
1.020298289332799424e+00
9.678479041096996749e-01
1.015624127001794497e+00
1.066929552251889568e+00
1.031349823152292178e+00
9.689149572524773379e-01
9.848239764920377892e-01
9.663641568842216145e-01
9.467790516884468932e-01
1.015362307423684607e+00
9.721138561301795322e-01
1.009084892309602965e+00
9.216869965843522694e-01
1.000177798599989343e+00
9.222686860437230294e-01
9.622667061151503054e-01
9.765925104384506339e-01
9.697915382335878798e-01
9.656549101091277398e-01
9.602713204996050633e-01
9.943618497882813489e-01
1.051826141500422418e+00
9.882338822937035694e-01
9.541752315457199263e-01
9.957120576152050928e-01
9.376571936050909217e-01
9.531676475101742430e-01
9.527816672561881806e-01
9.142291298798977950e-01
9.696762570188474095e-01
9.444427386056781781e-01
1.024336815869448136e+00
9.932357202365645898e-01
9.522741094027816766e-01
9.801408619639606634e-01
9.759570666106489600e-01
1.033386256194873232e+00
1.021023563075302620e+00
1.027562481130371630e+00
9.278397055031941676e-01
1.033740258659497480e+00
9.989968207272875711e-01
1.020363823371307044e+00
9.861818825309054404e-01
1.046254676074291456e+00
1.044750645517766641e+00
9.539678003884481949e-01
1.020085097817240216e+00
1.004402004957656303e+00
8.884045914962241941e-01
9.796870373899194684e-01
1.009583468028994124e+00
9.535946192358720763e-01
1.013768078392638605e+00
9.859145312605409606e-01
1.042029854299280744e+00
1.025900918896995195e+00
1.007100396323945102e+00
1.010423652073829448e+00
1.013674697598769603e+00
1.040306258949835083e+00
1.064676047870051212e+00
1.039656526147443749e+00
9.938339061109893180e-01
1.060815412254733969e+00
1.038980962879667125e+00
1.018321940142612014e+00
1.045272203297118674e+00
9.644689309206523342e-01
9.993028654265057042e-01
1.019636881577949072e+00
1.016201280074544577e+00
1.028330266870194798e+00
9.690917099149098934e-01
9.864394953883509620e-01
1.031456389536233420e+00
9.590203647912161067e-01
9.935594306499702100e-01
9.927853532987218621e-01
1.053793785284164564e+00
9.568260032636853873e-01
9.692538017789817939e-01
9.847299131677940132e-01
1.056162609240064221e+00
9.671780237363918342e-01
1.017162987590281675e+00
9.924980086196073525e-01
9.884614387332024688e-01
1.007766095321574351e+00
1.026031771266973536e+00
1.012592519315418826e+00
9.733868477114639983e-01
1.018730797464131088e+00
1.007787643185213078e+00
9.655497728229942567e-01
1.002602911795039908e+00
1.027356782583435102e+00
9.615040494151886330e-01
1.017532161372207478e+00
9.778863990265556083e-01
9.985057185211455577e-01
9.902131196751259301e-01
1.033238382754414930e+00
1.012066768826896501e+00
1.011519104931998037e+00
1.001178118572772391e+00
1.024970647005233548e+00
9.911683437251266326e-01
9.680457016919175040e-01
1.019515441693967572e+00
1.016122043532997843e+00
1.018141497193562284e+00
9.772510896864147201e-01
1.028047263202295003e+00
9.822505278997043510e-01
1.004091091007651260e+00
9.824858481257118248e-01
9.988330705488972505e-01
1.073155371466982588e+00
1.042474959010700530e+00
1.044720723160204701e+00
1.029770625807185036e+00
1.020028631012579901e+00
1.014149519778680730e+00
1.010194132624584906e+00
1.000680453317239094e+00
1.006072295713996700e+00
9.997260002540598878e-01
1.014793179409189339e+00
1.034527623320396827e+00
1.045576175476116587e+00
1.007889119125373378e+00
1.070831648791710444e+00
1.079069923872688408e+00
1.048265503918994979e+00
1.047705189242944313e+00
1.053551860854573086e+00
1.025089948154269015e+00
9.905802320193159982e-01
1.030448466135855723e+00
1.035057366173287363e+00
9.970401923463128036e-01
1.009087259644451340e+00
9.749623233764315167e-01
9.858526006660872643e-01
1.026592063068637595e+00
9.409719595900896127e-01
9.737966794933226033e-01
9.609132525347133802e-01
1.001946064423121729e+00
9.749701142591129521e-01
9.789089195237409280e-01
1.017013259736622821e+00
9.605583942002122733e-01
9.935681564374093666e-01
9.962190350758760582e-01
9.883583147813386205e-01
1.003999968978012802e+00
9.516035752983660334e-01
9.852830318409688815e-01
1.000656619612889209e+00
9.811792985170258996e-01
1.037989267549845440e+00
9.917439457538624881e-01
1.002197059702574222e+00
9.550846031502255862e-01
9.889495925012761202e-01
9.685640920523054254e-01
1.023141753179384716e+00
9.895502120029385784e-01
1.014715395208415805e+00
1.028470853702544874e+00
9.880908918690372023e-01
1.032508553969132770e+00
1.023025662293425952e+00
1.042585542829364886e+00
1.004777584475215813e+00
1.057580643899138639e+00
1.012564783953284309e+00
9.982321331711666579e-01
1.068308136562839961e+00
1.001287271162082382e+00
1.072009938409067109e+00
9.973901634002867445e-01
1.066961282481744266e+00
1.049545118866487270e+00
9.819307217028541146e-01
1.062161165868196866e+00
1.036969153506904551e+00
1.055874170216498431e+00
1.007119725440491331e+00
1.044392919023126920e+00
1.004871652232381507e+00
1.056986870015871993e+00
1.061877872913105092e+00
1.021080060423922964e+00
1.054347371634919428e+00
1.005420735679531496e+00
1.015932903962135647e+00
1.012396527173331284e+00
1.000054464355886408e+00
1.053922847569259025e+00
1.026904331049192542e+00
9.897654609188429875e-01
1.014018046938708784e+00
1.032695731133716599e+00
1.038518827949743262e+00
1.012545695535509660e+00
1.006238292908901322e+00
9.927233492271325677e-01
1.049932957396309652e+00
1.047901155977226662e+00
9.898265065503484283e-01
1.037924698511185850e+00
1.022944067073515040e+00
9.829947364099252960e-01
1.016387407473961169e+00
9.966245923174040788e-01
9.870867233998462664e-01
1.017669292679429072e+00
9.904699843051613106e-01
9.921238186697388661e-01
1.008567962031925447e+00
9.942228040357368180e-01
9.754778108531346748e-01
9.838762452487126442e-01
9.839811992951553732e-01
9.837040373126457737e-01
1.002281804117491015e+00
9.919653210684219458e-01
1.017655877040848589e+00
1.040191143406375085e+00
9.942037525238436313e-01
1.017348668333267314e+00
1.003180477197637810e+00
9.962988550882667660e-01
1.028746326536323474e+00
9.937076071624653117e-01
1.038964639669894385e+00
9.752630219053959326e-01
1.005100780470037369e+00
1.005669843158883747e+00
1.031275982805579527e+00
1.033788265848830212e+00
1.067661296104591040e+00
1.026354710382032964e+00
1.047297510009999266e+00
1.008792575313857798e+00
9.950222553345166032e-01
1.018506468209865456e+00
1.009837388526224400e+00
1.005920308211067482e+00
1.027703117102264807e+00
9.948373493407542956e-01
1.010184140604931002e+00
1.003331977364358529e+00
9.906256910608741695e-01
1.005120004685301494e+00
1.009079256581284723e+00
9.815838120993124472e-01
1.004941032962572089e+00
1.010111172784522005e+00
1.035381305840902932e+00
9.967264036553105111e-01
1.002475880389812168e+00
1.020175757747234568e+00
1.050938169110180898e+00
1.092409456369129783e+00
1.001205916772099469e+00
1.025740640808577409e+00
1.005180530354564450e+00
9.977276663202865326e-01
1.000153215446074606e+00
1.026101007516542651e+00
9.832941416003478929e-01
1.033357068903132836e+00
1.008675434776220570e+00
9.977264063689788021e-01
1.051907596915305776e+00
1.039663346879265315e+00
1.013827694797242218e+00
1.016329371580932506e+00
9.937241933674837435e-01
1.055046619088315207e+00
1.065529288948964037e+00
1.011774343297547896e+00
1.047015220219093434e+00
1.010226706328375412e+00
1.014349200103494608e+00
1.019867076975349507e+00
1.028765443830329973e+00
1.041004791299070087e+00
9.861853219649493463e-01
1.017979806644072616e+00
1.007011287991774529e+00
1.028650669154391517e+00
1.022738801791901242e+00
1.035788320260609741e+00
1.012968700570051839e+00
1.017656034147519595e+00
1.003317763131021723e+00
1.037863958208375070e+00
9.839554884334361651e-01
1.003883706767639605e+00
1.033408127199781035e+00
9.987294428908610744e-01
1.033145633587797763e+00
1.001393190779631182e+00
1.002966325667991487e+00
1.017017274430240148e+00
9.840702111028956089e-01
1.016809757768543321e+00
1.034574815323095143e+00
1.021815800541504560e+00
1.022453606659753156e+00
9.970801497024134319e-01
1.013850783104774278e+00
1.011909245284798864e+00
1.007146779171616435e+00
1.008048367631492637e+00
1.024760960922079578e+00
1.037529645785639776e+00
1.006872485795395455e+00
1.042823917364942954e+00
1.001038881546515436e+00
1.002905336444173123e+00
1.027972734157147849e+00
1.002348496681125356e+00
1.008136321333734875e+00
9.995505515184873735e-01
1.021289742834542880e+00
1.047524688404786630e+00
1.004420284838313915e+00
1.010308215435935075e+00
1.015662324989669019e+00
1.044175545596026877e+00
1.053451930579722307e+00
1.030497477542613893e+00
1.030656333006288117e+00
1.069409215623415177e+00
1.016942415569201286e+00
1.013106026716865893e+00
9.934944414262494305e-01
1.022880090568672129e+00
1.017639692576389754e+00
1.020128003016684826e+00
1.017013530664864218e+00
1.036152624754002494e+00
1.021680422137535738e+00
1.058139632753245296e+00
1.026028360637862402e+00
1.026342906112514664e+00
9.977389977985872127e-01
1.031030226073706091e+00
1.011638143726223404e+00
9.905716010174790975e-01
1.053160802067506729e+00
9.882323937126791247e-01
1.007132909553944966e+00
9.874573032761089220e-01
1.000240661786601759e+00
1.010282646937485262e+00
1.012332809599190586e+00
1.007130201427121952e+00
9.980253057581814913e-01
9.996433529847105204e-01
9.903969651356104853e-01
9.766667999018134871e-01
9.957781882498649706e-01
1.011318891572962730e+00
1.035953004566160462e+00
1.026284520816508561e+00
1.034321263382271594e+00
1.036153512113662245e+00
1.024874323404462828e+00
1.013454190908130492e+00
1.015110660200758019e+00
1.040585473572290587e+00
1.004828824347709482e+00
9.994191309591521355e-01
1.027781619413303815e+00
1.022733428950220347e+00
1.001673023859261269e+00
1.006571123831765613e+00
1.013065877917995294e+00
1.029693408781149122e+00
9.901922953779738190e-01
1.051277876789992627e+00
1.010945054611239069e+00
1.025733702096364164e+00
1.015181320191285153e+00
1.027054126032762804e+00
9.888923760838527199e-01
1.018020755735972616e+00
1.012551214863146587e+00
1.026426166812717256e+00
9.948262202785485009e-01
1.015316250005834142e+00
1.005415166607292132e+00
1.035068446067244352e+00
1.034659993989005766e+00
1.020523302504275920e+00
1.038267138102483944e+00
1.018820123685231671e+00
9.927901291306225895e-01
1.026661155863538566e+00
1.021118811616231525e+00
1.042158238106839718e+00
1.012959660794585881e+00
1.017674404371261998e+00
1.029681038851570696e+00
1.018572526733736439e+00
9.952076945259810126e-01
1.008087366852175482e+00
1.008451979533209864e+00
1.024158801073532743e+00
1.021511372600668155e+00
1.006562222010268570e+00
9.818080523937900983e-01
1.011081052327424290e+00
9.962885538807362273e-01
9.801308778218965623e-01
9.859626646137592543e-01
9.758798754516788687e-01
1.007214995243549849e+00
1.001601269848493514e+00
9.877961064299907168e-01
9.954517766447118499e-01
1.020107951797765145e+00
9.987441050541029375e-01
9.971021701398793402e-01
9.803294533492111773e-01
1.010503551594268190e+00
9.790886229871084145e-01
1.004190953277479315e+00
1.004272994734244584e+00
9.927359336676175872e-01
1.002002317894892469e+00
9.931170417727110955e-01
1.010562649713586225e+00
9.898790749955636015e-01
1.026685416933092121e+00
1.011856303260922685e+00
1.013404723513997796e+00
9.983564597956295916e-01
1.028101014540904856e+00
9.843268143677497140e-01
1.000007843737073410e+00
9.868322476525108744e-01
1.021408493660612482e+00
1.034998756063849168e+00
1.013537288427335925e+00
1.016982578443255569e+00
9.937151108248986064e-01
1.009016061512928886e+00
1.036341595908002455e+00
1.010106479927580736e+00
1.023258089729226050e+00
1.031782915098911513e+00
1.031189442466646344e+00
1.012681454925434155e+00
1.025011391964928187e+00
1.014642636644606633e+00
1.010089041903962759e+00
1.019275578046220154e+00
1.017748302387653014e+00
1.020983202963873904e+00
1.008540435678389136e+00
1.018712273217632802e+00
1.027720681085813936e+00
9.894873038795528597e-01
1.019934266303179182e+00
1.005157865622239965e+00
1.021545131025898945e+00
1.021872440448326813e+00
1.004732179622942700e+00
9.998584115123237970e-01
9.954692952092071279e-01
1.019750979213204012e+00
9.933229660945782635e-01
1.002840397674990891e+00
9.981725934512223342e-01
1.012461632133811795e+00
9.834664126485443969e-01
1.015180291465028306e+00
1.001652727999876147e+00
1.002875023790279707e+00
1.000800753641472030e+00
9.967980659744510863e-01
9.975663284092276539e-01
9.884038271326951453e-01
9.719045060716932083e-01
1.011309163745488071e+00
9.582620696559239759e-01
9.985029626260358837e-01
9.706059826544759517e-01
9.919401194280207390e-01
9.865743421781718592e-01
1.000641923311140769e+00
9.897857606669052677e-01
9.779775292864995029e-01
9.893558632599646074e-01
9.907842983075236809e-01
9.852017217841269048e-01
9.906149197764447800e-01
9.793734820144082143e-01
9.962410747502551400e-01
9.899832602991424091e-01
9.954505242111770791e-01
1.001586835138270182e+00
9.817616677910907530e-01
9.927857330283331727e-01
9.881367605395924292e-01
9.860112204160632610e-01
1.012309766460155691e+00
9.922900357877971755e-01
1.000499652765111991e+00
9.859747037663038061e-01
9.879793118293206389e-01
9.898327960490079791e-01
9.937185517094561105e-01
9.933632138122734379e-01
9.878512549608269300e-01
1.003741600454866045e+00
9.777146281088417989e-01
9.795447638229244358e-01
9.867301570836850555e-01
9.731262672164244787e-01
9.734751462917077269e-01
9.790113698051725599e-01
9.819917593394161814e-01
9.803175350254145215e-01
1.002556869583770549e+00
9.840992840899974725e-01
9.952989405042975690e-01
9.964766282663377606e-01
1.006532369856000475e+00
9.991941940468325178e-01
1.001252209911293045e+00
1.008093977053453383e+00
1.004937646676040464e+00
9.992144208725903809e-01
9.971201500777834292e-01
1.009020843679915513e+00
9.925701593552747060e-01
9.907546526680356402e-01
9.708648561706715308e-01
1.001873411240109313e+00
1.002697901302003647e+00
1.007431292156648395e+00
9.907146496532008850e-01
9.958249276662930471e-01
1.018205790876655970e+00
1.003455927996929509e+00
1.003121307500039361e+00
1.016344649106601938e+00
9.858204998530122332e-01
9.944346511074078077e-01
9.922616803871823210e-01
9.955143272912919672e-01
9.961679910738088228e-01
9.855447204956943041e-01
9.843810896621006945e-01
9.890705112742813609e-01
9.959212576510302339e-01
9.972771998064308141e-01
9.953572350170385441e-01
9.909101076185070633e-01
1.005256354896471693e+00
9.880757582078439905e-01
1.000315027773618581e+00
9.880044651778722153e-01
1.003750388540938010e+00
1.004796784579174762e+00
9.959957353083417342e-01
1.003198800342849362e+00
1.008829379086561895e+00
1.026076637826877525e+00
1.020701145971867785e+00
1.002588600346911107e+00
1.008502681786542121e+00
1.003783799570954871e+00
1.009891801771752862e+00
1.007968532033784337e+00
1.000386068972940024e+00
9.899545377108275312e-01
1.019495274626726289e+00
9.872555565943863520e-01
9.957002331067238421e-01
1.006841317767255939e+00
1.006418167033201527e+00
1.006221349685606503e+00
1.018832988764849290e+00
1.009892782663508015e+00
9.899375323177767028e-01
1.005188554506552201e+00
1.001614242112344622e+00
9.927908306859550835e-01
9.832253649761827363e-01
9.978872307744679482e-01
1.000468071815931781e+00
9.861757585953561112e-01
1.000604812603683724e+00
9.946531360623189766e-01
1.004912468507478618e+00
1.005673364243112156e+00
1.017494541393149321e+00
1.004224083128669065e+00
9.990839218958164070e-01
1.001471687687593759e+00
9.948376499826974140e-01
9.927795980332743131e-01
1.005741217892813122e+00
9.989203962408316206e-01
9.999760072378750531e-01
1.026438058638083684e+00
1.018003387303600737e+00
1.033938924329507181e+00
1.004652530540001143e+00
9.973830060499113692e-01
1.002437151374911073e+00
1.010636026728784387e+00
9.991768146271350348e-01
1.001341777397696919e+00
9.689592853548004703e-01
9.842697728662216372e-01
9.768346048833184136e-01
9.732881273628907204e-01
9.925281207319484045e-01
9.686229966828171500e-01
9.648020998563957562e-01
9.792726011259723640e-01
9.505099893271196088e-01
9.653521772134637802e-01
9.280353092159918660e-01
9.429578877630057088e-01
9.381114714545182309e-01
9.449943599043258979e-01
9.377225948270617728e-01
9.219687067485450305e-01
9.519887890622157345e-01
9.263834392801866269e-01
9.362210130674127884e-01
9.299443152139765800e-01
9.220911143233964102e-01
8.997783870416589114e-01
9.113720359427962547e-01
9.122641661812136427e-01
9.206940356447557150e-01
9.144251427263191401e-01
8.854557311241819662e-01
8.840233509916753940e-01
8.910542656895173996e-01
8.722408051637584592e-01
8.864096289704336273e-01
8.648546557249060518e-01
8.856967186319119056e-01
8.539283887675533924e-01
8.598512122003765246e-01
8.424145249676259217e-01
8.483322370268108203e-01
8.389946357014641531e-01
8.348892436421890828e-01
8.381872528448864879e-01
8.339064622435603535e-01
8.147441931439686202e-01
8.184400894581335129e-01
8.146063789436176483e-01
7.977916697418726555e-01
8.236426475843758865e-01
7.997015399885336606e-01
8.095986500249625628e-01
8.112701289378733138e-01
8.018629043394808198e-01
8.147719290275672321e-01
8.235123731800584324e-01
8.051890627773750087e-01
8.000546205448387793e-01
8.219368605678848416e-01
7.871636447389794844e-01
7.924414276591011941e-01
7.931783624690427192e-01
7.900481435747302994e-01
7.839938360359455238e-01
7.916047465569419073e-01
7.818246538706516979e-01
7.700804561262449832e-01
7.712091087000324530e-01
7.691548812098034649e-01
7.482741819174965059e-01
7.538646703112686920e-01
7.606008881809818156e-01
7.663163995946191687e-01
7.495657671725975968e-01
7.542020708292467290e-01
7.551523648476577977e-01
7.322875874670404794e-01
7.253586335972591614e-01
7.374582645750796805e-01
7.139776311612433535e-01
7.256041330226021824e-01
7.190072371956258701e-01
7.137574494682440429e-01
7.059815548306087596e-01
6.987633648190710867e-01
7.060042840390284846e-01
7.201063344093977525e-01
7.088067589118164369e-01
6.998131631696729027e-01
7.042088920078508618e-01
7.018357684714459088e-01
6.885932076090615084e-01
6.959090203105858796e-01
6.866008263092436836e-01
6.852226407200836533e-01
6.869303235150165943e-01
6.738521031782830351e-01
6.866541653002264933e-01
6.673349280805733752e-01
6.719456216509078761e-01
6.667954747430668849e-01
6.622572238529037536e-01
6.627968320029093974e-01
6.645108932457698403e-01
6.444653307392302910e-01
6.379113229279392838e-01
6.431748813598284764e-01
6.362310309626925120e-01
6.360602723137429582e-01
6.384649587485898836e-01
6.344728012862492772e-01
6.410056085988509178e-01
6.207537757378550625e-01
6.234944481300700447e-01
6.124890166897792865e-01
6.098165820882731625e-01
6.187008507927852508e-01
6.115292148526539906e-01
6.149878935790388246e-01
6.135478942281739068e-01
6.135744033197876313e-01
6.066295249705232484e-01
6.041603901959369249e-01
6.143717901316286811e-01
6.019873281981469315e-01
6.124800181850523773e-01
6.085701697284857659e-01
6.005927295845672198e-01
6.041498808763074990e-01
6.056981859516381572e-01
6.023064837149605388e-01
5.969426398374069187e-01
5.950063402856681227e-01
5.831934220584108486e-01
5.798703719752577035e-01
5.778983199804362814e-01
5.789978363423703422e-01
5.786016386159477110e-01
5.831364115097802392e-01
5.804660010592860298e-01
5.681400776753009474e-01
5.728982754114501086e-01
5.597813730865236481e-01
5.475686386639245784e-01
5.490888998263118159e-01
5.535339083432874174e-01
5.583448479352871585e-01
5.463825819717410548e-01
5.560945941010024818e-01
5.457135083523773078e-01
5.463723177887790383e-01
5.349067853782063509e-01
5.424293826343274949e-01
5.374691134058343644e-01
5.382863285360489636e-01
5.204965279740101369e-01
5.207385142134693945e-01
