4.750358894753360003e+07
0.000000000000000000e+00
0.000000000000000000e+00
0.000000000000000000e+00
0.000000000000000000e+00
0.000000000000000000e+00
0.000000000000000000e+00
0.000000000000000000e+00
0.000000000000000000e+00
0.000000000000000000e+00
0.000000000000000000e+00
0.000000000000000000e+00
0.000000000000000000e+00
0.000000000000000000e+00
0.000000000000000000e+00
0.000000000000000000e+00
0.000000000000000000e+00
0.000000000000000000e+00
0.000000000000000000e+00
0.000000000000000000e+00
0.000000000000000000e+00
0.000000000000000000e+00
0.000000000000000000e+00
0.000000000000000000e+00
0.000000000000000000e+00
0.000000000000000000e+00
0.000000000000000000e+00
0.000000000000000000e+00
0.000000000000000000e+00
0.000000000000000000e+00
0.000000000000000000e+00
0.000000000000000000e+00
0.000000000000000000e+00
0.000000000000000000e+00
0.000000000000000000e+00
0.000000000000000000e+00
0.000000000000000000e+00
0.000000000000000000e+00
0.000000000000000000e+00
0.000000000000000000e+00
0.000000000000000000e+00
0.000000000000000000e+00
0.000000000000000000e+00
0.000000000000000000e+00
0.000000000000000000e+00
0.000000000000000000e+00
0.000000000000000000e+00
0.000000000000000000e+00
0.000000000000000000e+00
0.000000000000000000e+00
0.000000000000000000e+00
0.000000000000000000e+00
0.000000000000000000e+00
0.000000000000000000e+00
0.000000000000000000e+00
0.000000000000000000e+00
0.000000000000000000e+00
0.000000000000000000e+00
0.000000000000000000e+00
0.000000000000000000e+00
0.000000000000000000e+00
0.000000000000000000e+00
0.000000000000000000e+00
0.000000000000000000e+00
0.000000000000000000e+00
0.000000000000000000e+00
0.000000000000000000e+00
0.000000000000000000e+00
0.000000000000000000e+00
0.000000000000000000e+00
0.000000000000000000e+00
0.000000000000000000e+00
0.000000000000000000e+00
0.000000000000000000e+00
0.000000000000000000e+00
0.000000000000000000e+00
0.000000000000000000e+00
0.000000000000000000e+00
0.000000000000000000e+00
0.000000000000000000e+00
0.000000000000000000e+00
0.000000000000000000e+00
0.000000000000000000e+00
0.000000000000000000e+00
0.000000000000000000e+00
0.000000000000000000e+00
0.000000000000000000e+00
0.000000000000000000e+00
0.000000000000000000e+00
0.000000000000000000e+00
0.000000000000000000e+00
0.000000000000000000e+00
0.000000000000000000e+00
0.000000000000000000e+00
0.000000000000000000e+00
0.000000000000000000e+00
0.000000000000000000e+00
0.000000000000000000e+00
0.000000000000000000e+00
0.000000000000000000e+00
0.000000000000000000e+00
0.000000000000000000e+00
0.000000000000000000e+00
0.000000000000000000e+00
0.000000000000000000e+00
0.000000000000000000e+00
0.000000000000000000e+00
0.000000000000000000e+00
0.000000000000000000e+00
0.000000000000000000e+00
0.000000000000000000e+00
0.000000000000000000e+00
0.000000000000000000e+00
0.000000000000000000e+00
0.000000000000000000e+00
0.000000000000000000e+00
0.000000000000000000e+00
0.000000000000000000e+00
0.000000000000000000e+00
0.000000000000000000e+00
0.000000000000000000e+00
0.000000000000000000e+00
0.000000000000000000e+00
0.000000000000000000e+00
0.000000000000000000e+00
0.000000000000000000e+00
0.000000000000000000e+00
0.000000000000000000e+00
0.000000000000000000e+00
0.000000000000000000e+00
0.000000000000000000e+00
0.000000000000000000e+00
0.000000000000000000e+00
0.000000000000000000e+00
0.000000000000000000e+00
0.000000000000000000e+00
0.000000000000000000e+00
0.000000000000000000e+00
0.000000000000000000e+00
0.000000000000000000e+00
0.000000000000000000e+00
0.000000000000000000e+00
0.000000000000000000e+00
0.000000000000000000e+00
0.000000000000000000e+00
0.000000000000000000e+00
0.000000000000000000e+00
0.000000000000000000e+00
0.000000000000000000e+00
0.000000000000000000e+00
0.000000000000000000e+00
0.000000000000000000e+00
0.000000000000000000e+00
0.000000000000000000e+00
0.000000000000000000e+00
0.000000000000000000e+00
0.000000000000000000e+00
0.000000000000000000e+00
0.000000000000000000e+00
0.000000000000000000e+00
0.000000000000000000e+00
0.000000000000000000e+00
0.000000000000000000e+00
0.000000000000000000e+00
0.000000000000000000e+00
0.000000000000000000e+00
0.000000000000000000e+00
0.000000000000000000e+00
0.000000000000000000e+00
0.000000000000000000e+00
0.000000000000000000e+00
0.000000000000000000e+00
0.000000000000000000e+00
0.000000000000000000e+00
0.000000000000000000e+00
0.000000000000000000e+00
0.000000000000000000e+00
0.000000000000000000e+00
0.000000000000000000e+00
0.000000000000000000e+00
0.000000000000000000e+00
0.000000000000000000e+00
0.000000000000000000e+00
0.000000000000000000e+00
0.000000000000000000e+00
0.000000000000000000e+00
0.000000000000000000e+00
0.000000000000000000e+00
0.000000000000000000e+00
0.000000000000000000e+00
0.000000000000000000e+00
0.000000000000000000e+00
0.000000000000000000e+00
0.000000000000000000e+00
0.000000000000000000e+00
0.000000000000000000e+00
0.000000000000000000e+00
0.000000000000000000e+00
5.357166115882294050e-02
6.629493629241976771e-02
3.281764532736640427e-02
1.299708832538567192e-02
1.286903923499815514e-02
1.274287319920991944e-02
3.785566042794874519e-02
2.499208843012117043e-02
1.856296564818506883e-02
3.064079495951517462e-02
3.034758385889661791e-02
1.803513686746032949e-02
2.381891865178527648e-02
1.769566015988013885e-02
1.168633663532063147e-02
5.788559667306197691e-03
2.293885196296827425e-02
2.272645671004780779e-02
2.814624721140164543e-02
4.462084252708174714e-02
2.210667454670263432e-02
2.190570616849527724e-02
1.628059938211990146e-02
2.151190441615416851e-02
2.131897383702146404e-02
1.584647034489787901e-02
1.047040917487474486e-02
2.075550258799091496e-02
1.028631795597496727e-02
5.098043838919059240e-03
1.516055916849375421e-02
1.502872905351806607e-02
9.932407335735587636e-03
1.477017550069588403e-02
1.464339366016577382e-02
2.903647442913763477e-02
2.878935699577912788e-02
4.281807129074895885e-02
5.189157051125280196e-02
7.952215099975171175e-02
4.638629268754339979e-02
7.359958799171534283e-02
6.842700613975698232e-02
6.333739712946821754e-02
8.076356310177583431e-02
7.120139591516790045e-02
5.737888265776706909e-02
1.006911519928423010e-01
9.553341551593202974e-02
8.184076317375467424e-02
6.836497784808168166e-02
6.357943214428174450e-02
1.093262314115394374e-01
1.168015342100871684e-01
1.365707436711067202e-01
1.437072308240663898e-01
2.159070405058524100e-01
1.576337875326409566e-01
2.125531999560803520e-01
1.949881121081049051e-01
1.816365574680904593e-01
2.233400766407049876e-01
1.905228890340003312e-01
1.543416513670980150e-01
1.723139508082489890e-01
2.356117777363916643e-01
2.715486783244360214e-01
1.983870741034529095e-01
2.563428576407126847e-01
2.249307459313349689e-01
2.452182493343336434e-01
2.325032369616419070e-01
2.271813013287913852e-01
2.040336335530913980e-01
1.847723192136613013e-01
2.469164144512428216e-01
2.591275618911532685e-01
2.607261832925015788e-01
2.795511873404046277e-01
2.706871960193140692e-01
2.211207801623427949e-01
2.668271825823513299e-01
2.649280647734342797e-01
3.363033439674048553e-01
3.769073099714817521e-01
3.447067511898345704e-01
4.303046206255611850e-01
3.593166786198304652e-01
3.568127398083700275e-01
4.181790067149063206e-01
3.930942419585260472e-01
4.439035433353287763e-01
4.252195984540597662e-01
4.688851410168680678e-01
5.150286329622992820e-01
5.023359776157855228e-01
4.685077423856823242e-01
5.620366367569075150e-01
4.111855338046575548e-01
4.501628640232793743e-01
4.264228632651642648e-01
4.235800547408355432e-01
4.616733444113286233e-01
4.963501372135357137e-01
4.498218131958876542e-01
4.583204819189052870e-01
5.662981711893215753e-01
4.749561677433407070e-01
5.280360495592200110e-01
5.608832897984792343e-01
5.184393488664507110e-01
5.453942723078468724e-01
5.665181496685890439e-01
5.982370039592705968e-01
5.457805095511139015e-01
4.751873543975067560e-01
5.521991667429603234e-01
4.956893439185207639e-01
5.320722957525861885e-01
5.575179468213151690e-01
6.034423996800249990e-01
5.686534368080465862e-01
6.447396340715101370e-01
6.024441135640093981e-01
6.190092051872976286e-01
5.924968058489195055e-01
5.913564307891507887e-01
7.645451102224607443e-01
6.658135607224113794e-01
7.158748578269438223e-01
7.090779520391238266e-01
8.068521850656997785e-01
7.633274680987461869e-01
7.467239161501104672e-01
7.159862713956671731e-01
7.804965056282782143e-01
7.098081717406885538e-01
7.149596556858539564e-01
7.643116052677855210e-01
7.180933232737815031e-01
7.576093101713127220e-01
6.982115601830827245e-01
7.282533660245787965e-01
6.810074080046590872e-01
8.727248301573783396e-01
7.603126118378734644e-01
7.736910152233984483e-01
8.090060059311331431e-01
8.856565396211275587e-01
8.172007407219563646e-01
8.385877399542317479e-01
8.640371223711763582e-01
8.419315703375045423e-01
8.563681131042433226e-01
8.069230653663245212e-01
8.108101289958135061e-01
7.936446623994733995e-01
8.789611228418621192e-01
8.138301606953994849e-01
8.897990990629564001e-01
8.232520825145316357e-01
8.309280248215512588e-01
8.628696236817504639e-01
8.944455608372000599e-01
8.473507548956488167e-01
8.287166402934879050e-01
9.095722609003401571e-01
7.525182019716002424e-01
9.369948817883247960e-01
9.065047679730251495e-01
8.432989227916504182e-01
8.619315446287042493e-01
9.706926848886886505e-01
8.966480560408148781e-01
7.891550657445947081e-01
9.003109825182624704e-01
9.105599124217099716e-01
9.300436166961623119e-01
9.288324854000151731e-01
9.146603435159580409e-01
9.006248084644157270e-01
9.306941144031706248e-01
7.891242528365729481e-01
8.647610352305097337e-01
7.664659578433973275e-01
8.127075350174385315e-01
7.817146379662226474e-01
7.652358870594737628e-01
8.566621262224191069e-01
8.241310083024361299e-01
8.006639207457199037e-01
7.965579609429332963e-01
8.063260112061659823e-01
7.832757745264647964e-01
7.810023713928631039e-01
7.310290778059622685e-01
8.053161877010773795e-01
6.899175108297547210e-01
6.897985471604569652e-01
7.547984623168386698e-01
7.310765674792003566e-01
7.092356624693083589e-01
6.579937854037274381e-01
7.283762127661235208e-01
7.247614499169151570e-01
7.276559879830842847e-01
6.950356226378058278e-01
7.365425063314364751e-01
7.025842737697659546e-01
7.134408359461706928e-01
7.874302072740712033e-01
7.883095081636533052e-01
8.283162878408585339e-01
7.588503440332211580e-01
7.396688467460189598e-01
7.515273473045471775e-01
7.356196132309494873e-01
6.678919946798292928e-01
7.954969808740810500e-01
7.175170763026811338e-01
7.231313218316677283e-01
8.021520782084612389e-01
7.998336135743724373e-01
7.960429400534165811e-01
7.745415577493538484e-01
7.664745853281347276e-01
7.526179914134515370e-01
7.738597510566176396e-01
7.600813631937631820e-01
8.200549728192759735e-01
7.975505162106971691e-01
8.310299327035104433e-01
8.456818406811147382e-01
8.162585735597477354e-01
8.138989028476063536e-01
9.084331030902411674e-01
8.273876239152132550e-01
8.152450555141586008e-01
8.378258495744530521e-01
8.877621616898728751e-01
8.686231372726052058e-01
8.578448819239706813e-01
7.818850326211597146e-01
8.324929823800626405e-01
8.368197706244003831e-01
7.887819441685703925e-01
8.813883153427878314e-01
8.468585960649319677e-01
7.980705245249001267e-01
8.682928434319686639e-01
8.460610596814901463e-01
8.775598975345536568e-01
9.464739762350732333e-01
8.866290397219500630e-01
8.891577411350898297e-01
9.519545489098834024e-01
9.158371838608518889e-01
9.665041478744429426e-01
9.293544642839525194e-01
9.252961543091160479e-01
9.815105404615475093e-01
9.410026366750372517e-01
9.680264505634628147e-01
9.155201867475464272e-01
1.020114529285258476e+00
9.641332892592210380e-01
9.232991041958341638e-01
9.850903187183197574e-01
1.039069091688063384e+00
1.017726880971348224e+00
9.604936343885154271e-01
9.815435238595596745e-01
1.008365575673461301e+00
1.013587814406203380e+00
9.454820020934314728e-01
9.662068140912277725e-01
1.009015003839512259e+00
9.744337999929160166e-01
1.000562562461298599e+00
1.031093052127443954e+00
9.760822944602329798e-01
9.628345088288461362e-01
9.336888719121518854e-01
9.537144143584158629e-01
9.429650631819747053e-01
9.830873557131599716e-01
9.880256629627762743e-01
9.839597194823235249e-01
9.531633600951808782e-01
1.022532934093844714e+00
9.652771437571520119e-01
9.602360543932110248e-01
9.574214139725243378e-01
9.600829294707463601e-01
1.019281258634305631e+00
1.064991452485424261e+00
1.097375550811259481e+00
1.106921509406397774e+00
1.083200687526112649e+00
1.040472409154993949e+00
9.959543536921618978e-01
1.082918800211216226e+00
1.050156239737094488e+00
1.019744363005299581e+00
1.051217959995789375e+00
1.014781614312679103e+00
1.011799362164038429e+00
1.041875370757711305e+00
1.023366290399150502e+00
1.018312834877731499e+00
9.428812156939087030e-01
9.412165120838946741e-01
9.162711542350242544e-01
9.419384577628464594e-01
9.372616200813126408e-01
9.726403868518530560e-01
9.519180100361377406e-01
9.790085991984645020e-01
9.811557463786249045e-01
1.028600479019603497e+00
1.041321402908301774e+00
1.028517223811609371e+00
1.008986187701978343e+00
1.077884848716404331e+00
1.063131607090516351e+00
1.009008548158998764e+00
1.011878597154820758e+00
1.016630472568637034e+00
1.044183467913538443e+00
1.037383487760871192e+00
1.031572111455959728e+00
1.057794538128100426e+00
1.027558878434453815e+00
1.058254955920794549e+00
1.058006119835262604e+00
1.058678750669975743e+00
9.946887922057876530e-01
9.790156142353767521e-01
1.045038619081016362e+00
9.817896936458007096e-01
1.015452753338890624e+00
9.790566014733563804e-01
9.790499029649019080e-01
1.087018551270928501e+00
9.834993710647541576e-01
1.012040185288969552e+00
9.433590974046707212e-01
1.003746080321662459e+00
1.000076080467684703e+00
9.207259502898000880e-01
9.770096958653629038e-01
9.586016698122895585e-01
9.368381596190296090e-01
9.412514377941523236e-01
9.404404032913267208e-01
9.878593535132217385e-01
9.233707638524535355e-01
1.008975987034819610e+00
1.036024886302578052e+00
1.000051803830765085e+00
9.998574170186155241e-01
1.012301259112447394e+00
1.087640789181536505e+00
1.064521757478256170e+00
1.043227937072706668e+00
9.680661567077376572e-01
9.977600427563393382e-01
9.736071230145915134e-01
1.035947319257667365e+00
1.021648910827062329e+00
1.101331260689025759e+00
9.591649573787247585e-01
1.018228614839802759e+00
9.217648247916877535e-01
9.990512235329938040e-01
9.955702123446577012e-01
1.014491735340418810e+00
9.719325624336451197e-01
1.021755259005271643e+00
1.024549037677952468e+00
1.068315494879907179e+00
1.052846061758980101e+00
1.010854744196928223e+00
1.044055619465949825e+00
9.634882158348601067e-01
9.671633374946094763e-01
9.746692955430427130e-01
9.959727103323601227e-01
1.005619348018531367e+00
9.746785420442337644e-01
1.037650586036282352e+00
1.015910519579722004e+00
1.033660352514407466e+00
9.856734376963228739e-01
1.001890835225744736e+00
1.022487880451870002e+00
1.035475214031376323e+00
1.026792102519632044e+00
1.021127587363155120e+00
1.086446840040218742e+00
1.070296907895483596e+00
1.075539131691385819e+00
9.790323820075238492e-01
1.045061609079688703e+00
9.979835942227455181e-01
9.990257558638490076e-01
1.005109997532209309e+00
1.032019312909358444e+00
1.008534313494899193e+00
9.608899986371389756e-01
1.031132166945518458e+00
9.943690202392984068e-01
1.006688783397854614e+00
1.001987703418407039e+00
9.888720572206619597e-01
1.027011865885396391e+00
9.943243998779398574e-01
1.002936296916757675e+00
1.017040938109935233e+00
9.749987104633961454e-01
1.067722810060452554e+00
1.033340216099540632e+00
1.062221529147720833e+00
1.056756726794862988e+00
1.026808850942140028e+00
9.956900611669655676e-01
9.627355055577886400e-01
9.920304871662453117e-01
9.855049146184065023e-01
9.602530718459314496e-01
9.765709111380322938e-01
1.018748395079253521e+00
9.909610889700296577e-01
9.825320368957890516e-01
1.036148736739891607e+00
1.000664264844307816e+00
1.000789548512027061e+00
1.019855801251522864e+00
9.691100399390091269e-01
1.018011439058734036e+00
1.002528188622533012e+00
1.005847164638088875e+00
1.010426890598469019e+00
9.450855893996154000e-01
9.760223266890487581e-01
9.825490742630659247e-01
9.966532333714496206e-01
1.024596821275176151e+00
9.835521119761980735e-01
9.937326636091238230e-01
9.900429121433207413e-01
9.763635851387912901e-01
1.017012616756302279e+00
9.946221445518728110e-01
9.971534450766224023e-01
1.037352826291057406e+00
1.041576777012560795e+00
1.032874563310114846e+00
1.036464616014728168e+00
1.022328058099377213e+00
1.019833888438163028e+00
1.010070347652115785e+00
1.027577813884829716e+00
9.985449500736749417e-01
1.044828454224475456e+00
1.023101335268137735e+00
9.931344199753060487e-01
1.031855190942736256e+00
1.025197336913320489e+00
1.033971778180400536e+00
9.842371707961341532e-01
1.018973504125778362e+00
9.713313818939306454e-01
9.836546880842186313e-01
1.015736784909369028e+00
9.946903335233530097e-01
1.030600875848119102e+00
9.610529151395669212e-01
9.426471156992017875e-01
1.029541778556264386e+00
9.605971607515164656e-01
9.720584503690593570e-01
9.595173165069936783e-01
9.106862743825697715e-01
9.550349126777506470e-01
9.793525192650073263e-01
9.612881880567217818e-01
1.013512893402654491e+00
9.786498532771347181e-01
9.674313307088274749e-01
9.991335774150919002e-01
1.011222728715975849e+00
1.026558111965756526e+00
9.617894512663881512e-01
1.005231255030465398e+00
1.013855421328278661e+00
9.617038674011604282e-01
9.714862159867151403e-01
9.425910538753988765e-01
9.800240223437575171e-01
9.831687154082271451e-01
1.019185789150249599e+00
9.850906189777585142e-01
1.006412252251523975e+00
9.666578066446960271e-01
1.004430030413874908e+00
1.001580585432721549e+00
1.008815500009160093e+00
1.007018947575960333e+00
1.010499770347429882e+00
1.030251740897570434e+00
9.707405642566558912e-01
9.225364628540145828e-01
1.003339523939477562e+00
1.036907840413085813e+00
1.033485041147540029e+00
1.035762652094854852e+00
9.911217444290031375e-01
9.924688410045451326e-01
9.891917710365266680e-01
9.859290873495348828e-01
9.678997222862081307e-01
9.723306972258701775e-01
9.777471398965535965e-01
1.009414083190506073e+00
9.915035804463484537e-01
9.219121735651423233e-01
9.589746670389927008e-01
9.718338495383515019e-01
1.008050187000997688e+00
1.034617849673229673e+00
9.489827975700070306e-01
9.800093264383973324e-01
9.576075554925222999e-01
9.771238381652613825e-01
9.896643476937954098e-01
1.000665735386116584e+00
9.911179680166296579e-01
9.874555061030521053e-01
1.008550015650589549e+00
1.024688723917694277e+00
9.519578716880912062e-01
9.763351437739209437e-01
1.030810817455878770e+00
9.930981809339493038e-01
9.837461541908191220e-01
9.777729913845939480e-01
9.870205516471667329e-01
9.933741668017909143e-01
9.590793308734861800e-01
9.631118033405812184e-01
9.511494381969443079e-01
9.715705936220339067e-01
9.619785307724086909e-01
9.906431815757309467e-01
1.005210483711132863e+00
9.765917491540118123e-01
9.827913522611333441e-01
9.765064017815762165e-01
9.822068936212625667e-01
9.598979455290224116e-01
9.605738124719280790e-01
9.603303796059352582e-01
9.587198619688278578e-01
9.607450746739428782e-01
9.912724517066141550e-01
9.570792188971868342e-01
9.739420895843684534e-01
9.862227641503269471e-01
9.666331337435867255e-01
9.797559141096445767e-01
9.691902104856550126e-01
9.644538559000827016e-01
9.836768428425494148e-01
9.576977837829827589e-01
9.891807222740300887e-01
9.791502123611234287e-01
1.012164257463378458e+00
1.002994843123108826e+00
9.816477311170603848e-01
1.038771947449230515e+00
9.536018921574185292e-01
9.771478663785917451e-01
9.755128186666264245e-01
9.484585545602343126e-01
9.413109727630272205e-01
9.444861841043546979e-01
9.754385491600280345e-01
9.162285735266180176e-01
9.521951517765750994e-01
9.425668725398406167e-01
9.774322698630114603e-01
9.593378675888073470e-01
1.020513102235137470e+00
9.990341128986082175e-01
1.022499192363324649e+00
9.781265872050668442e-01
9.927640388570307950e-01
1.018970319314648876e+00
1.012267871511499218e+00
9.993884002477050332e-01
1.021657382240685363e+00
1.023635790711404869e+00
1.024779684392318035e+00
1.021817597575288783e+00
1.026223513863070202e+00
9.824986374390198840e-01
1.019913766574494174e+00
1.024282258321326688e+00
1.017700385087071391e+00
1.032945121854323300e+00
1.017509675162324267e+00
1.007770484953254275e+00
9.724331155283686412e-01
9.920237050031505133e-01
9.887888911542902504e-01
9.624988097144051569e-01
9.760098236195980936e-01
9.712458875584725204e-01
1.004009565135662418e+00
1.024007160290547835e+00
1.021509583090570716e+00
1.017061476208700022e+00
9.852635552037226629e-01
9.875495639436628892e-01
9.637531558444151214e-01
9.482201079825528511e-01
9.954854924861482601e-01
9.664259959100394148e-01
9.868260098171587336e-01
9.452365741005817057e-01
1.023871595860581740e+00
1.004192673931953106e+00
9.987257103975597516e-01
9.308450504877457954e-01
9.829243150473798707e-01
9.961045389971594499e-01
9.717984080886751252e-01
9.336535761107390696e-01
9.769432432835146729e-01
9.490950557041873958e-01
9.820280780219189376e-01
9.531741377741295151e-01
9.904071155018792094e-01
9.943768002479138612e-01
1.002775072536770784e+00
9.930022210964190021e-01
9.696162052248626928e-01
9.411827114910119585e-01
9.878213423206418931e-01
9.723006439282706470e-01
9.491720442033034777e-01
9.425640910025782082e-01
9.472658495234139719e-01
9.403250503754133627e-01
9.243589198809952778e-01
9.189444167694915677e-01
8.969688596801005387e-01
9.398351696424647184e-01
9.143199247870428259e-01
9.376093235315637875e-01
9.154273047221817006e-01
9.093811313061203050e-01
9.293130543881413796e-01
9.111983299473559450e-01
8.758254036025105993e-01
9.038096804675109786e-01
8.598063607380226347e-01
8.834768173858117413e-01
8.656635710678530771e-01
8.657700873013074450e-01
8.592427868403861302e-01
8.597071886904635862e-01
8.507873453240720751e-01
8.658219310820847170e-01
8.866642980416586939e-01
8.698016710499977266e-01
8.292615305233012046e-01
8.545029276565154763e-01
8.515284504284991174e-01
8.256588179836304997e-01
8.176423290203027605e-01
8.528828200533581372e-01
8.533257983188874407e-01
8.303876923575362889e-01
8.427062044137005881e-01
8.684575190101219144e-01
8.345292642431894059e-01
8.484275901443011358e-01
8.337871432954674367e-01
8.536366440440261716e-01
8.180364673902552619e-01
8.345007011070284531e-01
8.200140237217952155e-01
8.075776166471380080e-01
8.001523726978941875e-01
7.970452580644274976e-01
7.896726254936659029e-01
8.447072474052620406e-01
7.956565133882023133e-01
8.363751969103100370e-01
7.960355555829470298e-01
7.916654594015878343e-01
7.986760611038390412e-01
7.729351197255563966e-01
7.767199849106100062e-01
7.656505431722160360e-01
7.787633049136156727e-01
8.264944634129255396e-01
7.766160668353622176e-01
7.950472598298148341e-01
7.792648432947081316e-01
7.874206834066624916e-01
7.602874531713753603e-01
7.988663404582007077e-01
7.800439444061469940e-01
7.865419355418777902e-01
7.646766719161749437e-01
7.749456321346008814e-01
7.720035367660710302e-01
7.512451925788107276e-01
7.496120514997646200e-01
7.246291854422335366e-01
7.258538482729981478e-01
7.546661121286516449e-01
7.487013064616863112e-01
7.523305936181077236e-01
7.624114005529936122e-01
7.386351115411828872e-01
7.293752774720043686e-01
7.452503254948263933e-01
7.320424585079441382e-01
7.365647326786524118e-01
7.112651477010275558e-01
7.197539037927354055e-01
7.085234656792057661e-01
7.033822264626264920e-01
6.693178639616582659e-01
7.208390008064814447e-01
6.904819164642459484e-01
6.902095224333635315e-01
6.782783468099360391e-01
6.687827065379279290e-01
6.876039412312522359e-01
6.769375942579790584e-01
7.006976960793610543e-01
6.601722912166345658e-01
6.440190388034106039e-01
6.676937486029337343e-01
6.498263713251671847e-01
6.510964549608274643e-01
6.582131342223512815e-01
6.466069987905523897e-01
6.880902891935085641e-01
6.389503543132364349e-01
6.657620656981868557e-01
6.478599689748701929e-01
6.204941466309263909e-01
6.385202797192582880e-01
6.158901175732545141e-01
6.160416702361511954e-01
6.044406295663005135e-01
6.269210310236692507e-01
6.253322518496956528e-01
6.294450538455015343e-01
6.119382776644407551e-01
6.203136631718836336e-01
6.159158252600998029e-01
6.262229858849386321e-01
6.215465708293546054e-01
6.025418891566727275e-01
6.133704408883533521e-01
5.992205979934625004e-01
6.284601223755874599e-01
6.227044925306354228e-01
6.208690058024247671e-01
6.118157552561925838e-01
5.966982284620802046e-01
6.079286216099319962e-01
6.102752687505016427e-01
5.952496110943452656e-01
6.196113154307080206e-01
5.994106670630907630e-01
6.176365205933614932e-01
6.185665987381421260e-01
5.763918057987169608e-01
5.722269402293347351e-01
5.645459753889741084e-01
5.842787952439481014e-01
5.871547182179854829e-01
5.775963859951737112e-01
5.621467925028498236e-01
5.844102126025327859e-01
6.055091194949859812e-01
5.777715386686030907e-01
5.774109805699619846e-01
5.813192247457631412e-01
5.466048125477264152e-01
5.646396331275191915e-01
5.613866489301888585e-01
5.578809076285333735e-01
5.417103011511397170e-01
