4.750358894753360003e+07
0.000000000000000000e+00
0.000000000000000000e+00
0.000000000000000000e+00
0.000000000000000000e+00
0.000000000000000000e+00
0.000000000000000000e+00
0.000000000000000000e+00
0.000000000000000000e+00
0.000000000000000000e+00
0.000000000000000000e+00
0.000000000000000000e+00
0.000000000000000000e+00
0.000000000000000000e+00
0.000000000000000000e+00
0.000000000000000000e+00
0.000000000000000000e+00
0.000000000000000000e+00
0.000000000000000000e+00
0.000000000000000000e+00
0.000000000000000000e+00
0.000000000000000000e+00
0.000000000000000000e+00
0.000000000000000000e+00
0.000000000000000000e+00
0.000000000000000000e+00
0.000000000000000000e+00
0.000000000000000000e+00
0.000000000000000000e+00
0.000000000000000000e+00
0.000000000000000000e+00
0.000000000000000000e+00
0.000000000000000000e+00
0.000000000000000000e+00
0.000000000000000000e+00
0.000000000000000000e+00
0.000000000000000000e+00
0.000000000000000000e+00
0.000000000000000000e+00
0.000000000000000000e+00
0.000000000000000000e+00
0.000000000000000000e+00
0.000000000000000000e+00
0.000000000000000000e+00
0.000000000000000000e+00
0.000000000000000000e+00
0.000000000000000000e+00
0.000000000000000000e+00
0.000000000000000000e+00
0.000000000000000000e+00
0.000000000000000000e+00
0.000000000000000000e+00
0.000000000000000000e+00
0.000000000000000000e+00
0.000000000000000000e+00
0.000000000000000000e+00
0.000000000000000000e+00
0.000000000000000000e+00
0.000000000000000000e+00
0.000000000000000000e+00
0.000000000000000000e+00
0.000000000000000000e+00
0.000000000000000000e+00
0.000000000000000000e+00
0.000000000000000000e+00
0.000000000000000000e+00
0.000000000000000000e+00
0.000000000000000000e+00
0.000000000000000000e+00
0.000000000000000000e+00
0.000000000000000000e+00
0.000000000000000000e+00
0.000000000000000000e+00
0.000000000000000000e+00
0.000000000000000000e+00
0.000000000000000000e+00
0.000000000000000000e+00
0.000000000000000000e+00
0.000000000000000000e+00
0.000000000000000000e+00
0.000000000000000000e+00
0.000000000000000000e+00
0.000000000000000000e+00
0.000000000000000000e+00
0.000000000000000000e+00
0.000000000000000000e+00
0.000000000000000000e+00
0.000000000000000000e+00
0.000000000000000000e+00
0.000000000000000000e+00
0.000000000000000000e+00
0.000000000000000000e+00
0.000000000000000000e+00
0.000000000000000000e+00
0.000000000000000000e+00
0.000000000000000000e+00
0.000000000000000000e+00
0.000000000000000000e+00
0.000000000000000000e+00
0.000000000000000000e+00
0.000000000000000000e+00
0.000000000000000000e+00
0.000000000000000000e+00
0.000000000000000000e+00
0.000000000000000000e+00
0.000000000000000000e+00
0.000000000000000000e+00
0.000000000000000000e+00
0.000000000000000000e+00
0.000000000000000000e+00
0.000000000000000000e+00
0.000000000000000000e+00
0.000000000000000000e+00
0.000000000000000000e+00
0.000000000000000000e+00
0.000000000000000000e+00
0.000000000000000000e+00
0.000000000000000000e+00
0.000000000000000000e+00
0.000000000000000000e+00
0.000000000000000000e+00
0.000000000000000000e+00
0.000000000000000000e+00
0.000000000000000000e+00
0.000000000000000000e+00
0.000000000000000000e+00
0.000000000000000000e+00
0.000000000000000000e+00
0.000000000000000000e+00
0.000000000000000000e+00
3.098659915934842343e-02
3.051711428282738794e-02
3.005821902163076376e-02
1.480479863888258148e-02
1.458547233006801322e-02
1.437098398404381902e-02
1.416119235066550658e-02
1.395596129736280042e-02
1.375515958825168639e-02
1.355866067427972076e-02
0.000000000000000000e+00
1.317808728295273395e-02
9.095646976765627001e-02
3.843994539189959231e-02
2.527316514184460919e-02
3.739044427698129391e-02
3.688173865027663534e-02
2.425556294182982728e-02
2.392998983705803620e-02
2.361092806446200149e-02
2.329820514267994663e-02
1.149582713195676335e-02
9.076445628575688374e-02
5.599107111810652099e-02
4.421489261846055230e-02
4.364804283509311073e-02
3.231901828429802059e-02
5.318320380716755336e-02
2.100569662651147543e-02
9.334407986564800808e-02
1.024272678698670558e-01
6.069764991566286433e-02
8.992935431431979543e-02
5.922177903102042451e-02
3.900263208509972129e-02
9.633181643464791555e-02
6.662470910067493091e-02
8.464058643236933854e-02
4.646607469300089582e-02
7.347107413304114487e-02
4.538235823606672631e-02
8.073839227791167195e-02
1.862116921364435629e-01
1.928366540152217923e-01
1.646374446659290003e-01
1.370665977771048372e-01
1.185781093289074301e-01
1.256204840548127422e-01
1.324980457719360516e-01
1.064585116513059315e-01
1.376767054769960918e-01
1.922312328797077252e-01
8.714308446918334061e-02
1.488838037922101676e-01
1.007666023122239241e-01
1.226868934835650543e-01
1.213747467699346910e-01
9.756787487059252750e-02
9.653542027192765773e-02
5.878108762195616982e-02
9.451907481998772509e-02
1.079244346998808335e-01
1.068060568357796919e-01
8.456397861513029190e-02
1.046208292496932091e-01
5.522841550833262197e-02
9.566852010628540404e-02
6.764441405456733669e-02
6.026811880367580893e-02
1.325898725848395354e-01
9.188940691662593474e-02
9.747816244039253508e-02
1.222558727324824790e-01
1.210572953924942408e-01
1.577319184497864291e-01
1.562005526882573048e-01
1.299407595372954749e-01
2.022292467328001553e-01
2.791977715018488793e-01
2.464802038552911523e-01
2.024608085401748692e-01
1.769566015988013885e-01
2.337267327064126432e-01
1.910224690211045351e-01
2.810009365463613240e-01
1.988564962129183156e-01
2.702039732294557739e-01
2.342594232671791621e-01
2.044867395569993918e-01
2.573920474798195301e-01
1.899403261247321895e-01
2.635208290978885426e-01
2.185194818294700081e-01
2.007219577020398216e-01
2.408194110221191231e-01
2.231216528209023497e-01
1.954400411635243695e-01
2.498041481070339132e-01
2.173013480817438114e-01
1.853543249933894965e-01
2.632087943969930732e-01
2.658631590125259403e-01
2.879867419832601860e-01
2.855253318865200729e-01
3.790598671110918527e-01
3.377870068492417888e-01
2.783275145603559264e-01
2.338886794110344447e-01
2.504859805127343519e-01
2.759984549689325495e-01
2.554608229217594229e-01
2.985905864674930354e-01
2.871593354729807812e-01
2.625551474371816685e-01
3.133769745154970643e-01
3.370964653673416134e-01
3.256820983497683009e-01
2.972111925783722519e-01
2.606414780458113922e-01
3.009426454829335906e-01
2.564961583116887045e-01
2.961753188898638700e-01
2.855570094941322634e-01
3.079440660515708195e-01
2.933076776683278264e-01
4.082310907896599117e-01
3.569289584168142127e-01
3.263066365890735510e-01
2.724548362021356751e-01
2.938685218956644807e-01
3.577164447168985628e-01
4.321566238278744532e-01
3.714322939644478239e-01
3.648182364950580681e-01
3.997799986443086318e-01
4.080036052316295403e-01
3.194997935811780820e-01
3.097406993152809207e-01
4.172370212554333824e-01
3.560205815975141519e-01
4.146960262350953830e-01
3.937491173831588198e-01
3.802045799204184506e-01
3.915388857726850858e-01
3.571758285526707710e-01
4.171618932680025149e-01
4.210524056238193480e-01
4.043175839275831018e-01
4.456434184810293408e-01
4.525929426080390061e-01
4.761998126307299684e-01
4.095575377028791708e-01
3.901321278652179481e-01
4.497602372667365844e-01
4.694232225006122472e-01
4.175842481257489025e-01
4.436050278698654425e-01
4.213712128730353612e-01
4.279655053580727064e-01
4.659413078980755851e-01
4.314728278430900454e-01
4.564643425793351028e-01
4.626005685290113800e-01
5.789115839596552515e-01
4.958880649926377671e-01
5.318196132753533201e-01
5.072288701677892808e-01
5.902797819643000876e-01
5.596800080355280871e-01
6.647853636904780261e-01
6.048505208426899760e-01
5.921370057986039548e-01
6.257136760481257776e-01
6.072746385425494831e-01
5.947553657214482703e-01
5.880409695869932563e-01
6.572363595577525031e-01
6.557590701624010920e-01
5.960666310496625098e-01
6.445568672729098392e-01
6.103069921550500210e-01
5.764829310880243973e-01
6.106257186066917919e-01
6.631145567016054621e-01
5.548667955678056041e-01
6.308773468053900935e-01
5.952888061390321228e-01
5.496655813731277096e-01
5.696288169393339818e-01
5.945013202993214563e-01
5.856599066466307013e-01
5.769168206163818313e-01
6.240830511314557905e-01
6.630921699500673672e-01
6.364598873747639995e-01
6.923242366183846030e-01
6.187858371026128124e-01
5.928723049357162989e-01
5.868231327220335691e-01
5.468124748186218298e-01
6.401322121714169144e-01
6.074635073504114358e-01
6.682538533026226579e-01
5.883377914766353411e-01
6.933010049560214272e-01
6.282268449960946022e-01
6.198380701257041325e-01
6.486004210214800780e-01
6.355628255540495264e-01
6.135104856690694053e-01
6.645311964974282004e-01
6.018205000971406093e-01
6.365492962230362428e-01
5.881241673922373847e-01
5.780450113738034856e-01
5.769141189836769490e-01
5.647983391628530470e-01
6.030679263081817343e-01
5.279192248934670983e-01
5.745846863768322432e-01
6.679610162626630210e-01
6.620302121254748595e-01
6.943785325652318541e-01
7.094588628713367484e-01
6.802668534852628346e-01
7.265521870521806092e-01
7.266340720494638417e-01
8.134126334821457638e-01
6.939132266581338193e-01
6.818917943253025582e-01
7.816583649822915758e-01
7.430157254810150214e-01
7.710490281514907895e-01
7.268743543779027094e-01
7.427511475474393166e-01
7.683191090996128736e-01
8.230625900824068975e-01
7.677939090806010780e-01
6.781366913693225307e-01
7.169878992315006361e-01
6.842902887532141820e-01
7.398780334494570177e-01
8.766276754415859296e-01
7.603466701099611535e-01
7.487662089748772232e-01
8.439631209858534655e-01
7.315253842929979600e-01
7.183971928829792075e-01
7.403909468357773305e-01
7.090130359724940989e-01
7.417403485092036730e-01
8.575093703648450916e-01
8.584418727846050423e-01
8.342362114417415375e-01
7.781451647335001498e-01
8.522348626184393927e-01
8.460642442485335479e-01
8.294026352212150455e-01
7.971675717468302835e-01
8.783008084632779600e-01
7.699894313020254621e-01
7.729468632140278350e-01
8.426604533449312262e-01
8.383829983229217353e-01
7.900575651972674418e-01
7.658253054198255194e-01
7.535755417884311136e-01
7.531285542143677514e-01
7.493534816661803211e-01
8.431472910474295812e-01
8.175572783641313901e-01
8.314946428880690688e-01
7.491916111500696029e-01
8.248928683371713477e-01
8.063058267259928247e-01
8.552879212955460941e-01
8.351172163217900346e-01
8.469130636064788886e-01
9.028567236013949060e-01
8.764239442058979757e-01
8.267504725519343456e-01
8.305281999377964741e-01
8.420129639058454574e-01
8.610929359259492655e-01
8.231568114651126589e-01
8.298978332062867391e-01
7.818077402854257674e-01
8.249932628374708754e-01
7.969509776019837455e-01
8.231429737129817292e-01
7.953569329013815414e-01
8.153499516591897756e-01
7.922791506749116142e-01
8.797539386299896291e-01
8.053305355591406922e-01
8.000922849907402545e-01
8.616189498799529112e-01
8.792490817727800501e-01
8.765870538531987943e-01
8.725099121327734020e-01
9.154434740032942885e-01
8.431837695625866713e-01
9.055859542949104002e-01
8.480581055123734835e-01
8.092186389305886518e-01
8.444603220086933648e-01
8.433651940344494280e-01
8.147009899980044434e-01
8.686231372726052058e-01
8.264269961210226612e-01
8.022820334721465496e-01
8.947607501678396247e-01
8.732032389124178007e-01
8.102453984316606572e-01
8.279708416856491615e-01
8.362230093011651100e-01
8.457165259890733200e-01
7.655207011137690198e-01
8.473727822546397448e-01
8.070416914826697985e-01
8.346652372842267020e-01
8.685081542385817421e-01
8.015306014290229930e-01
8.557327279284262511e-01
8.800722729151003731e-01
8.304305375815936863e-01
7.875456086983902981e-01
8.433557591727501856e-01
9.325605262953066132e-01
9.597477091187631704e-01
9.219892029145577705e-01
9.910908652206186220e-01
8.930627801723423076e-01
9.371129932545040342e-01
8.792742462474234522e-01
9.850903187183197574e-01
8.996374166074014855e-01
9.440835360849280100e-01
8.823558543694246525e-01
9.623914551013242891e-01
8.498400182685317272e-01
9.293199750351958111e-01
9.064808695070774025e-01
8.767650140048290908e-01
8.777610196002261223e-01
9.137504974783871026e-01
9.087571705513769471e-01
9.304139325594443788e-01
8.954143362403790274e-01
9.100450125164183390e-01
9.371173500219884822e-01
9.696475907319455079e-01
8.874298611436132189e-01
8.984357464382035641e-01
9.734132242613927621e-01
1.011944921970444167e+00
9.520485491477010953e-01
9.392647798516750024e-01
9.077806815860500755e-01
9.194920933696458798e-01
9.179401185509770134e-01
8.923637694853239211e-01
8.506701646232944780e-01
9.013966311982430923e-01
9.085449496392139501e-01
9.188523209150195603e-01
9.847278977510115494e-01
9.114794158068851848e-01
1.010819344045776225e+00
9.581293290931268691e-01
9.701042094261423943e-01
9.515515815286076373e-01
9.477680812288080681e-01
9.689863414616455284e-01
1.029422916627961149e+00
9.654642930212686824e-01
1.014109710888002391e+00
9.701632340334123139e-01
9.459425183422655037e-01
9.564629998606316574e-01
1.009416951129634477e+00
9.399214589239538453e-01
9.513255672207964198e-01
9.105995391308500109e-01
9.698599201729445340e-01
9.780156898686486189e-01
1.006871521989354923e+00
9.773675049688186345e-01
1.022673800028699675e+00
9.952761728519186057e-01
9.826902156286642098e-01
9.828058971644622055e-01
1.012874476573510041e+00
9.762735380088021220e-01
9.974916976692072001e-01
9.774558021031162225e-01
9.746981505409875179e-01
9.890228315672656700e-01
9.918962610153457815e-01
9.966231457986285402e-01
9.572423493445048059e-01
9.461714654437465288e-01
9.277327189760393722e-01
9.808074590270002835e-01
9.244971968412195595e-01
1.052625810794427741e+00
9.506184631465034451e-01
9.790498154309751344e-01
9.089939969404585707e-01
9.872154064856343281e-01
9.871785460706989923e-01
9.709379278322283202e-01
1.074945985329663012e+00
1.009360467234365011e+00
1.027905431606032760e+00
1.009066289227960933e+00
1.038064836174496186e+00
9.964261718241430588e-01
1.025246260742018967e+00
9.673400624268045922e-01
9.986555474749321260e-01
9.785544901675611307e-01
1.047622949254676472e+00
9.809693144303047729e-01
9.645620246934552000e-01
9.405708353714419268e-01
9.823492548576254757e-01
1.013634850402320486e+00
9.905524833576978549e-01
1.001343793360189416e+00
1.020450624598893352e+00
1.014308467031168615e+00
1.068245393597232029e+00
1.037866634959626166e+00
9.919639263253896555e-01
1.008260935867653307e+00
1.019503711015482095e+00
1.013456056690518192e+00
9.886672770158712042e-01
1.047027396222577345e+00
1.019039306412127477e+00
1.027594090390032244e+00
1.047353458353283528e+00
1.039692985655661817e+00
1.084043178188816237e+00
1.020529190555327315e+00
1.020167449744968202e+00
1.023757880119900099e+00
1.020221586992324569e+00
1.030846293304314987e+00
9.983267225802350264e-01
1.028449406917878672e+00
1.019477845810735639e+00
1.052410106023781822e+00
9.924326820703723850e-01
1.005978618550536829e+00
1.104570450912803370e+00
1.041186019030781562e+00
1.036126870050913196e+00
9.323902227532874232e-01
1.007175643628606343e+00
9.977398302006390551e-01
1.007152077421228586e+00
9.745470567530276629e-01
9.399158575814728911e-01
9.724762884008398833e-01
9.625443779211149131e-01
9.445435793002717739e-01
9.664346477349444742e-01
9.712889223397292993e-01
9.607395497577569943e-01
9.881775856964258864e-01
9.979835942227455181e-01
1.004821409269875732e+00
9.422906226864463664e-01
1.031299634169533297e+00
1.004230468629344841e+00
1.013081196479781232e+00
9.841005684531866082e-01
9.524634686720708787e-01
1.018015802057746111e+00
9.906977011263685684e-01
9.937953178184889547e-01
9.555066028681197254e-01
9.866381255289186081e-01
1.038456957432559502e+00
1.107290304631635802e+00
1.033816943528966581e+00
1.024268974767294615e+00
1.055340806196137571e+00
1.029326926954759136e+00
1.013038284315954662e+00
1.030213389572584903e+00
1.062883868975779134e+00
1.048657788906937727e+00
9.873097438554609973e-01
1.019789192002812150e+00
1.015871358631145860e+00
1.050047518679197545e+00
1.074679679514977337e+00
9.829962309207058713e-01
1.043402708541858015e+00
1.007128657544121397e+00
9.940895981896146205e-01
1.009965091196485698e+00
1.015935791765610441e+00
1.040099955499057538e+00
1.047227328572536864e+00
1.030358215808310218e+00
1.020041287551519238e+00
1.040656084652019642e+00
9.938145614446430853e-01
1.027156436797184824e+00
1.015045833528575914e+00
9.953828022262979358e-01
9.942008710766542245e-01
1.022692183184493508e+00
9.993967509887832223e-01
1.025177514855631244e+00
1.040161846307373406e+00
9.814701770535989578e-01
1.005811643678081291e+00
9.940547706046627408e-01
1.000282445363443573e+00
9.516476170812575575e-01
9.880470703721608849e-01
1.000344466962826973e+00
9.893694221964718372e-01
9.766309015174532426e-01
9.688182253456029125e-01
9.695157361138210250e-01
1.004574810883298586e+00
1.014168931114321159e+00
1.007518069470263233e+00
1.036158293764849914e+00
1.039600062468287955e+00
9.954986886829229054e-01
1.012060577840953490e+00
9.871892918843049314e-01
9.948383720234346139e-01
9.871778757375174740e-01
9.737069607210826483e-01
9.959004548192377237e-01
9.597889183120072998e-01
1.027701042207578519e+00
9.940132136732344748e-01
9.881939793935363703e-01
1.023218518051451920e+00
9.846694046366977204e-01
1.010917929866470333e+00
9.595173165069936783e-01
9.998801265834826868e-01
9.556013628038940722e-01
9.855652515094797117e-01
9.849402700124231247e-01
1.029234977067626344e+00
9.965656400648168489e-01
1.051167452812880709e+00
9.957938551507516944e-01
1.013997763646590666e+00
1.003315286789173255e+00
9.673074630349847158e-01
1.013484385203129223e+00
1.029216867105979816e+00
9.868679048871975557e-01
1.039124784646093369e+00
1.026352751680829511e+00
1.037512979935588220e+00
1.007504574700510025e+00
9.868306847327813491e-01
1.078652719251846914e+00
1.001050439506443901e+00
1.063965174348973974e+00
1.004430030413874908e+00
1.055806285917932685e+00
1.065008060703311887e+00
1.030278177861179367e+00
1.005755639970211890e+00
1.000290338228610576e+00
9.911827251670282113e-01
1.005120463494770577e+00
1.017933553378597145e+00
9.953275761358693074e-01
9.448561835566526845e-01
9.778757174468389879e-01
9.452507952588621309e-01
9.323347890120378123e-01
9.748408023375512155e-01
9.900179586293671452e-01
9.571962498438646438e-01
9.835127543816303275e-01
9.645685885034429585e-01
9.674604683157879137e-01
9.955361318665674197e-01
9.731853696958100430e-01
9.855432281226658153e-01
9.688343623484182432e-01
1.015528304115248304e+00
9.893750700863657155e-01
1.003026227525665837e+00
1.007698792775708174e+00
1.022204151666322725e+00
9.756485631202207465e-01
9.955493685918754831e-01
1.017294589248837866e+00
1.018919997631269281e+00
1.028315733941798982e+00
9.726516504951573383e-01
1.014528920706045723e+00
1.019989326279080011e+00
9.657489569020498710e-01
1.005376472332432991e+00
1.037608123501109425e+00
1.008566532656574921e+00
9.758688570294146158e-01
9.675554998830812048e-01
9.403437060383015300e-01
9.774959206834644698e-01
9.758277049005791293e-01
1.020665545284918485e+00
1.031064067773431292e+00
9.988878575966050333e-01
9.794600036087425243e-01
1.000098456285879678e+00
9.807632374038390832e-01
9.994331625534196295e-01
1.014312598639975249e+00
9.872650751895368781e-01
1.040615594078046602e+00
9.729240472037100629e-01
1.010057700925197421e+00
1.011956797825663612e+00
1.017019231149884684e+00
1.028388589167775091e+00
1.001773012609838531e+00
9.770940057318906469e-01
1.014965139790409365e+00
1.015905443619302462e+00
1.006115056349712544e+00
1.020434750350413866e+00
1.009343182833680963e+00
9.668315431453810005e-01
1.020925292130612672e+00
9.741864536350122172e-01
9.536377629824418500e-01
9.928598676374623677e-01
1.038003389130896181e+00
1.007836643463447146e+00
1.016133162341367857e+00
1.013093449181811101e+00
1.014830430374574766e+00
1.012666982707959518e+00
1.023008000238980530e+00
1.014810596663701991e+00
1.007937820621578773e+00
1.028893094817636022e+00
1.043766908482138822e+00
1.020269872189556448e+00
1.024049465753550381e+00
1.014260597051440227e+00
9.931173699686949297e-01
1.027251942365456028e+00
1.062051403451506060e+00
1.058119041277620909e+00
1.044171031982161102e+00
1.074069787524448261e+00
1.024793006853589761e+00
1.015586782565635282e+00
1.002285178219437523e+00
1.007622492949298287e+00
9.993419404893724156e-01
9.816526836463486116e-01
9.632290184039711267e-01
9.587894717334777273e-01
9.498845747854424149e-01
9.597274677495238882e-01
9.593772439326485602e-01
9.816863356744472968e-01
9.514074451780538677e-01
9.631512239763670991e-01
9.655959529006071795e-01
9.624162931599264947e-01
9.864280837823430348e-01
9.748342092226772726e-01
9.438056510133402410e-01
9.807708471494498426e-01
9.977631958169964621e-01
9.514994305847213063e-01
9.873792118647705118e-01
1.028188684210778359e+00
1.040185417286277225e+00
1.014586875299071433e+00
1.023042064069600299e+00
9.808727112974447992e-01
1.022742523345897103e+00
1.000131865846643819e+00
1.012004839841847748e+00
9.937619208584351771e-01
9.871360399716526679e-01
9.690350272433295720e-01
9.360988468996148670e-01
9.506403303784185521e-01
9.810992618024216849e-01
9.681120861884742190e-01
9.930734106928698068e-01
9.990132993303649789e-01
9.513764024747152215e-01
9.573818075304370012e-01
9.502209098627926176e-01
9.921366400145197328e-01
9.976207374587382493e-01
9.855631378865576941e-01
9.375021645701827611e-01
9.538230349721058543e-01
9.848628586284156050e-01
9.533759642542140034e-01
9.426556108830166369e-01
9.672493842804946729e-01
9.730336259440476310e-01
9.729379081760364256e-01
9.527776337843398835e-01
9.461741101655306574e-01
9.450448286205408444e-01
9.652886055967290213e-01
9.691737812724248169e-01
9.661883215203656006e-01
9.520641768249537007e-01
9.035547765360180117e-01
9.086110970305876222e-01
9.250709009873002708e-01
9.304052248590439778e-01
9.456666888570987028e-01
9.633377439225452310e-01
9.285518622436313985e-01
9.504123671166170295e-01
9.073581258751111100e-01
9.288103533614560092e-01
9.052828434577547823e-01
9.220888687378773207e-01
8.658738237818838224e-01
9.091516685584448698e-01
8.685048441446224787e-01
8.734472643422152016e-01
8.586534524326983053e-01
8.677315361724491360e-01
8.492271464512178847e-01
8.562201763053428616e-01
8.381644224338467009e-01
8.321546844605203219e-01
8.575522799987655986e-01
8.062567440967299826e-01
8.404223441461385891e-01
8.395351699967257275e-01
8.352695672307477448e-01
8.310210978023069295e-01
8.506814435511220740e-01
8.417126903410221406e-01
8.522115277395215793e-01
8.319113574884812179e-01
7.746835359753619921e-01
8.195276024029549689e-01
8.077304128401326944e-01
7.870403679875307423e-01
7.965168187533766542e-01
8.000131551776173966e-01
8.146789253009653065e-01
8.066248374950364397e-01
8.231720124102727132e-01
8.569659110194736140e-01
8.289727088454942328e-01
8.219264079113896004e-01
7.730275209301792350e-01
7.771464175279169107e-01
7.744573798775786777e-01
7.917742558920768392e-01
7.652475781341232519e-01
7.905320003584392907e-01
7.388104992253899939e-01
7.701121226095793970e-01
7.256764300022353620e-01
7.511369494097507316e-01
7.186844221081128969e-01
7.358062842300444606e-01
7.326152489619142116e-01
7.054583906424543027e-01
7.234363903101564963e-01
6.923308363294123913e-01
6.989719394999344138e-01
6.911956184842513728e-01
6.978070554344186771e-01
7.037653455519758960e-01
7.326898006111856043e-01
7.208704645435970448e-01
7.047692463304633392e-01
6.986147449149682220e-01
7.257540443243850614e-01
7.140446791969070617e-01
7.128125083452220290e-01
7.219899457257886732e-01
7.155508887292920672e-01
7.265082013677730544e-01
7.127855947888878108e-01
6.833413960123272402e-01
6.815753509589282944e-01
6.689382514554359505e-01
6.726343038281349385e-01
6.721011384815023249e-01
6.568584492277260711e-01
6.734335965408859703e-01
6.588477198629788534e-01
6.619218669971731472e-01
6.492052795780783869e-01
6.671355141305049807e-01
6.710573536056148036e-01
6.551440972423142606e-01
6.564153722725871720e-01
6.718171330230665594e-01
6.254321656173477129e-01
6.525628884179465183e-01
6.266048556558710958e-01
6.553686112402888897e-01
6.639007534022924872e-01
6.691965249316145226e-01
6.318064590344170117e-01
6.467015246852414467e-01
6.603768630888060542e-01
6.523635378161527498e-01
6.305678727116824644e-01
6.237960409104523762e-01
6.379728977783711841e-01
6.283510516236320287e-01
6.050681761393676972e-01
5.909947903753012266e-01
6.028430501283227327e-01
6.308082244601139754e-01
6.210107171969939666e-01
6.053206399420042461e-01
6.159089602095871863e-01
6.185759170193854128e-01
5.906322231712106685e-01
6.062241112939938947e-01
6.010628394606375435e-01
5.655116515948019895e-01
5.969251786728244635e-01
6.059810000970735633e-01
6.097302065000531623e-01
5.888357336303756684e-01
5.906691402069335073e-01
6.093041158007395097e-01
5.877094456615282736e-01
5.516554216102621533e-01
5.817560841420398310e-01
5.573386190132885165e-01
5.482950921227738306e-01
5.624266691312109767e-01
5.406383498672080457e-01
5.696379344814547219e-01
5.676730870144394148e-01
5.505932823955863586e-01
5.669975318437181500e-01
5.368075399699289152e-01
5.467296437993290903e-01
5.338426873280138762e-01
5.375803157065710547e-01
5.543741849571802716e-01
5.516635029707204207e-01
5.255798561535213187e-01
5.385811450057692573e-01
5.570869594677717584e-01
5.509545042424561778e-01
