4.750358894753360003e+07
0.000000000000000000e+00
0.000000000000000000e+00
0.000000000000000000e+00
0.000000000000000000e+00
0.000000000000000000e+00
0.000000000000000000e+00
0.000000000000000000e+00
0.000000000000000000e+00
0.000000000000000000e+00
0.000000000000000000e+00
0.000000000000000000e+00
0.000000000000000000e+00
0.000000000000000000e+00
0.000000000000000000e+00
0.000000000000000000e+00
0.000000000000000000e+00
0.000000000000000000e+00
0.000000000000000000e+00
0.000000000000000000e+00
0.000000000000000000e+00
0.000000000000000000e+00
0.000000000000000000e+00
0.000000000000000000e+00
0.000000000000000000e+00
0.000000000000000000e+00
0.000000000000000000e+00
0.000000000000000000e+00
0.000000000000000000e+00
0.000000000000000000e+00
0.000000000000000000e+00
0.000000000000000000e+00
0.000000000000000000e+00
0.000000000000000000e+00
0.000000000000000000e+00
0.000000000000000000e+00
0.000000000000000000e+00
0.000000000000000000e+00
0.000000000000000000e+00
0.000000000000000000e+00
0.000000000000000000e+00
0.000000000000000000e+00
0.000000000000000000e+00
0.000000000000000000e+00
0.000000000000000000e+00
0.000000000000000000e+00
0.000000000000000000e+00
0.000000000000000000e+00
0.000000000000000000e+00
0.000000000000000000e+00
0.000000000000000000e+00
0.000000000000000000e+00
0.000000000000000000e+00
0.000000000000000000e+00
0.000000000000000000e+00
8.565828036198787354e-02
1.653060809909424611e-01
0.000000000000000000e+00
1.541965849469417726e-01
0.000000000000000000e+00
0.000000000000000000e+00
1.395202553670799039e-01
0.000000000000000000e+00
0.000000000000000000e+00
0.000000000000000000e+00
1.230002593155351681e-01
0.000000000000000000e+00
0.000000000000000000e+00
0.000000000000000000e+00
0.000000000000000000e+00
1.061723786231817401e-01
0.000000000000000000e+00
0.000000000000000000e+00
0.000000000000000000e+00
0.000000000000000000e+00
0.000000000000000000e+00
9.017123299255228042e-02
0.000000000000000000e+00
0.000000000000000000e+00
0.000000000000000000e+00
0.000000000000000000e+00
0.000000000000000000e+00
3.876625539081898081e-02
3.784329343716212601e-02
0.000000000000000000e+00
0.000000000000000000e+00
0.000000000000000000e+00
0.000000000000000000e+00
0.000000000000000000e+00
3.293946023158155628e-02
3.221554551402551481e-02
0.000000000000000000e+00
0.000000000000000000e+00
0.000000000000000000e+00
0.000000000000000000e+00
0.000000000000000000e+00
0.000000000000000000e+00
2.775581783460578586e-02
8.158534051861762726e-02
2.665122954867250524e-02
2.612349984571910727e-02
5.122258186333971536e-02
5.022800017926540989e-02
9.852421431062308166e-02
9.664761989257145136e-02
9.482413450631978213e-02
2.326294321641999424e-02
1.141608019881061725e-01
2.241323353696869983e-02
1.320343891732448371e-01
6.482772805752988476e-02
4.244674739658064327e-02
1.250864919526668007e-01
6.144602443851695378e-02
1.207548501932521334e-01
3.955764067989912813e-02
3.888145830120753182e-02
1.146673993324490576e-01
1.879004364956287157e-02
1.478150685231689465e-01
9.085743771092473497e-02
8.936800515107519438e-02
5.274893948056083581e-02
6.919755830365915961e-02
6.809042118020028345e-02
6.700964371760462224e-02
9.893159357907646556e-02
4.869290956294792388e-02
1.278346559258948800e-01
1.258680080022455683e-01
1.084530970577194803e-01
7.629278570706847507e-02
6.011643804326152751e-02
1.036335904721780582e-01
8.751283398040807238e-02
5.748393593617527608e-02
9.912834645465853911e-02
6.977980648681400555e-02
9.628611711776180471e-02
8.135196404567832107e-02
5.346536997518728379e-02
9.224661098066913589e-02
1.299378139537946640e-02
7.687989078379918462e-02
6.318291285461151430e-02
2.492696285132086145e-02
9.835130306740436090e-02
1.455333776509789567e-01
1.196499491852901775e-01
1.062491762900790032e-01
1.164910257133997401e-01
1.494457527154379184e-01
9.076445628575688374e-02
1.007839280125917419e-01
1.105372315461513877e-01
6.547206425263966956e-02
1.077300609476600779e-01
1.170030483757686229e-01
7.351993819279016573e-02
1.348303375837137941e-01
7.169908750890693905e-02
8.093019988755048577e-02
9.992150479368866467e-02
1.085732615568707898e-01
6.825460614892452094e-02
1.252313613650422874e-01
1.522850493729712706e-01
1.692811728647386771e-01
1.486914390176028722e-01
1.653099167993425933e-01
1.179941314137734898e-01
1.435349196051763088e-01
9.753945778575616454e-02
1.577754441942723906e-01
1.473071873326733117e-01
7.709996124962147090e-02
9.316851447271298770e-02
1.507445808657753017e-01
1.656225572149200576e-01
1.555932093365240410e-01
1.781698541467008345e-01
1.281541552531384742e-01
1.505198731740439722e-01
1.175398450991132770e-01
2.247870359272687302e-01
1.150189626408422428e-01
1.137888250968137754e-01
1.125783171583759901e-01
1.782192374250972100e-01
1.028669033384232989e-01
1.599553573876715262e-01
1.798740578331347040e-01
1.352876719919876292e-01
1.902689518840431637e-01
1.255449950996318509e-01
1.449745907093731301e-01
1.503362458813056191e-01
1.826399179473318368e-01
1.406256105419102231e-01
1.789963279895333825e-01
2.100329300951449818e-01
1.819592365553994173e-01
1.608629904374769548e-01
1.720287881893339255e-01
1.451133649738035325e-01
1.437045084731967126e-01
1.546913804015422333e-01
1.777166107651880211e-01
1.820855031533797075e-01
1.863630809637567276e-01
1.250493229218727076e-01
2.182464753051883699e-01
2.103540594357713733e-01
2.025995883557169253e-01
2.408579456111668848e-01
2.159013387454541688e-01
2.476869754603344964e-01
2.900354764260313356e-01
1.934334022836480538e-01
3.231091659853053133e-01
3.473194534852245829e-01
2.527648768898114739e-01
2.345087122072360974e-01
2.588256822999986939e-01
2.303490018472443834e-01
2.438771554088932647e-01
2.880169027672990767e-01
2.905884988183863871e-01
3.436393411525250907e-01
3.556799209332608958e-01
2.880398127363320571e-01
2.806333345132218104e-01
3.026301356434260015e-01
3.339194559350828206e-01
3.310776054514599775e-01
3.235143164189920872e-01
2.971971765644478847e-01
2.619553209403585603e-01
3.525358244253298245e-01
3.081982747153080293e-01
3.330114298801506445e-01
2.850182870826069581e-01
2.826724708562154409e-01
2.937057581500676084e-01
3.354457755377152073e-01
3.020734559785269169e-01
2.475183947458239053e-01
3.618223213997575072e-01
3.204608336628828602e-01
2.755108726252208928e-01
3.153641290717483781e-01
2.586319686080501556e-01
3.352190981018074445e-01
3.120499869322584385e-01
4.032980567939507544e-01
2.627229792210682424e-01
3.649498338868549796e-01
3.780381765361217616e-01
3.316841484199912760e-01
3.408874853989707909e-01
3.693811113924496126e-01
3.704199632810352139e-01
3.905782884986976899e-01
4.218210859474108565e-01
4.638956588042448814e-01
3.630857771327345440e-01
3.938020711581962652e-01
4.203623776421669955e-01
3.696573609368313251e-01
4.286778431480272600e-01
4.146960262350953830e-01
4.438626414137427090e-01
5.010172501755046914e-01
5.326339797448238489e-01
5.182551237823065371e-01
4.136855441574358028e-01
5.314923808694113072e-01
5.345215516330759087e-01
4.694564255754354876e-01
5.539197208038686426e-01
4.795533324379885887e-01
4.794819953594682826e-01
4.694810352276351240e-01
5.154186660648003571e-01
5.346208922923639806e-01
5.632531718905450235e-01
5.946878996806167494e-01
5.905581392538753471e-01
5.198988361386956969e-01
5.981678952745564937e-01
5.315244980675747355e-01
5.651463289077482965e-01
5.982967352975213648e-01
5.299031958995786828e-01
5.110993553298351921e-01
4.985808874456437723e-01
5.612532468720508039e-01
5.008434513636486063e-01
5.241447694300976901e-01
6.265454976374859042e-01
6.428363023448879776e-01
5.689159467476783139e-01
6.487814613402225206e-01
5.814941114346111606e-01
5.862182073618102951e-01
5.145358483886190992e-01
6.010623117323036224e-01
5.776260745685830589e-01
6.293354662710390901e-01
5.701849210491125586e-01
6.020965841888386016e-01
6.036755221770820912e-01
4.701277656529396776e-01
6.121057446476357855e-01
6.135546297144003347e-01
5.699102082485666410e-01
6.084589124695416462e-01
5.706052225682943790e-01
6.320538927683020392e-01
6.358579338853611596e-01
6.961133100931443662e-01
6.560514287540271106e-01
6.037876673548230322e-01
5.798904908308574191e-01
6.565058680794809698e-01
6.599493622441435781e-01
6.410621272383068003e-01
6.346931729187336169e-01
6.210544821308188190e-01
6.464538591189040728e-01
7.101844165222511718e-01
6.290728811296750767e-01
6.372277815421437674e-01
6.547630259981909173e-01
5.918998375644944909e-01
6.985507455553590095e-01
6.617819996830826001e-01
6.069046796700992008e-01
5.987186037828002849e-01
6.409811044303710403e-01
6.827375306480426564e-01
6.425451955924358360e-01
6.882829846086541137e-01
6.350846522410472650e-01
7.225562642172542738e-01
6.940652619190595951e-01
6.812742612470211734e-01
7.123193622335769470e-01
6.952022714646480805e-01
6.761090482554454884e-01
6.958822162993659743e-01
7.517246279618295945e-01
7.049959413200519442e-01
7.749148889100613280e-01
6.949639768630309078e-01
7.495179171026805642e-01
6.768077356803577915e-01
7.597356576686031815e-01
7.000722197941527947e-01
7.594722978712949990e-01
7.451132985675350540e-01
7.632063701951730117e-01
6.826996603424658749e-01
7.628186905834033471e-01
7.725406320747429945e-01
7.130159341515688309e-01
7.660964442294480037e-01
6.759712278419541809e-01
6.878521167471065567e-01
7.053924075997243248e-01
7.880871303056680155e-01
8.354695106393092985e-01
7.492219178394465828e-01
7.679123086185180025e-01
7.788673631045205381e-01
7.447834194065846569e-01
7.836442411891911819e-01
7.535764368643621536e-01
7.348656412623760792e-01
7.804639620782494180e-01
7.362729749329688378e-01
7.015985757530550648e-01
7.772866537188335423e-01
7.301809420576104159e-01
8.316872632243372809e-01
7.634603977623519722e-01
7.948411480414198094e-01
7.802007839792785004e-01
6.887807527812525032e-01
7.356856276831021946e-01
8.374716511240007932e-01
7.402386440579776794e-01
7.673005754035145953e-01
8.162306020257713568e-01
7.442816976858378508e-01
7.928147434962951046e-01
7.451838319689607637e-01
8.032257972884941921e-01
8.457226655611658206e-01
7.770180917495919104e-01
8.537469365613363781e-01
7.381970156348801604e-01
8.078239981096402289e-01
8.297547123548756343e-01
8.337202248346765598e-01
7.654265261875712323e-01
8.910046017352941661e-01
8.373793330593140016e-01
7.558065041706948373e-01
8.559688072675197823e-01
8.079606890848449741e-01
8.710417706664694837e-01
7.768848893495922114e-01
8.518338720987885804e-01
9.352658548176372433e-01
8.176709774684408627e-01
8.167913551231004154e-01
9.218732056293940103e-01
8.316010201064178986e-01
9.071065557310636907e-01
8.983205883801720359e-01
8.198054158759067178e-01
8.499263276829741587e-01
9.386003559296545173e-01
9.239337598869414858e-01
8.744177978040876820e-01
8.833770041698506548e-01
9.297806381965030287e-01
8.967054452531082465e-01
8.968257621430310023e-01
8.314447726561801089e-01
9.182908952547161885e-01
8.505737234265279278e-01
8.831598482902035530e-01
8.427613804406648423e-01
8.625459631719767373e-01
8.447500301494484942e-01
8.891406743633043508e-01
9.001844834926209238e-01
8.701388372381677616e-01
9.287434387482644826e-01
8.622732191481299324e-01
8.637704878747837212e-01
8.236600573460921559e-01
8.586858890385039578e-01
8.947187365018826055e-01
8.443930259484018208e-01
8.498465614774199928e-01
8.814775691565291948e-01
9.454663181771083558e-01
8.541667615198395014e-01
8.892177376481454898e-01
8.466328056894985021e-01
8.698452616723733044e-01
8.724083634267250087e-01
9.410698281935365728e-01
9.483467217284474726e-01
8.660469455182052689e-01
9.313053977269415418e-01
9.347542791937953899e-01
9.493627015166093974e-01
9.303865497258556605e-01
8.659255133715253461e-01
9.248310405250871336e-01
9.196303660334665953e-01
8.949831696637392531e-01
9.493478398970287557e-01
9.090727655651544836e-01
9.160152057622638067e-01
9.552094293169860473e-01
9.845271459885094334e-01
9.411886848057602339e-01
9.525731171091321725e-01
9.320777061635230343e-01
8.648700032910106028e-01
9.417581755620157979e-01
9.424578840372975774e-01
9.512440952286855822e-01
8.193559756330881516e-01
9.169305989919523947e-01
8.925471345941133894e-01
9.616810025451807409e-01
9.100972905470261498e-01
8.939209939435392993e-01
9.543046505749681607e-01
9.223922740084580241e-01
9.509337382002213124e-01
9.403750219082372963e-01
8.956179684344708347e-01
8.930635781111171401e-01
9.300038477075609489e-01
9.699131301137915440e-01
9.050608401107174128e-01
9.338989135731796676e-01
9.722078380343607273e-01
9.467940289194528569e-01
9.055215233666911168e-01
9.722447101940108194e-01
9.715332981112240196e-01
9.338059576040077525e-01
9.363980914004783607e-01
9.882707715545187011e-01
9.603074604732906305e-01
9.617007298717082930e-01
9.879557296540252276e-01
9.664968751528423274e-01
9.595987426556857880e-01
9.209891735966606596e-01
9.683920710968824119e-01
9.330850519363016460e-01
9.942301364185567314e-01
9.641254449906651036e-01
8.950697786628613040e-01
9.466232571624001446e-01
1.030663060081012050e+00
9.591504126021467291e-01
9.831338829640656751e-01
9.202230339121739711e-01
1.019729441679288806e+00
1.008963664423556006e+00
9.846380654118725984e-01
9.245942941734772713e-01
9.017288994685924708e-01
9.358361725291476363e-01
9.159659339173970016e-01
9.373256518701437168e-01
9.128276624695381702e-01
9.861780870852888681e-01
9.229358542971360935e-01
9.514504253091722319e-01
9.413039360841164438e-01
9.321610291341154708e-01
9.398295347701101088e-01
9.344554997157054066e-01
9.577458472770675746e-01
1.010299947772973495e+00
9.139504414243625474e-01
9.626105461420222387e-01
9.553990958833648017e-01
9.527671186560161543e-01
9.645989818879291411e-01
8.548573043935281390e-01
8.992250402716029933e-01
9.664849783606929146e-01
9.148803322000014226e-01
9.283764541490994171e-01
9.541361898454943091e-01
9.761807637393768999e-01
1.004197577886750903e+00
9.647185446424501043e-01
9.246488155347671878e-01
9.369138735646861393e-01
9.568635353340980698e-01
9.809693144303047729e-01
9.353848815977456876e-01
9.089334527271298869e-01
9.627533894094680855e-01
9.830729956163209993e-01
9.025785651090210138e-01
9.541424024273857940e-01
9.137862383239473418e-01
9.582369593652542150e-01
9.623381609767412970e-01
9.730519051543011777e-01
9.480790447767706297e-01
9.389533101615298305e-01
9.323525873319006285e-01
9.782267839033781387e-01
9.478469930763224749e-01
9.876388958929362971e-01
1.044170745154192614e+00
9.855855269464145474e-01
9.942210000509648093e-01
9.787233352622742855e-01
1.020887270314984052e+00
9.735258945032084776e-01
9.090208015237264405e-01
1.025340195236005059e+00
9.374369914481250898e-01
9.821325202975561552e-01
9.818836942083253305e-01
9.995779137039474405e-01
9.596000470865353460e-01
9.617385431336621382e-01
9.430041282551943072e-01
9.705730971631423287e-01
9.749368354931757796e-01
9.509804755317857738e-01
1.020889710197223410e+00
9.597241380783023690e-01
9.920415242652914634e-01
1.003773026452797090e+00
9.718265941086929871e-01
9.737979813827332132e-01
1.007106030085311188e+00
9.806608631310688162e-01
1.004813275872966649e+00
9.814975534512996314e-01
9.119253764450162558e-01
9.632132018969953302e-01
9.709835358176264197e-01
9.823433268878860591e-01
9.928955496782742030e-01
1.014963802730422415e+00
1.013052677110409361e+00
9.809221223817682356e-01
9.977747013310134250e-01
1.022375519383265541e+00
1.006191167745039472e+00
1.008574291957002655e+00
9.543013220958564968e-01
1.008338329707678449e+00
1.043731246739304730e+00
1.021403609962472814e+00
1.001311922013413902e+00
9.987573956796045316e-01
1.021206293487859851e+00
9.715388144007155447e-01
1.000817698577336268e+00
1.051215695553025631e+00
9.738172857541362859e-01
9.843480564391711152e-01
1.037022466833474432e+00
1.060168967650170435e+00
1.033097060426383162e+00
9.846121762492985319e-01
1.035250728862446179e+00
1.060097948123003064e+00
1.068750655144221406e+00
1.062694404278750726e+00
1.040077713607526100e+00
1.113536308481894332e+00
1.038127378503239662e+00
1.067725864722178786e+00
1.125314770658251806e+00
1.093682646569538175e+00
1.104577034769193222e+00
1.043331876637363154e+00
1.043302414499369446e+00
1.063914031102122237e+00
1.034867515577935437e+00
1.016896706097550895e+00
1.020764673033667913e+00
1.101066666878455225e+00
1.029684443145391759e+00
1.039161547411967756e+00
1.046681259086351901e+00
1.043450763941689230e+00
1.029569340194669946e+00
1.072686450040376105e+00
1.017012616756302279e+00
1.047461445981191064e+00
1.043633562156017547e+00
1.042913383430199348e+00
1.032953432909559099e+00
1.026733810852860751e+00
1.040750057427665798e+00
1.040028066269455875e+00
1.063036875358872813e+00
1.042829385954346488e+00
1.029997067125288490e+00
1.011810643854846870e+00
1.031602777588722653e+00
1.030293611790233488e+00
1.064840876291212712e+00
1.012195132454797086e+00
9.854011482845878023e-01
1.001993269576883172e+00
1.032651956642134827e+00
1.031335401056246992e+00
1.020631584962867322e+00
1.033978485333024722e+00
1.007568884284020916e+00
1.001088926312099670e+00
9.784038703183888241e-01
9.986392204849772192e-01
9.962655754912664863e-01
1.037589564653298213e+00
1.019058324472670751e+00
1.045777168827383141e+00
9.823087016971835395e-01
9.976076717503384872e-01
9.612658640653278797e-01
9.364281873941073808e-01
9.849402700124231247e-01
1.001159827665890845e+00
9.652130131863730922e-01
1.024930134553610594e+00
9.868879291125113307e-01
9.762572885902314201e-01
9.524024316404673396e-01
1.019728574836652468e+00
1.028340019513924286e+00
1.042932443693213029e+00
1.035007802686572997e+00
1.018396836185961440e+00
9.986134881218882153e-01
1.019073125613680242e+00
9.837095122813890313e-01
9.841344260313257264e-01
9.985334494769091407e-01
1.029468047055368096e+00
9.768162681083294441e-01
1.011360810878514149e+00
9.898848461123820330e-01
9.754180346909376853e-01
1.035564366562365501e+00
9.614770897828441854e-01
1.003969808731816293e+00
1.020535571602434688e+00
1.001461678656256016e+00
1.031485152143494011e+00
9.657016378383525002e-01
9.588502137025822769e-01
1.019223527909707494e+00
1.000399015047683360e+00
1.006859896182239256e+00
9.840664250726068873e-01
1.009951206118548939e+00
9.979713829575542761e-01
1.017058925848910667e+00
1.072024469093421972e+00
9.841408212177843451e-01
9.753733747654723674e-01
9.872603647120717918e-01
1.013615670022395721e+00
9.838317982980842036e-01
1.034971408612300081e+00
1.004787445550022529e+00
1.013934075773596843e+00
1.009182157043778449e+00
9.916317168359743972e-01
9.874507634805459455e-01
9.813272347548486207e-01
9.449101665522859905e-01
9.798996051896697868e-01
9.748082927243922891e-01
1.010005354778512610e+00
9.734059077065160270e-01
9.881448156194682086e-01
9.628618150279032450e-01
9.823415937300670198e-01
9.773043303456021569e-01
9.990202332466687762e-01
9.982424357027719353e-01
1.035445802377330748e+00
1.019889397183535440e+00
1.019523523070338111e+00
9.833630539731704756e-01
9.600738032960761670e-01
9.804711921171248568e-01
9.839372441994621576e-01
9.962347705592252689e-01
1.020081836220960048e+00
9.918872060700452131e-01
1.020235425418777542e+00
9.861884765867759972e-01
1.030489535863880812e+00
1.002549884819131876e+00
1.057546025921475064e+00
1.021006835894576303e+00
1.038347757481189015e+00
9.475841832400533349e-01
9.555142217135444982e-01
1.010350609382973719e+00
9.739420895843684534e-01
1.001492151209120607e+00
9.948527293996785037e-01
9.663529604282540264e-01
9.994913297100340710e-01
9.857873974130798578e-01
9.836768428425494148e-01
1.008987231113927407e+00
9.543410980833709756e-01
9.589162007849276748e-01
1.014796674257821607e+00
9.968683475717459164e-01
9.838301404792593186e-01
9.926236547293568746e-01
1.014396184007162915e+00
9.875430564464491301e-01
9.776729444829830307e-01
1.015682332166502722e+00
1.002775570527918880e+00
1.021657093382059456e+00
1.031458913009201117e+00
1.030970420025063117e+00
1.016015202163744968e+00
9.968886013489804965e-01
1.004524372622315420e+00
1.012540583837130193e+00
1.035675492528354447e+00
1.033483565067525811e+00
9.847840582187759040e-01
1.027868922195410040e+00
1.026120243438535473e+00
1.013563538028489530e+00
1.025543515728043475e+00
1.020907322323432176e+00
9.783143417819896159e-01
9.923420175440410551e-01
1.020672350987939847e+00
1.001741790726375703e+00
1.048701527906267694e+00
9.894291257529050920e-01
9.881939604370097996e-01
9.776317792294643150e-01
9.889700760050903483e-01
1.024064780830175048e+00
9.921423979422109296e-01
9.716208860509852885e-01
9.708304239494178756e-01
9.548527926077866601e-01
9.871940703621059354e-01
9.907374111564394292e-01
9.526014579311605779e-01
9.902433621317433543e-01
9.894014825914155820e-01
9.932869454818312738e-01
1.016794923476306511e+00
1.028427481145136380e+00
9.805718239884667620e-01
1.028502448704359917e+00
1.016279064620756012e+00
1.007605157725217859e+00
9.881287346653637726e-01
9.857390653726700869e-01
9.864406814259767398e-01
9.986680030554335730e-01
9.805392024777180859e-01
9.904208886894576569e-01
1.007121570400901778e+00
9.830028304128261007e-01
9.529200565895966646e-01
9.911789555026888632e-01
9.710424388875170676e-01
9.589180307147049387e-01
9.573818075304370012e-01
9.648570139246602784e-01
9.618109540367173471e-01
9.894037190296509632e-01
9.892892745137280563e-01
9.884291259286740461e-01
9.512270935861009136e-01
9.826430325007783351e-01
9.611269883538418046e-01
9.456014096670261049e-01
9.466774262403474527e-01
9.151280466976599026e-01
9.923162280307263883e-01
9.429288603876411212e-01
9.312536722744588769e-01
9.297963142901287670e-01
9.424694002861871978e-01
9.236421271186867621e-01
8.958873055888464387e-01
9.470287032792229498e-01
9.275969409633068041e-01
8.964390019561038203e-01
9.032835168327730813e-01
9.004726170887797920e-01
9.058491440631155633e-01
9.080061209284667756e-01
8.793640921019146850e-01
9.062810350625394307e-01
9.214475377675818146e-01
8.883967360188274043e-01
8.888040310477957062e-01
8.738156275065317447e-01
8.892569540492704094e-01
8.823402252497508647e-01
8.619042073291233175e-01
8.755269006858871217e-01
8.773273495053385274e-01
8.542756594683833526e-01
8.364904604282366041e-01
8.407649384658961722e-01
8.573537959646297946e-01
8.499328453446399756e-01
8.711967076837101587e-01
8.511811384491015930e-01
8.427992962305923541e-01
8.432619201460251901e-01
8.450724071537309978e-01
8.633985431712279945e-01
8.217421222910760159e-01
8.383552404393826984e-01
8.173726916998556025e-01
8.162023041329333761e-01
8.273740218488476739e-01
7.925760247356227195e-01
8.156981604390489693e-01
8.208274544920459714e-01
8.137030737638230038e-01
8.442018455295550172e-01
8.117176529553640218e-01
8.171303298840641993e-01
8.153104412611097418e-01
7.697005036044470838e-01
7.999488807230515919e-01
7.753961322457804117e-01
7.662095545549025832e-01
7.713153898015715493e-01
7.495687245142341748e-01
7.369467106775542398e-01
7.510882453175120599e-01
7.677343675292559455e-01
7.368881822282727923e-01
7.605216852171811093e-01
7.594881669605813013e-01
7.419068767263258257e-01
7.377392454958666690e-01
7.389751312766854596e-01
7.338800141737604754e-01
7.411099103842241353e-01
7.476768611778161766e-01
7.114924429610340884e-01
7.133901947541930744e-01
7.340434916663067799e-01
7.352564501804519370e-01
6.897523187600117511e-01
7.364185018865605503e-01
7.276916044231493963e-01
7.239508500497296994e-01
7.023192862048399654e-01
6.857081929822075317e-01
7.026716042376796034e-01
6.855146110807105453e-01
7.057688914131703406e-01
6.969215228682221763e-01
6.972528375543056711e-01
6.765989540978136763e-01
6.927479605222659487e-01
6.867227436583070999e-01
6.897859205387354420e-01
6.599715334288602797e-01
6.687917774594358544e-01
6.865791925885784686e-01
6.722353161199947635e-01
6.884420593668059141e-01
6.768367355640314553e-01
6.998081670279974187e-01
6.733732014843520908e-01
6.935840138856619319e-01
6.575103061714061559e-01
6.608426342258644226e-01
6.615086719727345521e-01
6.512959017894935920e-01
6.552024686407605936e-01
6.421163256931252672e-01
6.597494174651571397e-01
6.420427391331212652e-01
6.607624965861051969e-01
6.553141867247191943e-01
6.267183606891457703e-01
6.057548818530142931e-01
6.529403402368567644e-01
6.227972964619264973e-01
6.125952832697950656e-01
6.293748802880966275e-01
6.452252947031924535e-01
6.353215849463361709e-01
6.331476718092986511e-01
6.389397344122911271e-01
6.254191254202118300e-01
6.215768163010934044e-01
6.180315259883831791e-01
6.060431416249942860e-01
6.143564360028820337e-01
5.864214421124805954e-01
6.028624249097388477e-01
6.013424035720145167e-01
5.925736299888305636e-01
5.921920965658105107e-01
6.070923820321438846e-01
5.739615859277443777e-01
5.625484240933052993e-01
5.738244382187974724e-01
5.649359734923183884e-01
5.448069311443554108e-01
5.911770040539824356e-01
5.472451299980205519e-01
5.682721868212980976e-01
5.758462385428734231e-01
5.526263980330872183e-01
5.534071953163330893e-01
5.427963564168835076e-01
5.644261484805150886e-01
5.684153307713140091e-01
5.443607482529994046e-01
5.550955723937541775e-01
5.561236239333381404e-01
5.491106417573650145e-01
5.370456759097470556e-01
5.482381857974040207e-01
5.359549379730020879e-01
5.311598242926639513e-01
5.383159647275783666e-01
5.401493987048561207e-01
5.285042967349734555e-01
