4.750358894753358513e+07
0.000000000000000000e+00
0.000000000000000000e+00
0.000000000000000000e+00
0.000000000000000000e+00
0.000000000000000000e+00
0.000000000000000000e+00
0.000000000000000000e+00
0.000000000000000000e+00
0.000000000000000000e+00
0.000000000000000000e+00
0.000000000000000000e+00
0.000000000000000000e+00
0.000000000000000000e+00
0.000000000000000000e+00
0.000000000000000000e+00
0.000000000000000000e+00
0.000000000000000000e+00
0.000000000000000000e+00
0.000000000000000000e+00
0.000000000000000000e+00
0.000000000000000000e+00
0.000000000000000000e+00
0.000000000000000000e+00
0.000000000000000000e+00
0.000000000000000000e+00
0.000000000000000000e+00
0.000000000000000000e+00
0.000000000000000000e+00
0.000000000000000000e+00
0.000000000000000000e+00
0.000000000000000000e+00
0.000000000000000000e+00
0.000000000000000000e+00
0.000000000000000000e+00
0.000000000000000000e+00
0.000000000000000000e+00
0.000000000000000000e+00
0.000000000000000000e+00
0.000000000000000000e+00
0.000000000000000000e+00
0.000000000000000000e+00
0.000000000000000000e+00
0.000000000000000000e+00
0.000000000000000000e+00
0.000000000000000000e+00
0.000000000000000000e+00
0.000000000000000000e+00
0.000000000000000000e+00
0.000000000000000000e+00
0.000000000000000000e+00
0.000000000000000000e+00
0.000000000000000000e+00
0.000000000000000000e+00
0.000000000000000000e+00
0.000000000000000000e+00
0.000000000000000000e+00
0.000000000000000000e+00
0.000000000000000000e+00
0.000000000000000000e+00
0.000000000000000000e+00
0.000000000000000000e+00
0.000000000000000000e+00
0.000000000000000000e+00
0.000000000000000000e+00
0.000000000000000000e+00
0.000000000000000000e+00
0.000000000000000000e+00
0.000000000000000000e+00
0.000000000000000000e+00
0.000000000000000000e+00
0.000000000000000000e+00
0.000000000000000000e+00
0.000000000000000000e+00
0.000000000000000000e+00
0.000000000000000000e+00
0.000000000000000000e+00
0.000000000000000000e+00
0.000000000000000000e+00
0.000000000000000000e+00
0.000000000000000000e+00
0.000000000000000000e+00
0.000000000000000000e+00
0.000000000000000000e+00
0.000000000000000000e+00
0.000000000000000000e+00
0.000000000000000000e+00
0.000000000000000000e+00
0.000000000000000000e+00
0.000000000000000000e+00
0.000000000000000000e+00
0.000000000000000000e+00
0.000000000000000000e+00
0.000000000000000000e+00
0.000000000000000000e+00
0.000000000000000000e+00
0.000000000000000000e+00
0.000000000000000000e+00
0.000000000000000000e+00
0.000000000000000000e+00
0.000000000000000000e+00
0.000000000000000000e+00
0.000000000000000000e+00
0.000000000000000000e+00
0.000000000000000000e+00
0.000000000000000000e+00
0.000000000000000000e+00
0.000000000000000000e+00
0.000000000000000000e+00
0.000000000000000000e+00
0.000000000000000000e+00
0.000000000000000000e+00
0.000000000000000000e+00
0.000000000000000000e+00
0.000000000000000000e+00
0.000000000000000000e+00
0.000000000000000000e+00
0.000000000000000000e+00
0.000000000000000000e+00
0.000000000000000000e+00
0.000000000000000000e+00
0.000000000000000000e+00
0.000000000000000000e+00
0.000000000000000000e+00
0.000000000000000000e+00
0.000000000000000000e+00
0.000000000000000000e+00
0.000000000000000000e+00
0.000000000000000000e+00
0.000000000000000000e+00
0.000000000000000000e+00
0.000000000000000000e+00
0.000000000000000000e+00
0.000000000000000000e+00
0.000000000000000000e+00
0.000000000000000000e+00
0.000000000000000000e+00
0.000000000000000000e+00
0.000000000000000000e+00
0.000000000000000000e+00
0.000000000000000000e+00
0.000000000000000000e+00
0.000000000000000000e+00
0.000000000000000000e+00
0.000000000000000000e+00
0.000000000000000000e+00
0.000000000000000000e+00
0.000000000000000000e+00
0.000000000000000000e+00
0.000000000000000000e+00
0.000000000000000000e+00
0.000000000000000000e+00
0.000000000000000000e+00
0.000000000000000000e+00
0.000000000000000000e+00
0.000000000000000000e+00
0.000000000000000000e+00
0.000000000000000000e+00
0.000000000000000000e+00
0.000000000000000000e+00
0.000000000000000000e+00
0.000000000000000000e+00
0.000000000000000000e+00
0.000000000000000000e+00
0.000000000000000000e+00
0.000000000000000000e+00
1.631765366631447028e-02
1.074893212834796691e-02
1.062172732440623373e-02
1.049676727629238367e-02
2.593499869027191679e-02
2.050674588462707976e-02
5.067419083393755533e-03
1.502752059603770785e-02
9.903852922364486319e-03
4.895655178574597442e-03
1.452101289862054410e-02
4.785952392169413698e-03
2.366239311598145045e-02
3.275927249964632332e-02
2.314092520822685906e-02
2.288663189995947603e-02
1.810920582293496645e-02
8.956184288891406303e-03
1.771872324616725891e-02
2.191025148237731382e-02
4.335183897529161501e-03
3.431252285736718921e-02
5.941150387137065364e-02
2.939306271257311268e-02
3.739536614341065074e-02
2.055879701116457986e-02
2.848405615853531400e-02
2.416320746510492237e-02
3.587307281986393259e-02
2.367134949924333889e-02
6.248275547957399950e-02
4.638871644660830240e-02
4.209562695703358143e-02
4.925188770630881813e-02
4.126000427616848681e-02
5.942035307073816053e-02
6.618930258576524728e-02
1.019517225653619880e-01
9.374585957422885973e-02
9.640631711958545791e-02
1.131553924736354300e-01
1.050631577597088140e-01
6.590325838620721133e-02
9.963119890111232779e-02
6.805988582880705129e-02
7.415959784064035665e-02
7.680250821646006365e-02
3.969638244250706799e-02
9.504053140604856731e-02
6.818521340835131950e-02
7.720775169240702562e-02
8.606185727208696956e-02
6.316734053711564600e-02
5.320413156573425978e-02
8.683730508054257613e-02
5.224767391578612891e-02
7.005406032612611356e-02
7.848448379483072279e-02
6.881144295061233929e-02
7.116782203808194596e-02
9.405439579080018819e-02
1.048830328629449665e-01
1.328467601598031511e-01
9.161153269693374235e-02
9.365643811212720493e-02
7.315380488528860914e-02
1.032099048754844262e-01
1.078590053743300192e-01
1.288776900504112477e-01
1.440985569881140793e-01
1.374907485946077201e-01
1.817804946405019439e-01
1.564014756495698821e-01
1.419542276276617443e-01
1.642388895395592296e-01
1.706378154409703696e-01
1.410278307809833820e-01
1.627599958732736662e-01
1.992668229701040072e-01
1.676244813004509893e-01
1.935648063993918311e-01
1.772342846682194439e-01
2.441815608346590838e-01
1.937824950465411311e-01
2.234771628116658526e-01
1.883288168461849377e-01
1.892051233207507344e-01
1.619044694752591329e-01
1.815869809950385327e-01
2.194357986569154262e-01
2.314793864011575331e-01
2.228626553885571793e-01
2.166286205656006991e-01
2.127230646554993665e-01
2.355353594907117765e-01
2.469678066236086211e-01
2.604078418747172163e-01
3.235867616392124613e-01
3.017466125174115277e-01
3.101734892847788361e-01
3.248349365494694330e-01
3.434834082580252024e-01
3.137389325879179625e-01
3.010344527885200905e-01
3.379675879636917513e-01
3.927600508184725392e-01
3.573924756647667844e-01
3.951001220749469356e-01
3.802197401893139261e-01
3.615712931269348118e-01
3.274036984692179075e-01
3.524619972728845751e-01
3.557676554790454304e-01
3.397150738022034488e-01
3.430465669685750507e-01
3.387107534258787522e-01
3.816631666634696107e-01
3.301963959876843546e-01
3.595493914941730318e-01
3.477854571454082611e-01
3.618951561993805632e-01
3.849218434836609859e-01
3.967512308119391928e-01
4.281989783638545100e-01
4.091749308633165216e-01
4.684816886164713812e-01
4.952453354230125226e-01
4.778727359155023335e-01
4.694171866896955092e-01
4.956016567451652088e-01
4.528145334823649448e-01
4.344422648083410832e-01
4.586130952654950965e-01
4.807709453642205477e-01
4.708970746946077313e-01
5.142246608564808863e-01
4.548038854392953967e-01
4.780037518443047695e-01
4.927582247299186480e-01
4.992314079882663735e-01
4.526411182457418247e-01
4.895690903331777477e-01
4.943221995765855192e-01
4.974296125674796953e-01
5.442793998087886997e-01
5.485604188874567688e-01
4.925570128429865302e-01
4.802143311298880390e-01
5.915021094942020108e-01
5.832139137898743053e-01
6.066294551211962593e-01
6.192681734294649409e-01
6.644381046291814030e-01
6.041537369901149868e-01
5.901139356716119666e-01
6.331311226315957663e-01
6.524075308553743957e-01
6.368535751606729800e-01
6.200466823128409910e-01
6.447065941980026915e-01
6.605662907647248394e-01
7.029319700708812624e-01
6.916722521891448539e-01
6.972022558219881372e-01
7.247400842001273658e-01
6.627442578556996811e-01
6.928613302749638825e-01
7.456532674358222756e-01
6.967295222357003937e-01
7.193746883640914636e-01
6.991254056751359247e-01
7.386735775849528896e-01
7.001002102438669272e-01
6.920572751777650522e-01
6.905994276841984636e-01
6.684594301788313597e-01
7.224055819531611800e-01
7.169276155264523442e-01
7.788394739294316471e-01
7.932854244902789453e-01
7.585712816672733894e-01
8.016620928862588924e-01
7.747203509552818002e-01
7.641211669287900632e-01
7.118981953927007167e-01
7.639934219003637894e-01
7.560242924675744103e-01
7.843329648695622769e-01
8.171101072909278118e-01
7.349663461344775328e-01
7.972897073583800065e-01
8.187915134718992682e-01
7.790327498962094088e-01
7.642042844515452016e-01
7.402460519778422121e-01
8.088488557315556271e-01
7.137404743168177523e-01
7.954079208630443487e-01
8.477962705551459477e-01
7.934992656935674349e-01
7.981556844221563418e-01
8.228463948934386929e-01
8.772392967271213093e-01
8.205893966847848109e-01
8.908619369081609562e-01
8.969980447197267726e-01
8.378529454123935238e-01
8.582331160994852715e-01
9.074125514311228713e-01
8.320045384596135296e-01
8.392918859623116346e-01
8.348511985400596247e-01
8.051849570343847518e-01
7.967591923184308422e-01
7.738298516085720946e-01
7.925712957030485173e-01
7.430847970265047620e-01
7.781745638178104718e-01
7.955507825813723510e-01
7.914287670468028724e-01
8.670819841247510151e-01
8.124022257508842770e-01
7.972358925877406355e-01
8.239590072196562032e-01
8.820410108327273457e-01
8.303188843109621242e-01
8.554568598324118200e-01
8.199523634985470544e-01
8.167695993134671539e-01
8.087885446615826757e-01
8.881587747100947450e-01
8.140306809107205055e-01
8.469820621163874907e-01
8.644771883355172326e-01
8.639258771051629981e-01
8.671109050574545840e-01
8.255775311168529473e-01
8.400134199068016727e-01
7.897866464665481701e-01
8.115729644927496267e-01
8.221853039557716070e-01
8.290516177921978258e-01
7.870458876734485187e-01
8.290660489102852360e-01
8.849851668438472041e-01
8.326029699690473684e-01
8.347742075903832326e-01
8.034028632892186161e-01
8.083074608573947994e-01
8.847761701098675324e-01
8.292479226933733294e-01
7.898122183052260770e-01
8.273675700399577559e-01
8.140024405145660502e-01
7.879633246546964287e-01
8.122370836188501642e-01
8.489432705959097936e-01
8.087872170747059108e-01
7.874088126738172377e-01
7.903748663144232189e-01
8.065676662261593854e-01
7.879473025439112099e-01
8.171230636008335324e-01
8.313055080872797653e-01
8.542972923361070725e-01
8.568210172214225651e-01
8.238434940398940975e-01
8.545499423974549646e-01
8.522183943808696593e-01
8.276380669228213804e-01
8.562977688060260384e-01
8.649923647645124669e-01
8.602674318641309048e-01
8.337187029049082376e-01
8.975449544846797467e-01
8.609933566959474538e-01
8.547960006614955253e-01
8.915763094016274648e-01
8.394893850282405534e-01
9.344923490013321565e-01
8.834174477852724250e-01
8.689319905245214137e-01
9.062905756233855525e-01
9.455473488865846488e-01
9.250087057811511304e-01
9.024234693899181314e-01
9.293691426788036614e-01
9.428713673447632893e-01
9.431066366884466312e-01
9.222547967490918319e-01
9.428202808237888810e-01
9.675198426401634411e-01
9.338956870589800729e-01
9.298352774385929553e-01
9.428667528425251909e-01
9.826800135344554432e-01
9.784351820778384168e-01
9.412291526608380643e-01
9.721242194815894466e-01
9.505553255819310099e-01
9.617279577735765583e-01
9.831452968976041040e-01
9.336118148655843108e-01
8.974881339863611807e-01
9.522565970889759202e-01
9.251604337261627453e-01
9.516416536523211178e-01
9.778911507939596071e-01
9.068016626616414166e-01
9.396714419189430290e-01
9.622959407174586088e-01
9.404136484060308110e-01
9.503170615928909770e-01
9.679996822283020164e-01
9.587499459896182685e-01
9.762345885456062966e-01
9.333304343352749610e-01
9.559195191595197816e-01
1.004008752344806243e+00
1.042738046660903306e+00
9.862144281613427488e-01
9.783657009880318833e-01
1.000903313887655299e+00
1.001852434265513736e+00
1.041016699385613586e+00
9.837285067536338801e-01
9.878193201483815855e-01
1.038923886624551374e+00
9.866281001931139771e-01
1.033624723116821409e+00
1.039252227583073562e+00
1.024112423810523476e+00
1.067337101703235813e+00
1.035871596888221724e+00
1.038357798483552585e+00
1.025227694913179111e+00
1.067730077093696828e+00
1.107507871934564347e+00
1.071129993481973797e+00
1.049783456057454600e+00
1.057985467609452668e+00
1.029816494099575763e+00
9.907807546181751635e-01
1.031041340298968434e+00
9.899758846093072995e-01
1.028181234650360487e+00
9.839865859475087628e-01
9.955979086762671848e-01
1.031036209166247275e+00
1.028742225962286039e+00
1.038328098170550495e+00
1.075421615915174378e+00
1.032015938519127873e+00
1.049836770591085822e+00
1.069739468855933184e+00
1.019067581635334063e+00
1.037815841608243916e+00
1.025051271024455035e+00
1.055677836551006221e+00
1.066406808496393355e+00
1.080310507526703878e+00
9.992682677275281922e-01
1.050015549417689042e+00
1.035834716444611336e+00
1.057115444306159668e+00
1.068087076988638140e+00
1.076841819984960091e+00
1.042081348715690803e+00
1.039769126812369882e+00
1.030105241788027204e+00
1.018934494772225641e+00
1.065773488922519663e+00
1.032699440578353611e+00
1.077572625885503399e+00
9.832630003915031613e-01
1.026945171307489302e+00
1.017526840211509409e+00
9.948986863447737417e-01
1.025832007622370368e+00
1.111258863286010090e+00
1.049639759962099461e+00
1.088063869741262790e+00
1.110162578822510460e+00
1.096637417638618883e+00
1.125993868448442070e+00
1.060935199239829041e+00
1.050182590821993500e+00
1.025227245457519309e+00
1.047034274224821759e+00
1.018346812747772612e+00
1.059971559038086930e+00
1.031429712408901800e+00
9.895496952940124880e-01
1.032739341181035497e+00
1.090013866557650646e+00
1.066526042971704058e+00
1.009838737926032515e+00
1.019554221913180125e+00
1.032980129062549324e+00
1.053849110862680183e+00
1.023819805856286846e+00
1.034260906786862222e+00
1.042756042415865947e+00
1.013526627131156266e+00
1.015072837395939676e+00
1.003213536965596564e+00
1.010753379634295568e+00
1.039323634301177135e+00
1.041190956167558745e+00
1.029836008679171577e+00
1.028988582061678869e+00
1.007795049102012008e+00
9.953025547635256931e-01
1.011178054255393421e+00
9.965105459805915222e-01
1.010477384569067549e+00
1.022564921169363927e+00
9.951475612284677030e-01
1.035881770363598964e+00
1.022229610909632269e+00
1.014363127792104580e+00
9.947487945770975282e-01
9.617648809857254344e-01
1.032703078651808548e+00
1.046938376162183104e+00
1.021852449400748597e+00
1.009386024717121355e+00
1.045798838907078476e+00
1.026071200400624939e+00
1.020927175079479721e+00
1.027677818763039097e+00
1.044936771523857777e+00
9.698851322335753089e-01
1.002733820161112455e+00
1.037867448425326744e+00
1.010246814690521688e+00
1.030988480066756363e+00
1.032128732002967286e+00
1.012211055563804862e+00
1.020386274766917456e+00
9.559453719306363340e-01
1.023076006576592034e+00
9.838794841270540603e-01
9.912070446046370442e-01
1.007381917724487819e+00
9.750559002991529001e-01
1.050251631496002869e+00
1.016783816355754322e+00
1.021064308034904666e+00
1.009788673022634198e+00
9.688256763473285238e-01
1.012353489572214604e+00
1.025637821062477029e+00
1.023508018888475091e+00
1.034310594509318504e+00
1.040744257105432391e+00
1.015223148793022778e+00
1.023993396112830467e+00
1.083351503548771078e+00
1.009362150961546245e+00
1.059926365477961596e+00
1.036637562027616255e+00
1.037540443070123830e+00
1.059360824125056277e+00
1.044623762600995986e+00
1.063248438280841812e+00
1.047073887164209571e+00
1.052036821304286773e+00
1.014639814275305030e+00
1.080895245039472874e+00
1.026510968350858422e+00
1.059653735668450114e+00
1.072981105783430200e+00
1.011003134333525511e+00
1.025123986557107569e+00
1.075060580602119842e+00
1.045051622365881894e+00
1.041806123045609045e+00
1.053822199376654112e+00
1.011475737785082485e+00
1.039014433013247807e+00
1.048035885070417450e+00
1.034766874810364223e+00
1.031582979249847432e+00
1.022712224438991679e+00
1.058297610449431492e+00
1.041598018781601631e+00
1.026761016560470585e+00
1.029257925168076682e+00
1.016293900127452909e+00
1.018098228655524684e+00
1.005237348852273449e+00
1.027571571828148622e+00
1.034511620766255025e+00
1.015482169705137716e+00
9.855359956523087606e-01
1.032721851109651645e+00
9.761783265527184117e-01
9.609488652086217719e-01
9.515943363439699487e-01
9.982995450861388287e-01
9.858347008083623297e-01
1.005494264303215202e+00
1.008548116703524844e+00
9.854177578063127996e-01
9.774688783084680699e-01
9.585602804877627614e-01
9.869636443724324470e-01
9.929881347705359351e-01
1.029705187466835037e+00
1.008871243151803654e+00
1.012793917514035247e+00
9.816421501062841948e-01
1.009779901692880566e+00
1.013001087397811473e+00
9.882779086095301313e-01
1.014518195790447219e+00
9.876670126125349780e-01
1.027907813480684718e+00
9.931432512381584976e-01
1.010089041903962759e+00
1.007152738620318289e+00
9.736919998776700780e-01
9.692838360539293152e-01
9.857700025116146181e-01
1.019185286190803064e+00
9.791409517825376829e-01
9.850979432159553406e-01
1.009148754521582481e+00
9.978323237267142654e-01
9.931041209882085496e-01
9.840597508108697156e-01
9.781535984332863087e-01
9.778242378574829585e-01
1.029732245175506433e+00
1.031394770442200848e+00
9.691850041378045066e-01
9.761812651224883730e-01
9.642976142487230673e-01
9.909521240902747774e-01
9.932844616152400885e-01
9.925872582721865234e-01
1.022529880375342204e+00
1.004073201835429252e+00
1.009911161934581969e+00
1.000223488881579748e+00
9.959326780277327762e-01
1.005286961129268075e+00
1.003065705096328752e+00
1.001442014485119936e+00
9.672205349814428921e-01
9.419728740995398919e-01
9.679771972666064705e-01
9.714051676089998644e-01
9.873005120163715898e-01
9.848552726177098871e-01
1.010728258156574189e+00
1.052586124304232484e+00
1.025839078891211731e+00
1.027596726334852439e+00
9.999147531519338994e-01
9.760847613327867656e-01
9.967050115771813878e-01
1.001907975061689937e+00
9.762786254698264665e-01
9.882646817858734556e-01
9.948421426457565442e-01
9.915708765757577092e-01
9.684691905808486823e-01
9.895304654204662986e-01
9.960186644349463547e-01
1.010230532378695534e+00
1.026020708500561485e+00
1.004222057426081838e+00
9.885871036228872644e-01
9.861966982201907372e-01
1.002961277455571176e+00
1.006538966732883011e+00
1.009277700463791394e+00
1.007385803259969848e+00
1.019570926139354405e+00
1.018194118646055912e+00
9.621850613180258360e-01
9.588139611270193319e-01
9.669689345765406507e-01
9.697371726087444799e-01
9.642323323988929440e-01
9.499890529160491814e-01
9.546242626942972320e-01
9.359839233031090888e-01
9.661826170704205241e-01
9.552241976853126371e-01
9.660738694870386611e-01
9.635315712996280757e-01
9.875923306064974261e-01
9.870804801514786453e-01
9.642638041380858782e-01
9.638089244568666114e-01
9.728989365118870802e-01
9.688148038820270092e-01
9.534560433093949294e-01
9.589085279032518727e-01
9.681591658078060325e-01
9.376326296184688269e-01
9.809190300948921193e-01
9.451909726522929045e-01
9.786258827496111534e-01
9.587073333199634950e-01
9.421562107518026696e-01
9.836053478476044498e-01
9.823239589213554890e-01
1.001749389760079101e+00
9.899719360575689464e-01
9.976081584415630310e-01
9.920831565994998602e-01
9.572029198460079158e-01
9.929285757918341337e-01
9.503572820773188434e-01
9.792970162389782462e-01
9.704511685819765532e-01
9.843171224955140630e-01
9.737950773663026638e-01
9.999450133273137808e-01
9.778184333306282339e-01
9.623157212182166242e-01
9.699947588250402708e-01
9.704294046108870031e-01
9.823539008684182283e-01
9.834657599461557043e-01
9.769439983425154406e-01
1.003251857530147007e+00
1.014488395949629806e+00
9.979959777102366258e-01
9.752135281524252353e-01
9.763082147331073601e-01
9.722304580005693975e-01
9.784721533978845143e-01
9.680971783245060358e-01
9.789716898682030433e-01
9.886272522694825593e-01
9.833952421543959987e-01
1.015879796809552760e+00
1.005525301149131412e+00
9.784209248872226539e-01
9.789920829749029219e-01
9.738330668972972060e-01
9.835432654958720100e-01
9.918356986858786195e-01
9.703092256173150298e-01
9.770004113915066180e-01
9.569667107389255856e-01
9.604932364847351689e-01
9.257367946004140258e-01
9.373995653035280817e-01
9.675930938665145975e-01
9.596529809277820622e-01
9.557606534645786134e-01
9.521067415303522408e-01
9.484677336378188883e-01
9.581200439128593205e-01
9.593347823628136650e-01
9.810200607430299424e-01
9.880993430243596443e-01
9.769525448052250871e-01
9.778805537900373546e-01
9.792374611028630271e-01
9.853715562757140445e-01
9.992871256725949225e-01
9.791383516480842708e-01
1.019133820021110859e+00
9.695055253343762836e-01
9.745009654540014443e-01
9.320726708819707662e-01
9.533886283784878124e-01
9.581651179428483101e-01
9.622774026092125732e-01
9.659426045812453676e-01
9.288968360414873171e-01
9.431898149031604506e-01
9.382179589321293367e-01
9.313730601580764157e-01
9.180498223066931862e-01
9.052056513092477941e-01
9.227169230298896130e-01
9.245090693626943912e-01
9.362727290801952096e-01
9.170640773991757255e-01
9.149163873343207909e-01
9.061678983004569643e-01
9.137339986270240910e-01
8.891969591452026922e-01
8.984029808143321194e-01
9.179978395297475613e-01
9.187205685415114065e-01
9.033498503470723806e-01
9.209612224788367163e-01
8.817332910533518531e-01
9.162955291005627778e-01
9.044924225837039922e-01
8.965659841329297608e-01
9.226140123297718043e-01
9.020543669456607683e-01
9.095737971649739961e-01
9.082806109385039850e-01
9.032101756563483130e-01
9.092784222647937176e-01
9.022433716275064519e-01
8.825901785962719792e-01
8.661792307140471214e-01
8.805296154600463776e-01
8.749886384833562847e-01
8.549794410880180440e-01
8.444373256620453239e-01
8.655207286729809102e-01
8.565540653985435071e-01
8.722706384203774421e-01
8.315721408264659109e-01
8.395427307568074093e-01
8.596177521774707175e-01
8.371007434238049161e-01
8.355969980861807089e-01
8.371609181338589556e-01
8.377606449723236093e-01
8.236810028264182071e-01
8.492138394869740425e-01
8.266297990642899052e-01
8.088772772070875750e-01
8.155671350190100144e-01
8.114831906442012688e-01
8.040308428180198419e-01
7.973601645865217025e-01
8.073776748755651100e-01
8.136130409553945508e-01
8.078913521907002959e-01
7.720689795472795991e-01
7.909518818512174532e-01
7.910513297200515437e-01
7.835749501468315392e-01
7.921646571144290716e-01
7.633821796970915452e-01
7.758281892943189595e-01
7.603873048342730812e-01
7.506758973605579532e-01
7.572290720199837954e-01
7.688445524705276313e-01
7.560875967720719348e-01
7.517149392883658576e-01
7.401317568540163316e-01
7.435624185986414725e-01
7.509343002483720442e-01
7.722744414744378005e-01
7.449771790948431782e-01
7.674850306877734063e-01
7.610012507846716234e-01
7.387055171889653771e-01
7.214767466815672492e-01
7.560596977702011001e-01
7.194159886132963644e-01
7.199775573537846585e-01
7.136694290650540395e-01
7.087921308140100463e-01
7.209365908693939895e-01
7.174605656207345694e-01
7.380828134312513722e-01
7.283120063315027259e-01
7.071119346752915424e-01
7.071568238384673410e-01
7.125640272597175695e-01
7.010251812669984206e-01
7.041792933917713215e-01
6.976902850038589898e-01
6.939723539591232671e-01
6.868447247208091522e-01
6.978541872184779171e-01
6.851199330540244103e-01
7.045886495309036102e-01
6.642221087583687344e-01
6.726393573490966338e-01
6.847381352292274403e-01
6.628811680293762443e-01
6.522238377222284722e-01
6.590779144698304393e-01
6.521578974021575714e-01
6.611546758589005313e-01
6.522536382482166939e-01
6.548805945895881386e-01
6.317337780042666662e-01
6.461654774045816341e-01
6.638454676194140980e-01
6.459406723189440314e-01
6.315703741037346219e-01
6.225217315174045307e-01
6.208952038864049561e-01
6.150156703446482132e-01
6.116109373188911569e-01
6.074035050227662991e-01
6.015845648142540414e-01
6.066711836927615176e-01
5.870974320489606990e-01
6.078807888504232926e-01
5.785361260724531940e-01
5.886169915001414621e-01
5.814541275000877363e-01
5.778488866118375311e-01
5.886657248253908126e-01
5.989575309811653314e-01
6.127133794714781923e-01
5.782014956597983923e-01
5.743161399898658592e-01
5.655333231636616720e-01
5.738635923671293604e-01
5.655886278838817560e-01
5.548264835239343773e-01
5.705108973731825017e-01
5.591528440406218214e-01
5.400135873597482483e-01
5.462566215565993755e-01
5.414049910183345027e-01
5.499512297568163177e-01
5.466621036299125214e-01
5.474136956422313016e-01
5.415120606003220871e-01
5.455094413140565424e-01
5.514916288667117694e-01
5.445382525811190977e-01
5.552509807324863544e-01
5.443358304911791734e-01
5.349911524944230834e-01
5.339157937564426026e-01
5.287355132270092906e-01
5.424042020301286238e-01
5.205556133224460424e-01
5.099852658225664248e-01
5.047390120376352707e-01
