0.000000000000000000e+00
0.000000000000000000e+00
0.000000000000000000e+00
0.000000000000000000e+00
0.000000000000000000e+00
0.000000000000000000e+00
0.000000000000000000e+00
0.000000000000000000e+00
0.000000000000000000e+00
0.000000000000000000e+00
0.000000000000000000e+00
0.000000000000000000e+00
0.000000000000000000e+00
0.000000000000000000e+00
0.000000000000000000e+00
0.000000000000000000e+00
0.000000000000000000e+00
0.000000000000000000e+00
0.000000000000000000e+00
0.000000000000000000e+00
0.000000000000000000e+00
0.000000000000000000e+00
0.000000000000000000e+00
1.365007345067783817e-01
1.255867390770304126e-01
1.159311722592167165e-01
0.000000000000000000e+00
9.968343634981581547e-02
9.281153757805980786e-02
8.662647149664211288e-02
1.620793386440211870e-01
0.000000000000000000e+00
0.000000000000000000e+00
6.717603714812343807e-02
6.333848139953289491e-02
5.982060753179894996e-02
0.000000000000000000e+00
5.361026714333539528e-02
0.000000000000000000e+00
4.831910213153853273e-02
9.192510346585322512e-02
4.377428238392323812e-02
4.173864496728763723e-02
0.000000000000000000e+00
7.614264166898916664e-02
1.456652500903116154e-01
0.000000000000000000e+00
6.682869466028421024e-02
9.615206904253860432e-02
3.076883649540633134e-02
0.000000000000000000e+00
0.000000000000000000e+00
0.000000000000000000e+00
7.902004789020548869e-02
5.076460937666519430e-02
7.342767570968479485e-02
9.446871340826223928e-02
4.560574999046913131e-02
2.202997146953648844e-02
4.259141645376779417e-02
1.029877593469316344e-01
1.395322128795384586e-01
3.860085622966669822e-02
1.682760563527806452e-01
7.248833172910232325e-02
1.054378294201218785e-01
1.534360031431073468e-01
6.618822652066118362e-02
6.426986348731515697e-02
6.243370839216897533e-02
1.213502606546752599e-01
8.848472989935353417e-02
1.290909666877795847e-01
6.977902050895702646e-02
9.508570173227505473e-02
1.322622753509933857e-01
6.441354362297933844e-02
1.004192095355939257e-01
9.787708858234647757e-02
8.350150411603485257e-02
3.490279055774905825e-02
9.080412187593937812e-02
1.218472446180060426e-01
7.569307355472139343e-02
1.478242864053156413e-01
1.547000025610301699e-01
1.309913272156877084e-01
1.870979417683364399e-01
1.347637587389123315e-01
1.129449712842915954e-01
1.380784565612285797e-01
2.881639903844985806e-01
1.938524202621863257e-01
1.811040553106492146e-01
1.688490292096082868e-01
2.314640575335888129e-01
2.185956387979666460e-01
1.586182664733898351e-01
1.787260622114225372e-01
1.675363716948945481e-01
1.791479228363951903e-01
1.683171932826796890e-01
9.328856632540795391e-02
2.463316456956333445e-01
1.933118060552649620e-01
2.574018522641982054e-01
2.127079950182905743e-01
1.370047032978276014e-01
2.433645340474491492e-01
2.075003937495533968e-01
1.728887575598938853e-01
2.486379708873924788e-01
2.323233945068770012e-01
3.160352089993381242e-01
2.932869128922326318e-01
2.712756407818655568e-01
2.221988035245557602e-01
2.348152740129492433e-01
2.308688924998826553e-01
2.798167877761932321e-01
2.751918230784335395e-01
2.962164876940984182e-01
2.160379802826007667e-01
2.174966792276649408e-01
2.626569906496085682e-01
2.058329735739464206e-01
2.167258730096771058e-01
2.643555921472829917e-01
3.013503709778624917e-01
2.472619196453093304e-01
2.302058931718338752e-01
2.790375290200793890e-01
2.963135521533282191e-01
2.072849446725822942e-01
2.375551928917949418e-01
2.422744922493419439e-01
3.479905481275466506e-01
3.269962587558638001e-01
2.554748572480305957e-01
2.595737490657571422e-01
2.406147848887615348e-01
3.464251247964967306e-01
2.858876904575783917e-01
2.709333095448490658e-01
3.069147355822479661e-01
3.098330901066345122e-01
3.829003861256548569e-01
2.910917010300432817e-01
2.598335852276786873e-01
3.002218135436899304e-01
2.762738225699638561e-01
2.890627111672143257e-01
3.630889408291040898e-01
3.263759268596543861e-01
2.684705694880341054e-01
3.180344238696527492e-01
2.708873675141915682e-01
3.464802771719746044e-01
3.031081696876804510e-01
3.200642738485467431e-01
2.897476739521384625e-01
3.671077238599891879e-01
3.369070881375952897e-01
3.186968842947189295e-01
3.677706194092251191e-01
3.165459525129271090e-01
3.209138554375178809e-01
3.439658281071349410e-01
3.398952743809994792e-01
3.700110464893064943e-01
3.293744833664533633e-01
3.588680529809739062e-01
3.192474022538066003e-01
4.032384693270117948e-01
3.763464110498505044e-01
3.598306556252329202e-01
3.993278547120649447e-01
3.254447626675201488e-01
3.573021360513199407e-01
3.205728808893961168e-01
3.054602127485945284e-01
3.570314576393678330e-01
3.553931642750987052e-01
3.403350029778734465e-01
3.322260608656361636e-01
3.680922249039388361e-01
3.251387923146871195e-01
3.731486860738681965e-01
3.882966145878867792e-01
3.758113018250419657e-01
4.030389462123147859e-01
3.762259853043117830e-01
4.659177757360419281e-01
4.369513349939806446e-01
3.806531615885561659e-01
4.694817650683262289e-01
3.983275661822842650e-01
4.754843435777351135e-01
4.228697071592918411e-01
4.982017871830468625e-01
4.951200513140218695e-01
5.125005452351165669e-01
5.074513198242002199e-01
4.769884162879435840e-01
5.426443025354401595e-01
4.713197725846400288e-01
5.251117431979644978e-01
4.972989467292883714e-01
5.046802155364814579e-01
4.586470708033963950e-01
5.444790866304564103e-01
5.326007481282352130e-01
5.309390785398760970e-01
5.491332904546811777e-01
6.308724929539430981e-01
5.357409624941888993e-01
5.549307152891754802e-01
5.705582389519839870e-01
6.016689186160265601e-01
6.400144061878032531e-01
5.985571385908827757e-01
7.237839533628019906e-01
7.447051195538189061e-01
7.154162561298030854e-01
7.344873584511012465e-01
7.887766942554083061e-01
7.568439661290952136e-01
8.507179332216646683e-01
8.302922509987696875e-01
8.101894922885077843e-01
8.599363863022588816e-01
8.609640113422429852e-01
8.340476096694552366e-01
8.919110059800366974e-01
9.432750080285418059e-01
9.502348239121861662e-01
8.829062777398828388e-01
1.005139205659246082e+00
9.596158336465135941e-01
9.463615175177448879e-01
1.054517949503995355e+00
1.005728942523295144e+00
9.833486019001296263e-01
1.065569347982838533e+00
1.049303776652699582e+00
1.068293336049142894e+00
1.043512834499285447e+00
1.108945072819900846e+00
1.156199690552110804e+00
1.223251999981290972e+00
1.171452869577280564e+00
1.237248809407214933e+00
1.257031538062237663e+00
1.255346248829907640e+00
1.276928962509982446e+00
1.243854500807883845e+00
1.320120065020462752e+00
1.322394225596387862e+00
1.349415782273220898e+00
1.365905994103732590e+00
1.397657935091110470e+00
1.360528006131843881e+00
1.405983516004250644e+00
1.411620101110658387e+00
1.426830410618046052e+00
1.454606708369997392e+00
1.526511891366460816e+00
1.413971576325981028e+00
1.444244886346382151e+00
1.452231722245308942e+00
1.493033643168869995e+00
1.513762695862862939e+00
1.543285690370583829e+00
1.574353037451701853e+00
1.576911343521996800e+00
1.517804768950429706e+00
1.626170779445000880e+00
1.589016171038587943e+00
1.634003903989823536e+00
1.543194326732168609e+00
1.591621083058109454e+00
1.644079162696400420e+00
1.667414577131247189e+00
1.651920037881568604e+00
1.662683066883675620e+00
1.692679219617279518e+00
1.690987265388476324e+00
1.696574949951681344e+00
1.663094200389772404e+00
1.718193379569248114e+00
1.685836450958686061e+00
1.720428019369958372e+00
1.678723067581563644e+00
1.730319411913824323e+00
1.720327060109087647e+00
1.718200865719301085e+00
1.709203343239305672e+00
1.769287419621420554e+00
1.759145064680746051e+00
1.836511390945492650e+00
1.773378345126501276e+00
1.796468734540544343e+00
1.781315217970573572e+00
1.824435552844101638e+00
1.823855937407933059e+00
1.744078656709817432e+00
1.801736366066826855e+00
1.742196192798034726e+00
1.675467070680253912e+00
1.691418097163787770e+00
1.718077358304466618e+00
1.743582974480811787e+00
1.675311470014546611e+00
1.705297856392557820e+00
1.761548163712759019e+00
1.697379715328712013e+00
1.657317692527139119e+00
1.773290868600557291e+00
1.783726455380352682e+00
1.749682399669416188e+00
1.760800163776364613e+00
1.820616684433713051e+00
1.775998278439630429e+00
1.772239586985583149e+00
1.686870650726389531e+00
1.680791363681768624e+00
1.754673412620216810e+00
1.628693374654231807e+00
1.679575852790610391e+00
1.690923797735598644e+00
1.687609053208868115e+00
1.711060226803431839e+00
1.645545659403039318e+00
1.692632917079316623e+00
1.631991201987298412e+00
1.630314703424765810e+00
1.601995929575597222e+00
1.598473736440556570e+00
1.594965140630764333e+00
1.580350072617656254e+00
1.552223007422016687e+00
1.605207703224408533e+00
1.564355148108535820e+00
1.543758573183519500e+00
1.579278084982518093e+00
1.529727148181095231e+00
1.495792047128679636e+00
1.514666851512511014e+00
1.504745297047758834e+00
1.492443442353646565e+00
1.485166924870979122e+00
1.461473039497900528e+00
1.459867132967081815e+00
1.429899328262202118e+00
1.411644700775002148e+00
1.420417914079700639e+00
1.400595981453225614e+00
1.407519129066247654e+00
1.414343343373313910e+00
1.367400643323986253e+00
1.348222433226101247e+00
1.335581384464016530e+00
1.377565015140417515e+00
1.340895705902549695e+00
1.293825633778937556e+00
1.308765858565706264e+00
1.235401309010665472e+00
1.325262782548862539e+00
1.273662624488618000e+00
1.259599201775231547e+00
1.283016944893627498e+00
1.246619694305978410e+00
1.324155400758756818e+00
1.311129433033596525e+00
1.249842524927346377e+00
1.234104418229298172e+00
1.244045450738813008e+00
1.224765858441215549e+00
1.219355258463182601e+00
1.206655675620225354e+00
1.219068427063033200e+00
1.247393254936562723e+00
1.248609197777545754e+00
1.202120785344377829e+00
1.231573807650009122e+00
1.197289673224650519e+00
1.202710342356974271e+00
1.183958249889113246e+00
1.191358147757995756e+00
1.186739511001531300e+00
1.138149331242678475e+00
1.161364268873330330e+00
1.162305516076646450e+00
1.194871199540044282e+00
1.190274558430123752e+00
1.140401487883971665e+00
1.187888382806103982e+00
1.180964792059808532e+00
1.142286346105396921e+00
1.137519710115806326e+00
1.170859281756779557e+00
1.086928664160476954e+00
1.136914266357650360e+00
1.103038570131202656e+00
1.129846474408387591e+00
1.098145338960528461e+00
1.154344516652664909e+00
1.129162855120041664e+00
1.116412392905333784e+00
1.119958529194967634e+00
1.111376721152738334e+00
1.108207910295699872e+00
1.106385985325470722e+00
1.062678869663565839e+00
1.093102000540592034e+00
1.053783266769551030e+00
1.068721510431344335e+00
1.074421440454644827e+00
1.143334165466247443e+00
1.081766401210146888e+00
1.071510733147863714e+00
1.108869121993759421e+00
1.122210084563846966e+00
1.084548347220759545e+00
1.077352652834792313e+00
1.046476311405766912e+00
1.063956423022893727e+00
1.072598422311083377e+00
1.081148254503012440e+00
1.038927532722647484e+00
1.066651190716796593e+00
1.049160328743244719e+00
1.053584585822056274e+00
1.021849156472449671e+00
1.035121873587260488e+00
9.930066720332411112e-01
1.004290081899119169e+00
1.053667839592473010e+00
1.039457138501281186e+00
1.009752005812264875e+00
9.900192831285558048e-01
1.036208985888788403e+00
1.016129119705264205e+00
1.033783880677639377e+00
1.044401112191952086e+00
1.031740333287649580e+00
1.041494713698904340e+00
1.015008945604033652e+00
1.031102305020650922e+00
1.005250417482422609e+00
1.029025749001521550e+00
1.028910693378177088e+00
1.026209112775683829e+00
1.068611989039651933e+00
1.048585668423338779e+00
1.071603386766379673e+00
1.032543776466267715e+00
1.036319652745997910e+00
1.043280550558591813e+00
1.040172873724509062e+00
1.023572164944807739e+00
1.070115879292024008e+00
1.046812856906044864e+00
1.079851641587397104e+00
1.019647186357756308e+00
1.029188379601519765e+00
9.873647981465033530e-01
1.049033279952847009e+00
9.731134185114791446e-01
9.905204405581181648e-01
1.015604138955410018e+00
1.024527005237073851e+00
1.001959115112291299e+00
9.936961315667643957e-01
9.828149482688026684e-01
9.870218126614873633e-01
1.023394095683646476e+00
1.001586828769995607e+00
1.005307688511121400e+00
1.008660915492634480e+00
9.894456186473240544e-01
9.963966619932503876e-01
9.634483144161842816e-01
9.923631445525783468e-01
9.686789497990836439e-01
9.486997074835088473e-01
9.865329728732812331e-01
9.729726345428968415e-01
9.882656457830131247e-01
9.735337410858980745e-01
9.372910740103461702e-01
9.818559271087983209e-01
9.741427782709338734e-01
9.674127370982487095e-01
1.005127377071734829e+00
9.709808005036806300e-01
9.805305007743772006e-01
9.799433870905573940e-01
9.653970033029266595e-01
9.739247831886636009e-01
9.929108339702145125e-01
9.808611163029012925e-01
9.742738371243659934e-01
9.665415101469748693e-01
9.600476517906740836e-01
9.943142908694834192e-01
9.280883629751809361e-01
9.537072591746497130e-01
9.782429169346609221e-01
9.715023333239576342e-01
9.425311022960617402e-01
9.492233707786680297e-01
9.455226995656632605e-01
9.409858464829394809e-01
9.814781151344993404e-01
9.563954891668137170e-01
9.575001623848189425e-01
9.583076388940454660e-01
9.147923889808138309e-01
9.216102996753571253e-01
9.253079432741878607e-01
9.336832467213833642e-01
9.312174076378388898e-01
9.411434240941117801e-01
9.276919721508712913e-01
9.315361061417547495e-01
9.282728505006647701e-01
9.464327709252321474e-01
9.166716724479362366e-01
9.347252010284188284e-01
9.515646371453316821e-01
9.541257621775066644e-01
9.210321146735559461e-01
9.159932139956428188e-01
9.278751903229168763e-01
9.288825470232516812e-01
9.330191954700945978e-01
9.373796210111876581e-01
9.258415679505330731e-01
9.415808882437031180e-01
9.262285848832295665e-01
9.181825755480832463e-01
9.253038637572940095e-01
9.290485424050735075e-01
9.243677113800982115e-01
9.245288627748862176e-01
9.176143644690311074e-01
9.306140356085697007e-01
9.259708191307395309e-01
9.176098610705655245e-01
9.269671130885760446e-01
9.298055916702334667e-01
9.340993787602962506e-01
9.459850051701162998e-01
9.381623262726388468e-01
9.670385520287149150e-01
9.263187372852368373e-01
9.249392035313129812e-01
9.351655522942193821e-01
9.000342625917746586e-01
9.205841462164570110e-01
9.287863567045064883e-01
9.483620049423334697e-01
9.483231398046673144e-01
9.217797945093202383e-01
9.520006061887030802e-01
9.274989888757735335e-01
9.158054928361714087e-01
9.375473231475089930e-01
9.358849084472556923e-01
9.411777586352585434e-01
9.496595699669728718e-01
9.334631803723193455e-01
9.137062210684807617e-01
9.441075519615007572e-01
9.519836844156266409e-01
9.414247388791815441e-01
9.347762512419963699e-01
9.207337123853620575e-01
9.368663455612248336e-01
9.361024078093388434e-01
9.355611442303194414e-01
9.172420674895989112e-01
9.276086190445151924e-01
9.200236686505846029e-01
9.551512909166379739e-01
9.163898524846130211e-01
9.185153010972101351e-01
9.293287181819968046e-01
9.326870872109506161e-01
9.425040028275415427e-01
9.550506233117077581e-01
9.404471068587818561e-01
9.627513666402044423e-01
9.526889773366300496e-01
9.456651550923625971e-01
9.460992702632927687e-01
9.382890209944422244e-01
9.410495716615266959e-01
9.479820362569177927e-01
9.264284173998030836e-01
9.579423694579883852e-01
9.327496502779617504e-01
9.232439118999667960e-01
9.373165155781421065e-01
9.634239615644917265e-01
9.610694358882404531e-01
9.554565660460705434e-01
9.284955396563258079e-01
9.205804984288766812e-01
9.673293836462851791e-01
9.343277588888078133e-01
9.447441484237867337e-01
9.717136117300561038e-01
9.180394384717425194e-01
9.532691651120255294e-01
9.402607915410190476e-01
9.403814836729399440e-01
9.438469494750582056e-01
9.553396345210468654e-01
9.622495761868214981e-01
9.499816765439120791e-01
9.683337699392247089e-01
9.652301387222645968e-01
9.383633472922437990e-01
9.667754699072312885e-01
9.542794823658051762e-01
9.571760569959464338e-01
9.575681388673309424e-01
9.716515317540700414e-01
9.683821590124701562e-01
9.518947167041320601e-01
9.584985223393033271e-01
9.601714631582518589e-01
9.620163761410560621e-01
9.586178036749039011e-01
9.734733276728317897e-01
9.412960530080035637e-01
9.511102769810723112e-01
9.717355071247287812e-01
9.565741036267021435e-01
9.797927718234725747e-01
9.486190364502604666e-01
9.593282877188594737e-01
9.705110747617927691e-01
9.352984058338267292e-01
9.448537500214221341e-01
9.487709899848185691e-01
9.684356648866229156e-01
9.559836029118907730e-01
9.811979477326702170e-01
9.820959194654088620e-01
9.647443057331122063e-01
9.736222500569111649e-01
9.764574160110276457e-01
9.557584381896124803e-01
9.736657630062972579e-01
9.300712667295583103e-01
9.561110107416225246e-01
9.532137068689068293e-01
9.525761945906601191e-01
9.496983230831339551e-01
9.437414920153736064e-01
9.706980271755802914e-01
9.525823949891437659e-01
9.405292859213656431e-01
9.579059218745609172e-01
9.558840070144934975e-01
9.752956949558534427e-01
9.619557504048462659e-01
9.714984804240929250e-01
9.696103361804321308e-01
9.924016260423741409e-01
9.871298558315723115e-01
9.838735908098583671e-01
9.727012898936548968e-01
9.489056761192665723e-01
9.771506674166390294e-01
9.459401166189352894e-01
9.586704079623061814e-01
9.626929331056346406e-01
9.793496423523809780e-01
9.732447210095659385e-01
9.854076436294344488e-01
9.905761583887124910e-01
9.865650810764841072e-01
9.598565491643611391e-01
9.902445678420868092e-01
1.007887324930544892e+00
9.927547142829838966e-01
1.001899059338079878e+00
9.630544133746017366e-01
9.837002144032335194e-01
9.921522728538799685e-01
9.811689485954109280e-01
9.892598810830139922e-01
9.848671071521560849e-01
9.834398706528786338e-01
9.772264386243447731e-01
9.790569189011103512e-01
9.793365160770931555e-01
9.881901766714491497e-01
9.641435310708833528e-01
1.003145073475590898e+00
1.010021240885280225e+00
9.685337635941939638e-01
9.783308178044266556e-01
9.766215148159115289e-01
9.960955003891407422e-01
9.756164732631245062e-01
9.834760427890006929e-01
9.883089744220017181e-01
9.824179339626383234e-01
9.698916188031196928e-01
9.667355868022038390e-01
9.878930931126741477e-01
9.595838104416563041e-01
9.771211156704182610e-01
9.535188776333243243e-01
9.540742508255709575e-01
9.604322280029811143e-01
9.661719887695209286e-01
9.802533135336766179e-01
9.550764354490101082e-01
9.619216341829243122e-01
9.585555189061657488e-01
9.492047906706572169e-01
9.679649669083897345e-01
9.597689649679927992e-01
9.694649707787252879e-01
9.745832067280554289e-01
9.562806380497181902e-01
9.824768730761481716e-01
9.978767965087578240e-01
9.799287105848356605e-01
9.980320651937970577e-01
9.798955601823013950e-01
9.840321829522996611e-01
9.763923826649779647e-01
9.937441776396481741e-01
9.670004311237504480e-01
9.765980095556449081e-01
9.537294721809590481e-01
9.635769376650160645e-01
9.701035794754394592e-01
9.557006442184874384e-01
9.542242226726203036e-01
9.679995503799104783e-01
9.697210562038732773e-01
9.632429729855287448e-01
9.812914257171400090e-01
9.654652026853579594e-01
9.746176019276299174e-01
9.620730623954117933e-01
9.556837790790855269e-01
9.856494546553485891e-01
9.605177885274660543e-01
9.767725839879799477e-01
9.542796958226553716e-01
9.780394395055773682e-01
9.560456906900808294e-01
9.779793692965519369e-01
9.799544873415162449e-01
9.691116842398418418e-01
9.598701918038917702e-01
9.773064077407539463e-01
9.741163963339996013e-01
9.956419432140144465e-01
9.689251145149324618e-01
9.979854088741931806e-01
9.961585800186864015e-01
1.004851244445274627e+00
1.011474156634829091e+00
1.008860529779130877e+00
9.904203496163560549e-01
9.915032750607575274e-01
9.884509795409006649e-01
1.006239302363585386e+00
1.001292298734276498e+00
1.008155010862898049e+00
9.975287228283393759e-01
9.715226952783185821e-01
1.009674395026418647e+00
9.935888358756150840e-01
9.943650088581169610e-01
1.001243625706461415e+00
9.742009361201886541e-01
1.001999878608372807e+00
9.999450133273137808e-01
9.676580240778112074e-01
9.924785760708436655e-01
9.890095444198735430e-01
9.983994752781726323e-01
9.847487177891116605e-01
1.002098339318465703e+00
9.963637387973727222e-01
9.872083843287055016e-01
9.956401072190862456e-01
9.977594857723905974e-01
9.964445919003009910e-01
9.801908576695007591e-01
9.910084484979246877e-01
1.000598408122962413e+00
1.000094600141262946e+00
9.773408469769423457e-01
1.004895213637339468e+00
1.004027532713505089e+00
9.783017255640367171e-01
1.014983098200545442e+00
9.760047866672518779e-01
1.005618831304349259e+00
1.011614034693688824e+00
1.018718756180118312e+00
1.011658741595520716e+00
9.996298838756035865e-01
1.005455633398848025e+00
9.844475557766895202e-01
9.998651109894535205e-01
1.011715752912438759e+00
1.003410456848255583e+00
9.889831726776840970e-01
9.890346728933241405e-01
9.861854037439431453e-01
9.791223812071243593e-01
1.002811651958975592e+00
1.009566443499404276e+00
9.985160809982024377e-01
9.952233814877943230e-01
9.766762292321704564e-01
1.008619131329306473e+00
1.008487143893011861e+00
1.021874637861350799e+00
9.959236694307973536e-01
9.932097930229788485e-01
9.979762633228704827e-01
1.006281242172180068e+00
1.011311275926701114e+00
9.975037457989337497e-01
9.966271747787661672e-01
9.881565036279277292e-01
9.766283130201609541e-01
9.895337663033880737e-01
9.747586631011754266e-01
9.688459698753500993e-01
9.703585867514132879e-01
9.763963426027038039e-01
9.727229938049499758e-01
9.781964662789930376e-01
9.544243759870990607e-01
9.644021644575306862e-01
9.523381473243448525e-01
9.551978331109144404e-01
9.674818536000806546e-01
9.513474471014793377e-01
9.578987685202072777e-01
9.719368970739540314e-01
9.442835946169813033e-01
9.498750529860731096e-01
9.584044749893252391e-01
9.512768739586122679e-01
9.585364620341906283e-01
9.392463559496276870e-01
9.418330429607814080e-01
9.226657143061836042e-01
9.237605524870596829e-01
9.371268386014491858e-01
9.223127670057633676e-01
9.072639212638720085e-01
9.037765136226038054e-01
8.957154641468646483e-01
9.038071420645811260e-01
8.795978274768927463e-01
8.972914321564444684e-01
9.013644882618890852e-01
8.907272193832705964e-01
8.951854368076275215e-01
8.897091741240588103e-01
8.858221488230988427e-01
8.845881517665225013e-01
8.825777250150722564e-01
8.584990110511286909e-01
8.701360495388148486e-01
8.728119233633779839e-01
8.595364428215404029e-01
8.701220498217918653e-01
8.596965020620537246e-01
8.506588498312472879e-01
8.568790920574326231e-01
8.495076307602392740e-01
8.383555602576154842e-01
8.367589567090077951e-01
8.509145395463254546e-01
8.144616160036260988e-01
8.281273977514704843e-01
8.167599043780697787e-01
8.237743504176203713e-01
8.143392457383052951e-01
8.262845019477729203e-01
8.090369345496537523e-01
8.039776916610568147e-01
7.972653540002315742e-01
7.989300500237724867e-01
7.924397886418630410e-01
7.871769566361911385e-01
7.912431067920531191e-01
7.886688695810593064e-01
7.881225338266556468e-01
7.734784900728116641e-01
7.840169417188693757e-01
7.710830463756696007e-01
7.787574997403747812e-01
7.781386392607437807e-01
7.629426738669924379e-01
7.622670449923506508e-01
7.523971806042993871e-01
7.646972312423826468e-01
7.496555247785336995e-01
7.545603190519419856e-01
7.453219790330728456e-01
7.649248569522981711e-01
7.404851016678595244e-01
7.474023201532652427e-01
7.554395409991216948e-01
7.276373804713740512e-01
7.245645253741713754e-01
7.205350205138790765e-01
7.391814836345362849e-01
7.108578517556108922e-01
7.127381289381992113e-01
7.246440863954967115e-01
6.928716683859119652e-01
7.204061256319540529e-01
6.907697910153346443e-01
7.088437439702363063e-01
6.830678859833118066e-01
7.067637537296418415e-01
6.939937987723205914e-01
6.846221702036789925e-01
6.884711018107512182e-01
6.909354370147205993e-01
6.769373610742799308e-01
6.849411389029896879e-01
6.722002429550575364e-01
6.968618272813354997e-01
6.774698706489122868e-01
6.809290776932803713e-01
6.659415777930314251e-01
6.574822875107420028e-01
6.584431508466656036e-01
6.427567466040361444e-01
6.528377958055014973e-01
6.639576526783808053e-01
6.483539773729660727e-01
6.544581555026897091e-01
6.582182559766666108e-01
6.430503727112780732e-01
6.371740778405632355e-01
6.508929332840498461e-01
6.516691533256596669e-01
6.359802524496055431e-01
6.354738974601412682e-01
6.405138464619772876e-01
6.307197480127798572e-01
6.223455529635383288e-01
6.181380610487884342e-01
6.209830623727448096e-01
6.266398553050400722e-01
6.201903167147084783e-01
6.195532782375831049e-01
6.071263496342307331e-01
5.992319303838558042e-01
5.972800025535039969e-01
6.012339718935582056e-01
5.944305965286204030e-01
5.835255223839527217e-01
5.872419433019137047e-01
5.767099810865033982e-01
5.827109398608352198e-01
5.700239730669544036e-01
5.764831877589072784e-01
5.693477766809136309e-01
5.681099464702046298e-01
5.632832077017722039e-01
5.666591253531949590e-01
5.619303654544895998e-01
5.604800324066981920e-01
5.508999136303293076e-01
5.529546341252861152e-01
5.596294169520300565e-01
5.520306460968243956e-01
5.446919466970042700e-01
5.511096060143158004e-01
5.395904956359410809e-01
5.384284171806379415e-01
5.335346431326872807e-01
5.379408365508175915e-01
5.213731320465976316e-01
5.185855338542678661e-01
5.325958225368231380e-01
5.267760622043501373e-01
