4.750358894753358513e+07
0.000000000000000000e+00
0.000000000000000000e+00
0.000000000000000000e+00
0.000000000000000000e+00
0.000000000000000000e+00
0.000000000000000000e+00
0.000000000000000000e+00
0.000000000000000000e+00
0.000000000000000000e+00
0.000000000000000000e+00
0.000000000000000000e+00
0.000000000000000000e+00
0.000000000000000000e+00
0.000000000000000000e+00
0.000000000000000000e+00
0.000000000000000000e+00
0.000000000000000000e+00
0.000000000000000000e+00
0.000000000000000000e+00
0.000000000000000000e+00
0.000000000000000000e+00
0.000000000000000000e+00
0.000000000000000000e+00
0.000000000000000000e+00
0.000000000000000000e+00
0.000000000000000000e+00
0.000000000000000000e+00
0.000000000000000000e+00
0.000000000000000000e+00
0.000000000000000000e+00
0.000000000000000000e+00
0.000000000000000000e+00
0.000000000000000000e+00
0.000000000000000000e+00
0.000000000000000000e+00
0.000000000000000000e+00
0.000000000000000000e+00
0.000000000000000000e+00
0.000000000000000000e+00
0.000000000000000000e+00
0.000000000000000000e+00
0.000000000000000000e+00
0.000000000000000000e+00
0.000000000000000000e+00
0.000000000000000000e+00
0.000000000000000000e+00
0.000000000000000000e+00
0.000000000000000000e+00
0.000000000000000000e+00
0.000000000000000000e+00
0.000000000000000000e+00
0.000000000000000000e+00
0.000000000000000000e+00
0.000000000000000000e+00
0.000000000000000000e+00
0.000000000000000000e+00
0.000000000000000000e+00
0.000000000000000000e+00
0.000000000000000000e+00
0.000000000000000000e+00
0.000000000000000000e+00
0.000000000000000000e+00
0.000000000000000000e+00
0.000000000000000000e+00
0.000000000000000000e+00
0.000000000000000000e+00
0.000000000000000000e+00
0.000000000000000000e+00
0.000000000000000000e+00
0.000000000000000000e+00
0.000000000000000000e+00
0.000000000000000000e+00
0.000000000000000000e+00
0.000000000000000000e+00
0.000000000000000000e+00
0.000000000000000000e+00
0.000000000000000000e+00
0.000000000000000000e+00
0.000000000000000000e+00
0.000000000000000000e+00
0.000000000000000000e+00
0.000000000000000000e+00
0.000000000000000000e+00
0.000000000000000000e+00
0.000000000000000000e+00
0.000000000000000000e+00
0.000000000000000000e+00
0.000000000000000000e+00
0.000000000000000000e+00
0.000000000000000000e+00
5.403074819709347693e-02
0.000000000000000000e+00
3.449601053536175549e-02
0.000000000000000000e+00
0.000000000000000000e+00
3.238453908118024693e-02
0.000000000000000000e+00
0.000000000000000000e+00
0.000000000000000000e+00
1.492899356969959804e-02
1.463627767675475429e-02
0.000000000000000000e+00
0.000000000000000000e+00
0.000000000000000000e+00
1.354746590864201045e-02
2.658849937728632179e-02
2.609613396149097070e-02
1.280865968670785032e-02
0.000000000000000000e+00
1.234919696856384870e-02
2.425736301340414292e-02
4.765608092448759409e-02
1.170500774071622611e-02
2.300289512880256126e-02
1.130315169924439762e-02
0.000000000000000000e+00
1.092164065176508096e-02
3.221426406975106543e-02
2.111824813405231704e-02
3.115379129189813426e-02
3.064308493387225135e-02
2.009655630535821247e-02
2.965863807649976591e-02
1.945607338145248499e-02
9.573626677857972889e-03
7.538291235119203015e-02
2.782690443655610329e-02
2.739548827071476914e-02
2.697402759767010896e-02
5.312443688580781309e-02
4.359961390938740106e-02
2.576639583941984710e-02
4.230304993318005635e-02
8.335269926027892573e-03
4.106347326260033348e-02
1.618560688965333186e-02
4.785311103744348260e-02
3.930382419200471183e-02
1.549694024273176943e-02
3.819282299821611520e-02
1.506196194767377150e-02
1.485130859519887686e-02
1.464504375918102876e-02
2.888609276068216519e-02
4.273559863539786591e-02
6.323125642442006811e-02
3.465377393214800344e-02
2.735090370817670757e-02
1.349311521544674028e-02
2.662880217541820083e-02
5.255685657585714571e-02
2.593492434493600493e-02
1.919858393292084645e-02
4.421868203332326303e-02
2.494387638193355100e-02
2.462612431947195854e-02
5.470741218504862613e-02
2.400856789605389924e-02
3.556269709428296760e-02
7.024186035203357215e-02
3.468734398677063291e-02
6.281318592395844502e-02
8.460979229063335383e-02
9.472879590843677478e-02
2.752573500112409643e-02
6.527061466525788114e-02
4.837019457756585455e-02
5.841950028423428115e-02
3.673868546702333676e-02
2.074799895221753412e-02
4.614017824041093119e-02
1.216180580014501328e-01
1.001834706402513764e-01
9.903852922364486666e-02
5.874786214289517278e-02
6.776472686022920466e-02
7.657523827471061917e-02
7.098717934794435136e-02
6.551854499929264664e-02
6.479459058303520258e-02
8.696920121984601237e-02
7.243682329173986578e-02
7.164947431113125043e-02
9.302329704237811969e-02
1.051692071154110980e-01
6.502775846293741557e-02
1.115156992864433649e-01
9.760461350296607830e-02
1.301692777271095114e-01
1.246512204780354932e-01
1.192410226647545590e-01
1.383511299128858119e-01
1.288704398138929286e-01
1.275487033595162079e-01
1.499185468285411382e-01
1.640172331338817513e-01
1.314346965987235327e-01
1.836900085397829008e-01
1.666986968521221579e-01
1.237800128285054674e-01
8.913052960610723385e-02
1.287014216945435441e-01
1.420041850017542129e-01
1.766748891975851721e-01
1.713890082125963665e-01
1.308359225476409815e-01
1.540926313809062587e-01
1.352751093190568965e-01
1.442934604774730178e-01
1.463287545319351401e-01
1.483191956812807133e-01
1.536050164329201273e-01
1.819417528614907520e-01
1.605857254791855093e-01
1.428642566651170398e-01
1.447645344232631748e-01
1.529988573725990508e-01
1.768685535039238033e-01
1.721310138891402330e-01
1.922826041069157221e-01
1.628898069139214644e-01
1.918872087193889131e-01
1.720621375502058015e-01
1.226638765641350354e-01
1.868155328499651047e-01
1.557775930285128230e-01
1.514977141353649470e-01
1.617264906293255922e-01
1.889487861874258601e-01
1.362275463449122981e-01
1.772572964528147110e-01
1.422623013148569260e-01
1.631713158227043881e-01
1.672667892143635260e-01
1.794434860606703430e-01
1.994963803137445313e-01
2.192058905958993997e-01
2.067680525536686742e-01
1.866435215104441381e-01
2.085573200502339464e-01
1.783940797791963018e-01
1.897465359598685397e-01
1.907343701639925837e-01
1.942220932746583362e-01
2.001486343885982011e-01
2.158992071377831834e-01
2.313892049835087061e-01
1.855779862343409081e-01
1.986270574227046726e-01
1.994473603587985366e-01
2.503104527702458282e-01
2.223160199018821004e-01
2.252583923134039989e-01
2.211636306990853729e-01
2.425343037786960032e-01
2.360631366269230202e-01
2.228626553885571793e-01
2.211417168273840383e-01
2.440717268152571562e-01
2.444234862639461936e-01
2.359424581136261023e-01
2.472780347213701380e-01
2.714654040597419549e-01
2.543292876932468638e-01
2.973387242109259421e-01
2.738804366985722605e-01
2.528712208034541442e-01
3.137389325879179625e-01
2.595124593004483615e-01
3.111774742836430074e-01
3.047981644372521615e-01
3.127184162066709017e-01
3.366414305434496934e-01
3.261885139518851395e-01
3.556113267567106440e-01
3.412098785251487798e-01
3.681269749294572291e-01
3.421590566355847129e-01
2.914600917280268377e-01
3.717934859882880416e-01
3.729624026487204369e-01
3.986679612177825849e-01
3.639664819409702545e-01
3.968083957940873319e-01
3.755342968112653224e-01
3.894506249455262914e-01
4.396500676756507353e-01
3.949395813561769053e-01
3.886175601957670978e-01
4.466975227765463963e-01
4.116960293902324763e-01
4.776209462620512047e-01
4.061043030490715799e-01
4.485542006145978866e-01
4.748796362540781968e-01
4.322320546877120306e-01
4.139979229350073675e-01
4.196902126414863154e-01
4.605987378664210818e-01
4.224714889990629496e-01
4.528494593994170092e-01
4.663387665917412828e-01
5.025587390965806645e-01
5.269097848597149580e-01
4.798437804935764550e-01
5.425272977555345433e-01
4.321603370693523072e-01
5.466062783779551681e-01
5.131710560031593760e-01
5.536635273916988842e-01
6.122742352454900727e-01
5.527755818112513042e-01
5.584601167133522726e-01
5.213755707397348393e-01
6.377482018325637547e-01
5.434075267959103117e-01
5.878560197047819624e-01
6.317364529472082602e-01
6.026765884889166980e-01
6.238766732846644514e-01
5.849898160720504725e-01
6.234116405951355411e-01
6.123592068852624637e-01
6.143187683884728800e-01
6.262050804572211193e-01
6.520793576928012314e-01
6.382622288243601227e-01
6.218063681296353007e-01
6.944245575916216939e-01
6.639999628576405133e-01
6.860706603061073050e-01
6.151190156574974921e-01
6.683764742652007484e-01
6.414763106077241428e-01
6.899030996415401740e-01
7.004570731145171036e-01
7.241119120770057593e-01
7.053641215990839042e-01
7.129890642190584993e-01
6.801949165326475200e-01
7.344003024015014480e-01
7.198347435832210817e-01
7.360968031073735762e-01
7.585108742836389473e-01
7.402313037441137222e-01
7.372207654614063577e-01
7.417247401470994372e-01
7.114018607329750665e-01
7.295567199594749086e-01
7.155804274378353425e-01
6.993102727618346615e-01
7.705865581330814118e-01
7.312396564783919528e-01
7.859135393179995654e-01
7.910433238427899694e-01
7.842388341724541023e-01
7.126081759899527412e-01
8.294821599045482108e-01
7.688711808451424989e-01
7.820154216819210635e-01
7.892334055925592784e-01
7.607876760000806815e-01
8.045374235415297948e-01
7.808351193332535578e-01
8.228463224617506011e-01
7.476395018637920220e-01
8.284287992007212109e-01
7.861840785858251746e-01
7.852477268410255062e-01
8.458245270274771244e-01
7.975743881186364570e-01
7.563497406057404504e-01
8.928218562949304937e-01
8.020494826630540919e-01
7.828114680622585420e-01
8.041884230513404175e-01
8.697689292774766212e-01
8.346557789911988046e-01
8.124640384219478095e-01
8.269460325399815570e-01
8.588779139056564871e-01
8.471785064574021140e-01
8.550692835626533261e-01
8.149295836955339212e-01
8.492639461771461784e-01
8.398279520276983323e-01
8.184274585747475239e-01
7.592722786549910285e-01
8.209772496543257247e-01
8.286439092800734763e-01
8.362216251946893442e-01
8.153267325405023636e-01
8.618264153161688812e-01
9.204402364742512166e-01
8.155364824597126638e-01
8.325289594474754029e-01
8.207108857950992098e-01
8.317895587600396823e-01
8.606980530859630329e-01
8.094017194641407453e-01
8.194057743585008158e-01
8.944532214242342238e-01
8.390872750116453727e-01
8.930026376033666224e-01
8.665948603905632153e-01
7.838592409522838755e-01
8.381321393452338953e-01
8.575276089576380212e-01
9.010023655185529501e-01
8.465075508941146687e-01
8.851415531007840176e-01
8.808551617248842058e-01
8.448517486619884220e-01
9.259113693860494543e-01
8.507127242714817017e-01
8.648864602514743094e-01
8.996765684966430143e-01
8.557787352962725747e-01
8.448488487866969709e-01
8.561852575252328901e-01
8.385477937465245502e-01
8.861109361742381951e-01
8.508239747189213498e-01
8.576982284704172121e-01
8.545043338657515308e-01
8.372387902244819990e-01
8.382769208215851142e-01
9.378437574192480808e-01
8.599148421905784545e-01
8.754513205272869136e-01
8.705884626777213864e-01
8.335168031675640465e-01
8.794241660728738808e-01
8.266598296009373126e-01
8.658000527175336858e-01
8.388869084421326505e-01
8.744458332318841842e-01
9.096720336940672391e-01
8.688472999374184935e-01
8.649069561397823014e-01
8.315973570962654771e-01
8.879097196060399266e-01
8.701110156241161908e-01
9.104643966715372239e-01
8.661148600500151451e-01
8.471126211639599113e-01
8.260124727949739176e-01
8.388247759491881395e-01
9.373381769546568210e-01
8.878597617738759329e-01
8.580419872887746768e-01
8.697186668016378963e-01
9.157436530432421229e-01
8.905496104952824732e-01
9.346096679427360332e-01
8.899991906471683700e-01
8.911556555069859442e-01
9.267229091245793304e-01
9.005547502688676653e-01
9.158464386585011274e-01
9.260413960396741695e-01
9.058279603530421387e-01
8.731462087323509369e-01
9.574480091227732803e-01
9.039321873579270195e-01
9.153044900712498100e-01
8.913850691871609833e-01
9.109413292948967955e-01
8.995403172195617358e-01
9.359088443492510345e-01
9.617870198120958003e-01
9.023372954432229420e-01
9.281222751689576222e-01
9.925258966503343050e-01
9.783520264691905055e-01
9.410444085553063553e-01
9.873681976583712494e-01
9.924655660571634064e-01
9.647205505134365255e-01
9.620154430808636192e-01
9.762345885456062966e-01
9.553521100933591859e-01
9.623697183441318748e-01
9.648247895213685199e-01
9.429422581461174291e-01
9.543599569675009775e-01
9.644071760712117358e-01
9.598308925475683706e-01
9.565425251781287663e-01
9.388579263574046152e-01
9.487736867167027022e-01
9.530063044603329647e-01
9.373842457387191462e-01
9.761451766285621501e-01
9.187775316593966846e-01
9.432177368646847970e-01
9.217621042387400543e-01
9.702512937029413864e-01
9.198346385436835249e-01
9.462599763571852840e-01
1.002444857248441901e+00
9.900986956495242408e-01
9.635675362695995672e-01
1.013663395380341337e+00
1.027359750981466258e+00
1.000971806299387756e+00
9.964455218632619626e-01
1.005359635645517447e+00
9.706310307828599493e-01
9.882400998905299661e-01
1.015501869649066746e+00
9.776716195266087484e-01
9.967416167850279285e-01
1.049264473637694595e+00
9.850504711916870937e-01
1.013457964082633112e+00
9.853339412835367961e-01
1.054451067617369731e+00
1.026370488331998176e+00
9.879227665032682681e-01
9.946720573742052762e-01
1.006885726052064278e+00
1.048710532781863325e+00
1.055677836551006221e+00
1.038012976421732514e+00
1.041145171906400435e+00
9.992682677275281922e-01
1.052714818182258982e+00
1.000338822734671451e+00
1.096228179954588100e+00
9.960272292157915652e-01
1.001329949151446685e+00
1.008175295681728256e+00
1.013906849038864078e+00
1.059026011720820115e+00
1.049843047569943622e+00
1.027150943290655594e+00
1.048299130013071956e+00
1.039235907464576947e+00
1.020425696469292154e+00
1.048029173322315266e+00
1.036483785371542510e+00
1.023484795341852882e+00
1.000402359441349809e+00
1.026128225332499033e+00
1.037017829226624333e+00
1.007075296912625095e+00
1.025459429467655337e+00
1.044202568434586365e+00
1.047378300081295066e+00
1.039121578320879369e+00
1.047712735246212779e+00
1.026703808941135554e+00
1.024475221946441472e+00
1.014926262033168713e+00
1.044390902221725481e+00
1.007172193302389607e+00
1.041275057969371254e+00
1.026959083674425122e+00
1.014658438530547491e+00
1.048830319388765586e+00
9.898230574197117715e-01
1.008632122656541563e+00
1.011213255064896011e+00
1.021314171869604159e+00
9.895201978583479940e-01
1.028642468180505309e+00
1.055819652790650709e+00
1.021895195612055662e+00
1.055842536022522538e+00
1.002290192706999594e+00
1.018114350992578965e+00
9.998962710237614404e-01
1.031596831516607082e+00
1.027559624928775506e+00
9.981370725466021110e-01
1.062502631399608877e+00
1.016929771888310352e+00
9.963606138511180710e-01
1.032307961193185797e+00
1.035895394684000159e+00
1.007899713694966337e+00
1.041206905406376393e+00
1.049564060470659754e+00
1.027068047105848425e+00
1.009541176882116087e+00
1.002612421411699151e+00
1.016187972938290329e+00
1.027930081229468273e+00
1.024883912228159444e+00
9.990105346735281833e-01
1.021412751820133913e+00
1.004275102773641404e+00
1.017538383765276722e+00
1.018801129317131737e+00
1.002674523378701332e+00
1.028042078370682955e+00
1.036817309327819459e+00
1.005670697458655560e+00
9.993969386529132359e-01
1.022333100839871944e+00
9.906960213373141588e-01
1.011428195861712398e+00
9.919915929781438768e-01
1.009692988533971159e+00
9.485667198316862780e-01
1.000195712499799328e+00
9.753275515249563155e-01
9.798418532660089220e-01
9.867487941084440717e-01
9.944118486921881273e-01
1.011666037686735242e+00
9.514820976536314534e-01
1.015074490037046306e+00
9.707822520702422686e-01
9.997709682208304471e-01
9.680630244034301723e-01
9.633585067935026558e-01
9.924688121736230384e-01
1.026477875126438288e+00
9.985835745220165149e-01
9.961560984707314992e-01
9.762846128848463589e-01
9.805065713774744340e-01
1.046745934330492345e+00
1.039949500307662866e+00
1.023617363612788544e+00
1.049374053715883104e+00
9.901066323180303108e-01
1.037796156309486184e+00
1.052283216122184450e+00
1.019182070155515651e+00
9.855330651004087228e-01
1.034490648589292183e+00
1.017422985399849322e+00
9.870584075657999890e-01
1.016243551119007327e+00
1.004555906000619281e+00
1.030544770409264510e+00
9.736656293975538556e-01
9.757622106828375275e-01
1.023865675460177149e+00
1.010490035460176683e+00
1.008082758411632085e+00
1.000257223340954571e+00
1.006906000881935492e+00
9.530868549885401775e-01
1.015405332454245135e+00
9.836855020428204588e-01
9.664096002364269689e-01
9.915101143888429558e-01
1.005119067426788693e+00
9.727395462943936311e-01
9.877215246311981112e-01
9.517227407270898443e-01
1.024745605406196303e+00
9.895414152303607658e-01
9.955794958186089394e-01
9.776550839681095173e-01
9.719318792412686703e-01
9.924278557617655094e-01
9.382446358551093102e-01
9.922767059730615014e-01
9.725594769417750252e-01
9.812146251675568642e-01
1.014932213467376831e+00
1.014939329805794266e+00
9.879487268053066540e-01
1.030414570201099611e+00
1.006212822811075158e+00
1.038999591140749246e+00
9.862334990201050422e-01
9.936121027380264703e-01
1.004257025485555399e+00
1.037305707143258982e+00
1.035888696430199429e+00
1.008523297686697573e+00
1.034376346358240051e+00
1.058113480428503506e+00
9.872771767888667283e-01
1.017173024859940211e+00
1.003511935848878878e+00
1.014456673412156062e+00
1.016000302804797029e+00
1.014321750295256619e+00
9.908919109206755227e-01
1.009704915341560927e+00
1.000412067825962925e+00
9.819707972588236355e-01
1.012335507872851537e+00
9.892277978900214652e-01
1.016558348462730965e+00
1.038710848464182046e+00
1.013212860410300120e+00
1.019029636445682341e+00
9.909283060126474751e-01
9.694925670980789612e-01
1.005659339431884236e+00
9.802895999447378550e-01
1.003919798564123944e+00
9.937056567272898322e-01
9.875176334720631166e-01
1.030108881828693201e+00
1.007135031894932808e+00
9.879226159151287545e-01
9.718358007956895417e-01
9.904785751741879141e-01
9.906884681192358322e-01
1.020248605444949996e+00
1.011703373402079054e+00
9.933726430673224250e-01
9.668239985029138950e-01
9.836647018003238374e-01
1.041463391098249591e+00
1.049452322826612383e+00
1.014803203267806042e+00
9.756566056049650326e-01
9.892995676348811385e-01
9.961636201567555249e-01
9.997906332334072221e-01
1.002814398177209299e+00
1.027482256148309236e+00
1.008512321069818807e+00
1.016646457629795108e+00
9.823331961533897649e-01
9.987719934340459904e-01
9.652583687669240575e-01
1.008638195866303766e+00
9.868906892363875638e-01
9.706272296639230079e-01
1.011090298901543783e+00
9.914697963994997254e-01
9.890485086025576633e-01
9.964192393710608053e-01
9.914816522536897825e-01
9.882350968647038991e-01
1.004131445739746331e+00
9.870368982341699571e-01
1.003394856390310785e+00
9.995866819663964398e-01
9.831799674970477243e-01
9.635758332358814737e-01
9.828075602001565825e-01
9.831616198048901412e-01
9.718437778823625361e-01
9.992769188515487899e-01
9.917475181617426694e-01
9.861387593480410718e-01
9.853880322780761425e-01
9.600084715923241641e-01
9.774801180948825552e-01
9.959207189096546120e-01
9.741570718747745161e-01
9.840258423721737202e-01
9.626659374870250030e-01
1.013345608195483250e+00
9.972698294953952214e-01
9.841582691057596533e-01
9.758175137443059199e-01
9.748172450205105921e-01
9.660179093157911234e-01
1.005500475697514551e+00
1.009852399645627230e+00
9.922485573653454516e-01
1.000465327355463785e+00
1.022494986956831609e+00
1.007033141690174327e+00
9.740314392291086198e-01
9.847434488687177856e-01
9.672034351634772875e-01
9.999112219401233848e-01
9.834267843174506751e-01
1.014909156487774133e+00
9.813708235792523160e-01
9.911271832887026401e-01
9.798231341786840520e-01
9.792998267425474523e-01
9.740487885562659764e-01
9.963673522743471400e-01
9.601523364394859428e-01
9.488085687305155558e-01
1.002286533599396012e+00
9.970277094732067358e-01
9.743968560376323751e-01
9.824260130192762341e-01
9.718851826125840532e-01
1.000784154416904270e+00
9.824829611906252813e-01
1.018218155835876937e+00
9.717265319322362371e-01
9.745679351073419650e-01
9.865151963251199696e-01
9.950464305480930527e-01
9.851379145052091557e-01
9.852837641820246795e-01
9.878025870398700059e-01
9.746580499530095310e-01
1.001070372902234995e+00
9.763930316939738452e-01
9.638366949980254894e-01
9.748124316939557055e-01
9.869012028169618089e-01
9.741696817349854154e-01
9.554409567228702160e-01
9.691056986280540686e-01
9.590537757644356232e-01
9.983048219501114984e-01
9.903005546761231015e-01
9.832532013271643168e-01
9.835829016523937041e-01
9.788705292701493921e-01
9.997605371749725967e-01
9.685948897573328775e-01
9.900836230473235577e-01
9.860698048599819687e-01
9.696327792336975060e-01
9.999779243834499010e-01
9.707519560203222708e-01
9.921841147488120738e-01
9.848395448451539025e-01
9.998712665079917405e-01
9.847366061115924163e-01
9.703395189253753994e-01
9.553439028947815492e-01
9.758220308673695165e-01
9.922249992454780232e-01
1.021097647960814703e+00
9.738204507841231594e-01
9.708164588351608781e-01
9.925279933393179599e-01
9.875249941812391796e-01
1.015831264352243135e+00
1.000589411240369930e+00
9.522889143185039318e-01
1.001853043081371908e+00
9.744618772087241254e-01
9.889045755765291101e-01
9.848315013092521220e-01
1.003240412582300234e+00
9.726795371943773860e-01
9.950702151787674810e-01
9.854866379266323806e-01
9.901451101952609690e-01
9.863215616505813799e-01
1.009090538563693018e+00
9.919775430603643418e-01
9.533190585627014935e-01
9.743213072398474450e-01
9.718198389972864115e-01
9.382672652089035781e-01
9.720432553800161246e-01
9.834578567583920350e-01
9.484495218927280202e-01
9.478830112121917617e-01
9.339247386192334188e-01
9.329785015164296924e-01
9.439280805040791700e-01
9.447992027966066741e-01
9.083107153987393101e-01
8.929641780369504955e-01
9.073489564505813343e-01
9.194349903949433633e-01
9.082064050299332170e-01
9.280984037218465987e-01
9.378313695723663468e-01
8.936944612249639874e-01
9.034569392621022432e-01
8.921819465378635350e-01
9.104745254576791513e-01
8.884850042532705938e-01
9.009400611872563358e-01
8.852086998470530821e-01
8.648039904920031828e-01
8.975296740747421564e-01
8.852509538807437073e-01
8.608569242682818645e-01
8.569377082458009554e-01
8.483449486405832962e-01
8.386194087277395459e-01
8.738640817065521649e-01
8.629560687553767817e-01
8.397039289323359190e-01
8.463038894260408451e-01
8.291649259792553961e-01
8.532543070460423262e-01
8.482604657954087024e-01
8.340979008253426308e-01
8.263001710328937710e-01
8.307324135401104037e-01
8.165078877646811950e-01
8.387721693053077354e-01
8.122846703710772109e-01
8.268997028979216957e-01
8.182675368734607657e-01
8.309196198346187057e-01
8.031762034340939049e-01
8.195454348725305094e-01
7.714007941106013622e-01
8.112459183589662004e-01
7.995897427874042451e-01
8.076503733751698721e-01
7.977159325447465976e-01
7.815430490502698335e-01
7.790786425366895696e-01
7.882091115831689754e-01
7.982149062039469722e-01
7.684434188272198929e-01
7.799064020034611744e-01
7.729059377382597740e-01
7.552028819156921813e-01
7.442907427657866615e-01
7.446523320534234047e-01
7.623573931072009646e-01
7.459063350491220712e-01
7.394202141880231727e-01
7.679660763895036490e-01
7.458727996515813752e-01
7.331680474804952441e-01
7.371029223091276616e-01
7.346124728875087495e-01
7.122429807875377827e-01
7.262921727583909748e-01
7.339139269436699697e-01
7.243881035272333735e-01
7.106767353565917045e-01
7.140619607828874171e-01
7.070892797391528095e-01
7.137875593120959206e-01
6.885165994292472558e-01
6.964418252796937825e-01
7.088497374147245678e-01
7.024748144604293643e-01
6.952603840528278623e-01
6.941185292348113212e-01
6.922907758375672627e-01
6.896095941721238631e-01
7.003201851325442373e-01
6.950622089647271462e-01
6.520708525368249520e-01
6.858018140523364226e-01
6.719278526429428577e-01
6.594691777475754080e-01
6.678964961036232273e-01
6.500871064160969048e-01
6.444959142596047297e-01
6.518872060640492627e-01
6.382507836354117670e-01
6.266816701070848650e-01
6.310489734418496255e-01
6.280528251607061518e-01
6.378923390839579266e-01
6.312351720232056707e-01
6.280874391507060839e-01
6.224689114227416331e-01
5.882998401432060209e-01
6.396463000773993102e-01
6.050878336202196728e-01
6.190897988526352647e-01
6.024041639221348055e-01
5.952664440714594551e-01
6.072403998925238744e-01
5.947483765777283882e-01
5.923774583473898625e-01
5.917981017147309064e-01
5.870142050926518973e-01
5.848315805693353742e-01
5.807236601964997913e-01
5.877236080011946084e-01
5.895598718207948341e-01
5.819417758336403734e-01
5.813834236437611658e-01
6.004367908117581587e-01
5.898164403992494087e-01
5.814613504680367084e-01
5.698116643587916030e-01
5.825608912318833710e-01
5.706385263471306368e-01
5.584486831041359789e-01
5.678390832532529409e-01
5.740531302072021669e-01
5.537878469793591218e-01
5.668759735856160331e-01
5.627618824002844633e-01
5.403056919223262478e-01
5.474383917634397800e-01
5.345534248416921042e-01
5.447592774114605740e-01
5.569288751633465484e-01
5.411732990331262760e-01
5.353166056280096452e-01
5.342373386439916993e-01
5.418866254046046382e-01
5.427822857831767767e-01
5.215665135467704161e-01
5.372561430804516647e-01
5.317747803778024585e-01
5.119175725773573715e-01
5.248069016620122706e-01
5.098709278298839687e-01
