0.000000000000000000e+00
0.000000000000000000e+00
0.000000000000000000e+00
0.000000000000000000e+00
0.000000000000000000e+00
0.000000000000000000e+00
0.000000000000000000e+00
0.000000000000000000e+00
0.000000000000000000e+00
0.000000000000000000e+00
0.000000000000000000e+00
0.000000000000000000e+00
0.000000000000000000e+00
0.000000000000000000e+00
0.000000000000000000e+00
0.000000000000000000e+00
0.000000000000000000e+00
0.000000000000000000e+00
0.000000000000000000e+00
0.000000000000000000e+00
0.000000000000000000e+00
0.000000000000000000e+00
0.000000000000000000e+00
0.000000000000000000e+00
0.000000000000000000e+00
0.000000000000000000e+00
0.000000000000000000e+00
0.000000000000000000e+00
0.000000000000000000e+00
0.000000000000000000e+00
0.000000000000000000e+00
0.000000000000000000e+00
0.000000000000000000e+00
0.000000000000000000e+00
0.000000000000000000e+00
0.000000000000000000e+00
0.000000000000000000e+00
0.000000000000000000e+00
0.000000000000000000e+00
0.000000000000000000e+00
0.000000000000000000e+00
0.000000000000000000e+00
0.000000000000000000e+00
0.000000000000000000e+00
0.000000000000000000e+00
0.000000000000000000e+00
0.000000000000000000e+00
0.000000000000000000e+00
0.000000000000000000e+00
0.000000000000000000e+00
0.000000000000000000e+00
0.000000000000000000e+00
0.000000000000000000e+00
0.000000000000000000e+00
0.000000000000000000e+00
0.000000000000000000e+00
0.000000000000000000e+00
0.000000000000000000e+00
0.000000000000000000e+00
0.000000000000000000e+00
0.000000000000000000e+00
0.000000000000000000e+00
0.000000000000000000e+00
0.000000000000000000e+00
0.000000000000000000e+00
0.000000000000000000e+00
0.000000000000000000e+00
0.000000000000000000e+00
0.000000000000000000e+00
0.000000000000000000e+00
0.000000000000000000e+00
0.000000000000000000e+00
0.000000000000000000e+00
0.000000000000000000e+00
0.000000000000000000e+00
0.000000000000000000e+00
0.000000000000000000e+00
0.000000000000000000e+00
0.000000000000000000e+00
0.000000000000000000e+00
0.000000000000000000e+00
0.000000000000000000e+00
0.000000000000000000e+00
0.000000000000000000e+00
0.000000000000000000e+00
0.000000000000000000e+00
0.000000000000000000e+00
0.000000000000000000e+00
0.000000000000000000e+00
0.000000000000000000e+00
0.000000000000000000e+00
3.151523545109413682e-02
0.000000000000000000e+00
3.018142253498808797e-02
0.000000000000000000e+00
0.000000000000000000e+00
0.000000000000000000e+00
1.387790891730289293e-02
4.079267025930881363e-02
0.000000000000000000e+00
1.306174992285955364e-02
1.280564546583492884e-02
6.278500022408176062e-02
2.463105357765577041e-02
7.248571491942859546e-02
8.297111769302981110e-02
5.815735804104998213e-02
1.141608019881061725e-01
5.603308384242175477e-02
9.902579187993361398e-02
1.404600774579814193e-01
1.697869895863225731e-01
1.563581149408335147e-01
2.457840977540678151e-01
2.213838920209622585e-01
1.582305627195965125e-01
1.652461977801319981e-01
2.006679488317858473e-01
9.395021824781436826e-02
1.940072774366592423e-01
1.817148754218494699e-01
2.144832123625804721e-01
2.022042680088165234e-01
2.594908436387218797e-01
1.787373555980257545e-01
2.429099584763167452e-01
2.225960855529220406e-01
1.947716382517916955e-01
1.997416498842107535e-01
3.225367705057542445e-01
3.563458903325068539e-01
3.051711428282739003e-01
3.156112997271230403e-01
3.775223652915057904e-01
3.281731274265302645e-01
3.305326316330078340e-01
3.965133858186341564e-01
4.465907615156096133e-01
4.264099472358022780e-01
5.694637483197482197e-01
4.344061310483966487e-01
5.271234913181093162e-01
5.717263813966965147e-01
5.830058384438104868e-01
5.054633028368921144e-01
7.291136634011352591e-01
6.761652085884050090e-01
6.185168550166606494e-01
5.503897662523348222e-01
6.847169138693980361e-01
6.290515388523585383e-01
6.840017143514274256e-01
6.410239725181580139e-01
6.774919605290888880e-01
6.466428045449855722e-01
6.492646371720099951e-01
6.302208565438114363e-01
5.052404361680917777e-01
5.198909915061590281e-01
5.704360436234044984e-01
5.172577027428286733e-01
5.766276741987972354e-01
5.095996744478121787e-01
4.935148252585035422e-01
5.216602041382087940e-01
5.057420362819015081e-01
4.711318714976298616e-01
5.360570474050058154e-01
5.390064664388104498e-01
4.867458661313975865e-01
4.992059405967340102e-01
5.068576848557788672e-01
5.409006295391932673e-01
4.864742862656731837e-01
4.939123339977870009e-01
4.754497610393323970e-01
4.954870996957917995e-01
4.606084415343134064e-01
4.347592126891651754e-01
3.889830233413101301e-01
4.049314866970473159e-01
3.203853881328462272e-01
3.406502392886258113e-01
3.957174785003480522e-01
3.371805538909031230e-01
3.795625767147793872e-01
2.579213368861111855e-01
3.264771197592903906e-01
2.376256499001296318e-01
3.012530740625253833e-01
2.435683851130452937e-01
2.086539070864362744e-01
2.385335269332413133e-01
2.360744403005720637e-01
2.336531853243148105e-01
1.932994542791641734e-01
1.708366430469382136e-01
2.266087870828006057e-01
1.875008140558802883e-01
1.856258216187753607e-01
1.772152847677785914e-01
2.014548690434779243e-01
1.833838090987237046e-01
2.102574077869636959e-01
1.766597486637608017e-01
1.811926411183784891e-01
1.577852080095730747e-01
2.175496442125577357e-01
1.911897783110486915e-01
2.013923616866403477e-01
1.697097953939701032e-01
2.064493685319349348e-01
2.015893069592809006e-01
1.910224690211045351e-01
1.978475981806013528e-01
2.954439372306214562e-01
2.139114788066525108e-01
2.203154099774661256e-01
2.818601004704586188e-01
3.039416730878719552e-01
2.903373556478048845e-01
3.388124945544281341e-01
3.490981965812264831e-01
3.063650933346923622e-01
3.533763096520226021e-01
3.710046087603376397e-01
3.728790259040925537e-01
3.415689372075769725e-01
3.486928608753563363e-01
3.732134381623652963e-01
4.345428209384319396e-01
3.692543875173971424e-01
4.393018098049731868e-01
4.500653536516333597e-01
4.342394680196685064e-01
4.924078198436129816e-01
5.401440748671314518e-01
5.613328305864826451e-01
5.705514000567837307e-01
6.209965236800982780e-01
6.204048556671299952e-01
6.559944702694922025e-01
6.752731248231813588e-01
6.830883920611421356e-01
6.973741123020921195e-01
8.405522253315531600e-01
7.577536821604609063e-01
8.894798734410706009e-01
8.695170620052888877e-01
9.282597093065133587e-01
9.418875321609551099e-01
9.782128490094800233e-01
1.049111621837138131e+00
1.008003576208808649e+00
1.173230710673311306e+00
1.056954754866297641e+00
1.173053037493462458e+00
1.159980299581889529e+00
1.305019179200084700e+00
1.263634644151357067e+00
1.259784000959512262e+00
1.321550389830776773e+00
1.508704369298891068e+00
1.379468956746938257e+00
1.467117164836189147e+00
1.519719850679280837e+00
1.526911804207723211e+00
1.545016107298841757e+00
1.537189025677912380e+00
1.598459754111287934e+00
1.694844628960824551e+00
1.712808660616740974e+00
1.785540200093553853e+00
1.841290976336410923e+00
1.920695509422940317e+00
1.765985348167877333e+00
1.963760809835682020e+00
1.913655683250467421e+00
2.013900028555491328e+00
1.864412718803265090e+00
1.923243609462842452e+00
2.047787688514395743e+00
2.049846773529111044e+00
2.020638146260411272e+00
2.125444035211105476e+00
2.165611333303302466e+00
2.105516617788129263e+00
2.132393713630209131e+00
2.187379249607927179e+00
2.106180641782517515e+00
2.146420987784647405e+00
2.252822316607534958e+00
2.107916590597195050e+00
2.216098047591590348e+00
2.258876615073825533e+00
2.273831016986951337e+00
2.157973713909115521e+00
2.334288228677004806e+00
2.321635588888116608e+00
2.297333491337448130e+00
2.339047545577649156e+00
2.219062455554082103e+00
2.205856968556756836e+00
2.270118637004578055e+00
2.182666820614119096e+00
2.273004517057416241e+00
2.199213972366325542e+00
2.180747716306027595e+00
2.070984992530688018e+00
2.060378362051865864e+00
2.086812024745406280e+00
2.137337659599939599e+00
2.162857910374587522e+00
2.079280259778920836e+00
2.046071308656283172e+00
2.039748396498939798e+00
1.976832960209484957e+00
2.044232471678155694e+00
2.054825412703533694e+00
1.983825057955344251e+00
1.986876920136705582e+00
2.008997954978285261e+00
1.910302997975553696e+00
1.971627668824915247e+00
1.983299215972935903e+00
1.867781213898519699e+00
1.853882367959427846e+00
1.849958395484060825e+00
1.871721283744652853e+00
1.758305891250101949e+00
1.789954600826490161e+00
1.672325426361903400e+00
1.750586433562406175e+00
1.721125273049592286e+00
1.590583428036858704e+00
1.719419368674012683e+00
1.595034432334753616e+00
1.514945269100171243e+00
1.504856182969461553e+00
1.510884031871588817e+00
1.457644627933571080e+00
1.412920685378437069e+00
1.472160828190732351e+00
1.367444594526057600e+00
1.393977777428364373e+00
1.395866920069701145e+00
1.301014073091085521e+00
1.364550434708186488e+00
1.238329046046404480e+00
1.239893270602638209e+00
1.188798786178083544e+00
1.314450308268483081e+00
1.174285408283098464e+00
1.253166175934935733e+00
1.212512678665861987e+00
1.270422430520838697e+00
1.234239873809732213e+00
1.221151199758094608e+00
1.227692631779775390e+00
1.237204872338722561e+00
1.122745651520018928e+00
1.143800023057051529e+00
1.139506050718674501e+00
1.083322355082451116e+00
1.098238996239930376e+00
1.097175488701375157e+00
1.095125045276710951e+00
1.075497574933513611e+00
1.076469131858466266e+00
1.079347012724509725e+00
1.057190052849066975e+00
1.084963266104823854e+00
1.090555253504879696e+00
1.079994897096486994e+00
1.041311800672348076e+00
1.094719347620231265e+00
1.081466280596009577e+00
1.088705024265958166e+00
1.025865068128179125e+00
1.053443141302801367e+00
1.082539968094513583e+00
1.054210779845998758e+00
1.110924776544782944e+00
9.840399182275166856e-01
9.735738242250557839e-01
1.024457324439248973e+00
9.891356508959890936e-01
9.796440024064139163e-01
1.037541565420490697e+00
1.039177689221403078e+00
1.007042357343323147e+00
1.074206776493437321e+00
1.063601913673175359e+00
1.076095250896189182e+00
1.024870811505897317e+00
1.061865704321101722e+00
1.109384038133970796e+00
1.057051828864068233e+00
1.087476394125310497e+00
1.114277008168563787e+00
1.100494606087734084e+00
1.109750724169509484e+00
1.117272707062929804e+00
1.097156133328614835e+00
1.102220065134432048e+00
1.110430096691403135e+00
1.105771839967188530e+00
1.102734833288736116e+00
1.049906943032094864e+00
1.091989618094960868e+00
1.072583472913020808e+00
1.089191766897785740e+00
1.128111291420815121e+00
1.111859247911552773e+00
1.114179602085707543e+00
1.062208092225357836e+00
1.115673107975408085e+00
1.077032489007083482e+00
1.120853548839084945e+00
1.119264535294610008e+00
1.093802311100774194e+00
1.070796566750957801e+00
1.142596610954676573e+00
1.103370324368716071e+00
1.106963427059473482e+00
1.102495106731320673e+00
1.161880099080542461e+00
1.171610229652891633e+00
1.078489481830861685e+00
1.166445628433240511e+00
1.110491305944898199e+00
1.132275347698330714e+00
1.120697882690508296e+00
1.168185999646183415e+00
1.157224582097629462e+00
1.159567839199746153e+00
1.183342460266727514e+00
1.092471293694447620e+00
1.174630972362322501e+00
1.127628901318850074e+00
1.154470248165851531e+00
1.114728408113791147e+00
1.116433462097126794e+00
1.146282604238169078e+00
1.139795344159196144e+00
1.116071886022779180e+00
1.150783285363848440e+00
1.162774558920656176e+00
1.075612509982669662e+00
1.140697277524453268e+00
1.101836119312121776e+00
1.077545511778866372e+00
1.082452902251413551e+00
1.084099183057751326e+00
1.029518507938419258e+00
1.067605568606045940e+00
1.042041858454622494e+00
1.081613215800029337e+00
1.086941340204220063e+00
1.089088708980471498e+00
1.068810695416471113e+00
1.091438815324206280e+00
1.068221502250343180e+00
1.036596810362780285e+00
1.002176974686736610e+00
1.030752725333816677e+00
1.012395206020458405e+00
1.012897809175517416e+00
1.023003858403787936e+00
1.003688103361269235e+00
1.070345492854335889e+00
1.001125669147110653e+00
1.003983700972962634e+00
1.010927714134427058e+00
1.021906020148728000e+00
1.001857984783135924e+00
9.639566150541779566e-01
9.842251861216509967e-01
9.858776893869295455e-01
9.657035031936519465e-01
9.891159346878426462e-01
9.440407001316301061e-01
9.361648343609508816e-01
9.774439150948295296e-01
9.627349036719202724e-01
9.912358721292349184e-01
9.587374148325795709e-01
9.448159901344862499e-01
9.227076477266246135e-01
8.930635781111171401e-01
9.486477927677360311e-01
9.387841614108151100e-01
9.404147791775423482e-01
9.035634500232387900e-01
9.678917100075711266e-01
8.973586993731477168e-01
9.349563246581615861e-01
9.264042249546002861e-01
9.773731157501439615e-01
9.147702755690449994e-01
9.827440036857664207e-01
9.588954195337898723e-01
9.315713830380180083e-01
9.606599282160029896e-01
9.252366093559469817e-01
9.639154198239083815e-01
9.364572938778155109e-01
9.583819487204404686e-01
9.326768735327192195e-01
9.478233234538140373e-01
9.997986351459517973e-01
9.343747121169991843e-01
9.478095804359254473e-01
9.726403868518530560e-01
9.449406005384906049e-01
9.432638633250925997e-01
9.321968658889656645e-01
9.744117564658887343e-01
9.588793691247980977e-01
9.410150455500704281e-01
9.042892618545239625e-01
9.439981618371389160e-01
9.447374053917996228e-01
9.339105836967831475e-01
9.394645364105658203e-01
9.172605767536574639e-01
9.423351260113063121e-01
9.392398031326717467e-01
9.394674586473917843e-01
9.509798761374070875e-01
8.878633739757552101e-01
9.545777272295250526e-01
9.165664274738202222e-01
9.224039902947687164e-01
9.595929945235036618e-01
9.771753593214005384e-01
9.831613324249035557e-01
9.475412159604820195e-01
9.654080387926191609e-01
9.690847286805721605e-01
9.560187474984765954e-01
9.155971654951735594e-01
9.377760639322998415e-01
9.195899124051140072e-01
9.193301392632310387e-01
9.177360363365023588e-01
9.744557568514632395e-01
9.312887718992433062e-01
9.625387264023660405e-01
9.498632771977746359e-01
9.546868420281282575e-01
9.369138735646861393e-01
9.698291658941806670e-01
9.663279813791062489e-01
9.422500917379126317e-01
9.457012217461953085e-01
9.567894303600289474e-01
9.427483261070158660e-01
9.546016033041520021e-01
9.233772101229692497e-01
9.473813206152689181e-01
9.632582884099629705e-01
9.585855424980624928e-01
9.676506776705240398e-01
9.683654522850945190e-01
9.406034917259613604e-01
9.175533399139339519e-01
9.397203694616202974e-01
9.013118693852368857e-01
9.790967143386728466e-01
9.302685792425746669e-01
9.524633903851006389e-01
9.362583182666170956e-01
9.514474390336534748e-01
9.273525713119668001e-01
9.575925738075748983e-01
9.340287973735058591e-01
9.513669635580987993e-01
9.650318566295249534e-01
9.479543085912012224e-01
9.540871462462874319e-01
9.593919163926646343e-01
9.677652014580172546e-01
9.233774972955345328e-01
9.348947561448915922e-01
9.724973102820224646e-01
9.718685842406401543e-01
9.398958960340277891e-01
9.367044020055866893e-01
9.695947186123355932e-01
9.496659900480097782e-01
9.347683443187393415e-01
9.229722022934842007e-01
9.041339719453530543e-01
9.108001161631429365e-01
9.334135453702017138e-01
9.480839654639025005e-01
9.297619896398606754e-01
8.916685526548401297e-01
9.577070288678585230e-01
9.179343222933025181e-01
9.218128917492858232e-01
8.838660237253157526e-01
8.976018212583820599e-01
8.693623829229741862e-01
8.780080625867624500e-01
9.249679923553859595e-01
9.011918476801441535e-01
8.711534720738745019e-01
8.903154049071146936e-01
8.983741674626424256e-01
9.099036222239688110e-01
9.104515491267047844e-01
9.092384915039993798e-01
9.167629041741792717e-01
9.033391507646074681e-01
8.903447120313937591e-01
9.269061551921357056e-01
9.077023372348549390e-01
9.308999684622608628e-01
9.224194698276335647e-01
9.109147350878796789e-01
9.151399838635518869e-01
9.206909120470271324e-01
9.075964024636496985e-01
8.982900128520997507e-01
9.243310079128982393e-01
9.049698349811098330e-01
9.217974400618910158e-01
9.172064798834456134e-01
9.435038097594756756e-01
9.527583388080378413e-01
9.415037057264132869e-01
9.385336649574569368e-01
9.286959988484232431e-01
9.225088990180334569e-01
9.189612005066813971e-01
9.407516423444550746e-01
9.575470981711023954e-01
9.268117075064878918e-01
9.335675567814626374e-01
9.338651024155629754e-01
9.325583330971329854e-01
9.280692131414757240e-01
9.248738736703827623e-01
9.695041615403551249e-01
9.494623725367149492e-01
9.603774823733521870e-01
9.458109569430012131e-01
9.350823573238263853e-01
9.368862395317867353e-01
9.691349520977310394e-01
9.745331214313168733e-01
9.576515072966879094e-01
9.550353594074367791e-01
9.358506744855022985e-01
9.568778469173185863e-01
9.658711354879190303e-01
9.662865243674242377e-01
9.666949543445324533e-01
9.613507564272729677e-01
9.524165148800540770e-01
9.654743944099583031e-01
9.736544341787285450e-01
9.232206250672971848e-01
9.627471065608901313e-01
9.378833111159518010e-01
9.489918525395716342e-01
9.423170513441092577e-01
9.665826076109347298e-01
9.384645798479729351e-01
9.742921211542082682e-01
9.220976384544846693e-01
9.461191973542302236e-01
9.401260662632532350e-01
9.353207522492476000e-01
9.613847494975039654e-01
9.671714363042517304e-01
9.709138367023084637e-01
9.546288308886029528e-01
9.834482709566929604e-01
9.464774380045921642e-01
9.609826390022562226e-01
9.635382917336231534e-01
9.398886853348966675e-01
9.722424237821031268e-01
9.671725523662758617e-01
9.582203572773816402e-01
9.682411464699455239e-01
9.609945964718509259e-01
9.446548232482729901e-01
9.115755441721590246e-01
9.433327787354859328e-01
9.332078309953474315e-01
9.450190164593313957e-01
9.461217527394483184e-01
9.289933756602315462e-01
9.510083692195787641e-01
9.504505045819358067e-01
9.782026568881231343e-01
9.611623806892704014e-01
9.712923787712497425e-01
9.551627055147950962e-01
9.492503551761699576e-01
9.797839803357250021e-01
9.788638049221828341e-01
9.570644643497513426e-01
9.451361962613155088e-01
9.690148389513628668e-01
9.426981127514014736e-01
9.575562605940819427e-01
9.848363794720222941e-01
9.776559638180523093e-01
9.702527567844507761e-01
9.538423026152966777e-01
9.524664501845022668e-01
9.757649376732930868e-01
9.405009843792883073e-01
9.366070775365592516e-01
9.566865606799435096e-01
9.441214166738389757e-01
9.556984096811569351e-01
9.560875004280631195e-01
9.899913736637663275e-01
9.530782339582932750e-01
9.862951685306942107e-01
9.535869691329246223e-01
9.507179557917420087e-01
9.647649866847198830e-01
9.611301740279303285e-01
1.029207574662726499e+00
9.531696214042458815e-01
9.667969128499768194e-01
9.756874230608552079e-01
9.639844401007017227e-01
9.969710268828696487e-01
9.672686078255758879e-01
1.003456328702859279e+00
1.017431721623659691e+00
1.000930869141888113e+00
9.876431161143285342e-01
9.722638343415318518e-01
9.878335640711669585e-01
9.901899062925056949e-01
9.744407562630301722e-01
9.898690958077646096e-01
9.902965061324812135e-01
9.954402902419048349e-01
1.009265816410203076e+00
9.934227465612529562e-01
9.910113745455220169e-01
1.022481794363971019e+00
9.915751130729800744e-01
1.007301767657827307e+00
9.916554567228326178e-01
1.010296566494217618e+00
9.933347698953758353e-01
1.010486726934796131e+00
9.954412282707802984e-01
9.937364798072685357e-01
9.888437519220260041e-01
9.801056396207191712e-01
1.042660278253842110e+00
1.011641063727982903e+00
1.018025301232620805e+00
1.021671105532562240e+00
1.013393291122592244e+00
9.908213585916654242e-01
1.021751835644667983e+00
1.021994366781080466e+00
1.001343104766307057e+00
9.980840070572329914e-01
1.026894322638955304e+00
1.014759180540590000e+00
1.003123117380746665e+00
9.922017634388515805e-01
1.009558945499568816e+00
1.021367581509080136e+00
1.039207308701304733e+00
1.012224959298243299e+00
1.010499101179634041e+00
1.028651913748998004e+00
9.878878856562186561e-01
1.022977221541554682e+00
1.012010729722346403e+00
1.035307640296548870e+00
1.003457969842350472e+00
9.945291185333978712e-01
1.022564105981425442e+00
1.014260597051440227e+00
1.006418049030775697e+00
1.000717759352326208e+00
9.958832483709633143e-01
1.015165694057440282e+00
9.749915660922300331e-01
1.023201575537653785e+00
9.936000378949779721e-01
1.017868533915353924e+00
9.923533680306404481e-01
9.997794665805818104e-01
1.020341709325366608e+00
1.011020117487651637e+00
1.005224328649146459e+00
1.004971573313137911e+00
9.990095066573934091e-01
1.001817210508878064e+00
9.733723876602072833e-01
9.996933603807592883e-01
9.915708057190876223e-01
1.014892416401518949e+00
1.020021182359023282e+00
9.780425360546962654e-01
9.920237050031505133e-01
1.001946162689810960e+00
1.001277170849592890e+00
1.019454163329494900e+00
9.949927307750611183e-01
1.003812158614794114e+00
1.011403995240818032e+00
1.000686503127570681e+00
9.917819135052466928e-01
9.717748279598621419e-01
1.019921844278309120e+00
1.010442852534495950e+00
1.001589025234947972e+00
9.757384057040426883e-01
1.001382651637400922e+00
1.006477757767441972e+00
1.008854570446106935e+00
9.632829396261353150e-01
1.005340322702161115e+00
9.886125153935340082e-01
1.014030998762417646e+00
1.004193156485808425e+00
9.949678658830508615e-01
9.950444610242852317e-01
9.785262641386784921e-01
9.951880439378275600e-01
1.008577683750495835e+00
1.029201367320722538e+00
1.001542496254439030e+00
1.000653991226597705e+00
9.902877741534364953e-01
9.682861369798477780e-01
9.878226267985986686e-01
9.864100907740561697e-01
1.016668805331253589e+00
9.971889303567803564e-01
9.794472185820969345e-01
9.572158750863822840e-01
9.670036398017937129e-01
9.359845428252865362e-01
9.648315912635756497e-01
9.421071906780833505e-01
9.465886353628325534e-01
9.434756856040286133e-01
9.500859550748452786e-01
9.353119638765412525e-01
9.528244423746686786e-01
9.436437530534544926e-01
9.327214385555524512e-01
9.627313509116628421e-01
9.175827479851341728e-01
9.189974032952403782e-01
9.304650050281739748e-01
9.299011849030641708e-01
9.158077112599145586e-01
9.147493952677313578e-01
9.147429407244117572e-01
9.252041543110737232e-01
9.067142646212908996e-01
8.843116323080545405e-01
8.970164762371638512e-01
9.155396759225005177e-01
8.920556209836451034e-01
8.956988386972311034e-01
8.759685357668579586e-01
8.811691791858694556e-01
8.858310548221891567e-01
8.592578334593836686e-01
8.613912280746406358e-01
8.743788024954776139e-01
8.649448301055855381e-01
8.489597402266381154e-01
8.654221335067855403e-01
8.390720646735454480e-01
8.546388724623342759e-01
8.533839885677796389e-01
8.322455926662588599e-01
8.415470955806397813e-01
8.363307465041930344e-01
8.464071876432053276e-01
8.342429153100152650e-01
8.444400298401981697e-01
8.321653739038407105e-01
8.067821990460286585e-01
8.172944782026427823e-01
7.958202961204765558e-01
8.054891257465647270e-01
8.050035923623534151e-01
7.893877535997747552e-01
7.860141235497538625e-01
7.930197707829681475e-01
7.839926439453535068e-01
7.762935372432704373e-01
7.662129871898012423e-01
7.733535023815194531e-01
7.766160668353622176e-01
7.522099728104360006e-01
7.738422062353507158e-01
7.624358314877364151e-01
7.736258295428029008e-01
7.644843500021456517e-01
7.710324922717427532e-01
7.519946664115786383e-01
7.527138421373298360e-01
7.506009679714750193e-01
7.390923019465673871e-01
7.299776350869876529e-01
7.288588452446712607e-01
7.155985681763011863e-01
7.204161589130761989e-01
7.157546096339327812e-01
7.408120984803751030e-01
7.328817518462813485e-01
7.129701763959206406e-01
7.231124011238587723e-01
7.089785340103187394e-01
7.212248016544388074e-01
7.086794013215204080e-01
7.025858465828023203e-01
7.070078958550188863e-01
7.203607789224089064e-01
7.097346169025889884e-01
6.849516784324631846e-01
7.086629005594043962e-01
6.942136871289465994e-01
6.871796116463734228e-01
6.960511394852084699e-01
6.845559339774145435e-01
6.734063157936540644e-01
6.893899254941905363e-01
7.011457618455284591e-01
6.999566875175173841e-01
6.903414550625560642e-01
6.779613804452034875e-01
6.757932537139088591e-01
6.580557419253953988e-01
6.544692519122011776e-01
6.472380374978790041e-01
6.433944075589823619e-01
6.617149519753753317e-01
6.438944398950866566e-01
6.405130248456400999e-01
6.383028035854331206e-01
6.473716294612366084e-01
6.414042918227780277e-01
6.281215801886111949e-01
6.179084631762606916e-01
6.216366645468495156e-01
6.290660619236133622e-01
6.416005943213672902e-01
6.173403412715495753e-01
6.038378406400856102e-01
6.112372858415222598e-01
6.133683792916526656e-01
6.243869690115727566e-01
5.973048451643547807e-01
6.114027992913296794e-01
6.077560661433798472e-01
6.109865003383552207e-01
6.063745575768012541e-01
6.062441139198345708e-01
5.909392218904244709e-01
5.798635246229218998e-01
5.899049633146262739e-01
5.679442402614408580e-01
5.768620074297728939e-01
5.707231224890689791e-01
5.916971793826757420e-01
5.630453221061954006e-01
5.545033862267230163e-01
5.634887509052938226e-01
5.451580804016733506e-01
5.542597765494412521e-01
5.366990252073716716e-01
5.440164281470912799e-01
5.425093133765257480e-01
5.283157219259267956e-01
5.528495420995188647e-01
5.280669362379536436e-01
5.353226679223180851e-01
5.306283811323609934e-01
5.462682124049617061e-01
5.390341870577395333e-01
5.233082119155169076e-01
5.116299358056649593e-01
5.263828522089867290e-01
5.298280726149543485e-01
5.319378578831767124e-01
