4.750358894753360003e+07
0.000000000000000000e+00
0.000000000000000000e+00
0.000000000000000000e+00
0.000000000000000000e+00
0.000000000000000000e+00
0.000000000000000000e+00
0.000000000000000000e+00
0.000000000000000000e+00
0.000000000000000000e+00
0.000000000000000000e+00
0.000000000000000000e+00
0.000000000000000000e+00
0.000000000000000000e+00
0.000000000000000000e+00
0.000000000000000000e+00
0.000000000000000000e+00
0.000000000000000000e+00
0.000000000000000000e+00
0.000000000000000000e+00
0.000000000000000000e+00
0.000000000000000000e+00
0.000000000000000000e+00
0.000000000000000000e+00
0.000000000000000000e+00
0.000000000000000000e+00
0.000000000000000000e+00
0.000000000000000000e+00
0.000000000000000000e+00
0.000000000000000000e+00
0.000000000000000000e+00
0.000000000000000000e+00
0.000000000000000000e+00
0.000000000000000000e+00
0.000000000000000000e+00
0.000000000000000000e+00
0.000000000000000000e+00
0.000000000000000000e+00
0.000000000000000000e+00
0.000000000000000000e+00
0.000000000000000000e+00
0.000000000000000000e+00
0.000000000000000000e+00
0.000000000000000000e+00
0.000000000000000000e+00
0.000000000000000000e+00
0.000000000000000000e+00
0.000000000000000000e+00
0.000000000000000000e+00
0.000000000000000000e+00
0.000000000000000000e+00
0.000000000000000000e+00
0.000000000000000000e+00
0.000000000000000000e+00
0.000000000000000000e+00
0.000000000000000000e+00
0.000000000000000000e+00
0.000000000000000000e+00
0.000000000000000000e+00
0.000000000000000000e+00
0.000000000000000000e+00
0.000000000000000000e+00
0.000000000000000000e+00
0.000000000000000000e+00
0.000000000000000000e+00
0.000000000000000000e+00
0.000000000000000000e+00
0.000000000000000000e+00
0.000000000000000000e+00
0.000000000000000000e+00
0.000000000000000000e+00
0.000000000000000000e+00
0.000000000000000000e+00
0.000000000000000000e+00
0.000000000000000000e+00
0.000000000000000000e+00
0.000000000000000000e+00
0.000000000000000000e+00
0.000000000000000000e+00
0.000000000000000000e+00
0.000000000000000000e+00
0.000000000000000000e+00
0.000000000000000000e+00
0.000000000000000000e+00
0.000000000000000000e+00
0.000000000000000000e+00
0.000000000000000000e+00
0.000000000000000000e+00
0.000000000000000000e+00
0.000000000000000000e+00
0.000000000000000000e+00
0.000000000000000000e+00
0.000000000000000000e+00
0.000000000000000000e+00
0.000000000000000000e+00
0.000000000000000000e+00
0.000000000000000000e+00
0.000000000000000000e+00
0.000000000000000000e+00
0.000000000000000000e+00
0.000000000000000000e+00
0.000000000000000000e+00
0.000000000000000000e+00
0.000000000000000000e+00
0.000000000000000000e+00
0.000000000000000000e+00
0.000000000000000000e+00
0.000000000000000000e+00
0.000000000000000000e+00
0.000000000000000000e+00
0.000000000000000000e+00
0.000000000000000000e+00
0.000000000000000000e+00
0.000000000000000000e+00
0.000000000000000000e+00
0.000000000000000000e+00
0.000000000000000000e+00
0.000000000000000000e+00
0.000000000000000000e+00
0.000000000000000000e+00
0.000000000000000000e+00
0.000000000000000000e+00
0.000000000000000000e+00
0.000000000000000000e+00
0.000000000000000000e+00
0.000000000000000000e+00
0.000000000000000000e+00
0.000000000000000000e+00
0.000000000000000000e+00
0.000000000000000000e+00
0.000000000000000000e+00
0.000000000000000000e+00
0.000000000000000000e+00
0.000000000000000000e+00
1.458547233006801322e-02
1.437098398404381902e-02
0.000000000000000000e+00
1.395596129736280042e-02
1.375515958825168639e-02
4.067598202283916053e-02
2.673268498759364190e-02
0.000000000000000000e+00
1.299378139537946640e-02
0.000000000000000000e+00
1.263658257092230459e-02
1.246348142566043073e-02
1.229391288342554511e-02
2.425556294182982728e-02
3.589498475558705604e-02
2.361092806446200149e-02
1.164910257133997332e-02
5.747913565978381850e-02
2.269111407143922093e-02
5.599107111810652099e-02
6.632233892769083539e-02
2.182402141754655536e-02
7.541104266336205730e-02
5.318320380716755336e-02
2.100569662651147543e-02
8.297251543613155811e-02
5.121363393493352789e-02
2.023254997188762144e-02
3.996860191747546309e-02
2.961088951551021226e-02
2.925197406382479270e-02
4.816590821732395777e-02
5.710689351486422649e-02
8.464058643236933854e-02
8.363893444740161387e-02
7.347107413304114487e-02
5.445882988328007435e-02
8.073839227791167195e-02
4.433611717534370611e-02
7.888772209713619532e-02
1.386420586660454812e-01
1.199332730549667325e-01
9.316851447271298770e-02
9.212168830686268128e-02
1.159357900504440486e-01
7.370204652782717802e-02
1.457753352109370515e-01
1.121348858464961684e-01
8.714308446918334061e-02
8.619588640601640039e-02
1.705280962206866258e-01
1.456906860117334890e-01
1.744761984817811140e-01
1.425992017339429152e-01
2.153482452219924737e-01
1.689956269131239752e-01
1.017897728830637061e-01
1.151193970132062122e-01
1.352876719919876292e-01
1.338929661406229599e-01
1.604186048495295780e-01
1.311674868322899590e-01
1.640031773250606728e-01
1.420532695145914071e-01
2.477689328595561180e-01
1.591078471018074481e-01
2.034694010296717037e-01
1.624636040673209103e-01
2.766843435524603545e-01
2.293717175857785673e-01
2.460617927816668438e-01
2.249287958710905200e-01
2.536938638585292671e-01
2.451263596761213970e-01
2.002940534687176755e-01
2.524919161444446059e-01
2.143702678660674987e-01
2.890291159447089253e-01
1.928245544827904279e-01
1.678682303518797547e-01
1.491025377592937740e-01
2.215829529229661199e-01
2.195407282489328371e-01
2.231042126354087218e-01
2.873867691071342878e-01
2.135806351428289618e-01
2.333552578103852415e-01
2.204970202655802403e-01
2.451681991257468329e-01
2.641078390816313237e-01
2.669954339593059722e-01
2.023661502329114348e-01
2.674442668553491664e-01
1.529413151675717841e-01
2.425689466959000673e-01
1.853543249933894965e-01
2.383777760576541171e-01
2.461695916782647431e-01
2.294131673425971185e-01
2.080947334088197320e-01
2.399113082981594036e-01
2.045752295002450094e-01
2.500230215542180723e-01
2.198553586463723730e-01
1.994610585564366156e-01
2.345986867235926587e-01
1.779102159633681457e-01
1.809639917984806057e-01
2.063957723712049330e-01
1.869036642773157508e-01
2.162742500177374239e-01
2.013823039856846020e-01
1.736971191198764253e-01
1.981407950522481587e-01
2.008221224287399242e-01
1.822610388136076676e-01
2.312670279859488087e-01
2.628034519726961116e-01
2.069253691986465693e-01
2.545670946026318826e-01
2.607179357051802593e-01
2.465554112690025168e-01
2.446367018362434476e-01
2.467196520551531436e-01
2.527117321295171415e-01
2.468495583923581427e-01
2.527344446369392261e-01
2.932491375974862202e-01
2.259227355041486529e-01
2.394119676998818502e-01
1.697179239527725203e-01
2.395617498607733320e-01
2.972091103080726215e-01
2.839289743723408810e-01
2.818179880409505955e-01
2.906290462020523768e-01
2.848781397615003375e-01
3.507946682140869465e-01
3.197982447928753302e-01
3.245187161359191497e-01
2.766361809378528047e-01
3.128714199510018723e-01
3.244174272839263629e-01
2.672607758165379543e-01
3.265783830089986073e-01
2.803374196751286518e-01
3.420590203403834906e-01
2.896870388630121140e-01
3.173956294496688146e-01
2.888970867114803998e-01
2.705703296357695464e-01
2.719153243609527815e-01
3.439546230585188713e-01
3.383738527616799163e-01
2.440988437968266700e-01
2.864909393157086259e-01
3.376743870076356901e-01
3.912551507822872310e-01
3.855004737741761223e-01
3.124284738829885555e-01
3.894090326322554030e-01
4.018864123046704262e-01
4.411990764181362157e-01
4.203507538230621954e-01
4.175390536138066655e-01
4.500538081621377473e-01
4.996591259135265140e-01
4.179790629166616478e-01
4.440548668728634407e-01
4.382689608349532029e-01
4.353950763415387337e-01
5.117087283425277855e-01
5.111838352115852802e-01
5.273977202582714741e-01
4.907153195153035607e-01
4.985674913521225826e-01
5.610445443577813940e-01
4.133273845536778457e-01
5.890106489214991248e-01
6.416371621525656099e-01
5.121847343702821131e-01
6.229251113414565610e-01
6.084589124695416462e-01
5.549004916719193492e-01
5.904371755489900009e-01
6.100100503940862895e-01
5.599730686358135312e-01
6.662623459330780928e-01
6.266199741035348714e-01
6.908260629898039795e-01
7.141380626055422454e-01
6.674204870997376693e-01
7.474932912199562240e-01
7.306351641738910718e-01
7.261936267435165071e-01
7.388044104216047181e-01
7.609118748452691205e-01
6.890989194054073508e-01
6.897334414444926676e-01
7.994751440630084582e-01
7.215990051583079934e-01
8.345102866366033156e-01
8.109159714426504850e-01
8.478134074780774299e-01
7.944535319425619635e-01
7.943587258476384472e-01
7.669418260946345711e-01
9.434554456410060297e-01
8.209911417717605797e-01
8.676508629208673495e-01
9.315417683293216733e-01
8.288995962409151375e-01
7.515993462789717361e-01
8.914917171512251048e-01
8.342427257575777411e-01
8.078747094170499743e-01
9.192518165929896012e-01
9.268422969756647811e-01
8.876153719029569178e-01
8.572627926361986450e-01
9.049228822597169541e-01
8.643465673551803397e-01
9.819940459411325984e-01
1.001282048829544857e+00
8.581530436186388666e-01
9.370908191476463589e-01
1.019201296678208690e+00
8.924264963657843053e-01
9.758589262542305409e-01
9.205743883742119049e-01
9.592214017791796943e-01
9.342286339437452236e-01
9.252087826463333275e-01
9.162731383175620747e-01
9.521116870228311102e-01
9.373022402352502169e-01
8.592071884064235165e-01
8.354695106393092985e-01
8.956434601583231903e-01
8.719398381111743701e-01
9.764061870803046883e-01
9.337862469444365709e-01
8.934661182204555185e-01
9.794642140079793391e-01
9.724537809186329929e-01
9.306941144031706248e-01
9.677251229935802668e-01
9.300260190214916234e-01
1.033376456104156960e+00
9.024103534520344638e-01
9.120004109605930331e-01
9.623151990399878564e-01
8.637273808716762202e-01
8.610323967338884277e-01
9.475105786990833945e-01
9.078673703323387745e-01
9.014932442884387997e-01
8.676285502446994258e-01
9.419984742677076639e-01
9.116563091519576112e-01
8.595690677146236025e-01
8.822172571246007511e-01
8.861645569360614427e-01
9.100999158466306360e-01
8.739688056683168060e-01
8.596795908718889434e-01
8.981615170760879341e-01
9.067874648818705641e-01
8.908865463023653009e-01
8.443402444079887159e-01
8.417832831019365081e-01
9.258933031660977475e-01
8.494882582852625319e-01
8.342014228769256690e-01
8.633270947221745040e-01
8.197789496073121240e-01
8.658958547750372770e-01
8.616924851136987806e-01
8.451143007894765802e-01
8.749815316666904597e-01
8.615503194625525607e-01
8.451814028785940014e-01
8.639431838173575740e-01
8.371032556864612673e-01
8.421466852164629646e-01
8.156462253185101652e-01
7.640201681904452702e-01
8.391124274816798012e-01
7.937572834187079929e-01
8.415037673852074906e-01
7.775100261489158449e-01
8.321542709102234259e-01
8.137512304421776754e-01
8.604802179582543564e-01
7.731210409393786120e-01
9.125595474437859789e-01
7.844624481738959876e-01
8.219270358761349149e-01
8.548054334933266052e-01
7.764505502456002795e-01
8.287852381447997629e-01
8.305482903446291809e-01
8.364410134594538748e-01
8.050514012839841138e-01
8.164783043873619084e-01
8.359889613653981311e-01
7.914036330182868673e-01
8.270783938767776178e-01
8.098690533740171560e-01
8.182941937803195342e-01
8.146164732713645495e-01
8.561647344832279405e-01
9.026270277379467855e-01
8.261299132501431775e-01
9.064002980463715664e-01
8.357713309852891070e-01
9.308727568465829938e-01
8.477985708290178835e-01
8.247260207629818485e-01
8.454690670237374750e-01
8.455846802174113996e-01
8.634951531667720559e-01
9.065637553505585533e-01
9.215142899182068303e-01
9.162438549065596849e-01
9.372536221862921568e-01
8.597767060917130832e-01
8.845485972094020433e-01
9.127989742093001180e-01
9.592205081674542999e-01
9.086241515463638896e-01
9.376014158382030006e-01
9.105494607441488863e-01
9.199381771057738577e-01
9.845360282405433150e-01
9.683764765882728609e-01
9.630725592720528194e-01
1.005279717566808229e+00
1.032939087287073843e+00
9.897441299034379636e-01
9.867487029417763011e-01
9.814357195138232459e-01
9.668618489753779688e-01
9.049548448525939204e-01
9.841490902822183084e-01
1.001852832190205822e+00
9.679736530105172987e-01
9.571286664384579534e-01
9.701659784660702224e-01
9.808299794658278392e-01
1.020622641604324032e+00
9.772432708851745975e-01
9.710003352548567390e-01
9.947768826797881436e-01
1.036042020275431241e+00
1.026307342539532819e+00
9.925158987916775644e-01
9.655441520502159314e-01
1.014930004595311797e+00
9.382325512231712850e-01
1.013211054288862156e+00
9.715116936926054825e-01
1.060723202903535389e+00
9.924998083230527346e-01
1.072402875510749976e+00
9.676471701106083012e-01
9.901172170038803344e-01
9.672883772539980773e-01
1.035543735940186005e+00
1.040801655705311912e+00
1.036679674348399915e+00
1.020191145994666870e+00
1.000739096038566256e+00
1.060315678167456976e+00
1.103089387624583750e+00
1.053024089113299144e+00
1.045865306436221109e+00
1.066992385774187868e+00
9.985402469033491935e-01
1.019671352059710046e+00
1.015711468300339648e+00
1.030639884348890645e+00
1.017751273209279272e+00
9.753970059668652937e-01
1.005007649932234681e+00
1.008963664423556006e+00
1.080082704789086856e+00
1.011911698659954562e+00
1.039936008390359490e+00
1.035966791812101606e+00
1.087649601112385511e+00
1.039561986987478370e+00
9.766018578662629679e-01
1.018418524547692439e+00
1.008900196918466108e+00
1.070028816593994847e+00
1.065998581003625878e+00
1.033036170563458755e+00
1.006827283783424898e+00
9.817344982132262254e-01
1.088893301774023881e+00
1.034223261654664938e+00
1.027621308762999508e+00
1.113303847957424209e+00
1.044569678165812254e+00
1.068803456608413915e+00
1.050401325782454709e+00
1.079819752918140807e+00
1.081221733367450755e+00
1.052235956108037218e+00
9.842973223863829002e-01
1.017933304071791945e+00
1.023046025778780121e+00
9.999471123606241685e-01
1.038401687526561590e+00
9.778261335642225438e-01
1.035223579727719612e+00
1.073980903215816296e+00
9.957604270143459724e-01
1.001639431679055781e+00
9.963136215917273164e-01
1.073960881115028299e+00
1.025800956503539529e+00
1.040800943545431290e+00
1.058224728164372186e+00
1.113447096825597615e+00
1.061604600405762433e+00
1.082096409134736925e+00
1.069079308814716134e+00
1.071104957936715785e+00
1.034192774608023058e+00
1.010736208214300547e+00
1.001415741949078342e+00
1.060974610682474450e+00
1.050714108603985286e+00
1.012858670005523543e+00
1.084705323770426943e+00
1.030825518347233682e+00
1.004686484262027557e+00
1.095849242596939943e+00
1.011293967853136078e+00
1.022919188659672463e+00
1.003495452511781849e+00
1.036416401048739555e+00
1.034413231942758804e+00
1.000989464687269237e+00
1.003807732037538258e+00
1.001138534958754489e+00
1.040473957051688991e+00
1.061709753499691544e+00
1.057307658952793661e+00
9.690337266680382200e-01
1.005619348018531367e+00
1.046537195340043969e+00
1.005652550343533402e+00
1.019706896708196364e+00
1.011715879437600885e+00
1.001510577858237827e+00
1.050745227040953411e+00
1.024735106562753018e+00
1.007852587557576118e+00
9.895894901095004803e-01
1.032992541174201140e+00
1.054666422270334802e+00
1.062930790153601368e+00
1.026350652631097260e+00
1.022203466116973658e+00
1.063293667856375579e+00
9.667284634495642015e-01
1.004821409269875732e+00
1.013052677110409361e+00
1.032738991649183591e+00
1.101784285581909772e+00
1.002356977744991662e+00
1.002628167859256791e+00
1.051190107110115513e+00
1.051288919371177188e+00
1.013983330853697629e+00
1.059204351475332206e+00
1.050145921567456453e+00
9.831443644611815857e-01
1.035671023274457481e+00
1.098959593875786567e+00
1.090559238956928523e+00
1.047720250957252741e+00
1.042965474266801751e+00
9.649083309935424513e-01
1.023967894935681855e+00
1.001615265076848837e+00
1.031662503731279878e+00
1.059482643502106081e+00
1.031819609357141676e+00
1.004327655143178122e+00
1.055407249237503065e+00
1.017317029865405731e+00
1.014087454709609926e+00
1.024147997508878527e+00
9.970880670720229100e-01
1.036808283994340885e+00
1.010526264826347775e+00
1.055187408712746189e+00
1.008749107708104553e+00
1.017956312113354356e+00
9.939894854584959694e-01
1.073074071488805625e+00
1.086495590282579693e+00
1.044515130701409111e+00
1.044467045544079653e+00
1.064228666625583575e+00
1.032250000198551732e+00
1.031590089863119175e+00
1.062591759023328475e+00
1.010697645233564312e+00
9.717056571326708747e-01
1.038980394492610371e+00
1.027652383333141684e+00
1.034472060820788242e+00
9.492425092066936188e-01
1.039295417895274021e+00
1.030556589787661625e+00
9.984600564975524284e-01
9.929596723379641166e-01
1.036464616014728168e+00
9.820452808847150994e-01
9.675035099144864148e-01
9.985440193605901182e-01
1.003385281480242863e+00
9.834702980496158320e-01
9.931280819210779320e-01
9.727553996134665759e-01
9.680371602647387386e-01
1.043174618557004107e+00
9.776794997446844881e-01
9.777132908223604701e-01
1.029109411336329716e+00
9.765898575070284249e-01
9.830695254817727324e-01
1.002379821944239469e+00
1.022154421114999767e+00
1.023193155945952171e+00
9.784038703183888241e-01
1.037960278384790991e+00
1.043542066920828848e+00
9.818299038381348431e-01
1.009314797185811852e+00
1.001203059992117561e+00
1.002820948368354337e+00
9.532948025040249851e-01
9.992180225169348118e-01
9.833060761478533696e-01
9.781825323107942172e-01
1.034850006947973577e+00
9.853682733225155310e-01
1.041119118160394263e+00
1.006926262698552232e+00
1.006227665840869534e+00
9.750918562176080773e-01
9.932421183473887361e-01
1.023938350088503535e+00
1.018793028899682707e+00
9.945265249916436234e-01
9.878503858236614699e-01
9.746815744631937006e-01
1.017446079644100276e+00
9.772199498034468412e-01
9.808989155895788681e-01
9.705723620386758066e-01
9.667348379379316903e-01
9.720043653097663050e-01
9.676435802554049781e-01
9.633036203843373668e-01
9.685264942284473877e-01
9.573287737848106271e-01
9.825621136815907430e-01
9.845211789291579141e-01
9.576366149551351903e-01
9.748048176899359873e-01
9.720666037127925208e-01
9.428324924858835221e-01
9.427829939054037656e-01
9.344605164608271730e-01
9.344273128704018161e-01
9.415861816262697248e-01
9.635650412169275425e-01
9.077294241227444882e-01
9.837000863677628493e-01
9.398010764091133673e-01
9.620342516970755709e-01
9.386489496668851684e-01
9.446251701863024319e-01
9.199014599913907242e-01
9.589746670389927008e-01
9.263416271576981886e-01
9.138259113614384255e-01
9.610361861693189622e-01
9.648487586579068687e-01
9.557810433932502070e-01
9.280213282373465100e-01
9.387666869942042913e-01
9.313045571211682194e-01
9.488228380493969327e-01
9.686812423627099156e-01
9.621610793457325839e-01
9.600387113864919941e-01
9.642137048007387579e-01
9.490629161735810726e-01
9.946203756435162413e-01
9.938590330312500054e-01
9.591174720923539843e-01
9.531979960791197026e-01
1.000146570057951267e+00
9.556865658805899777e-01
9.602301288246101185e-01
9.808014624442298324e-01
9.014161328087395564e-01
9.746346095104491125e-01
9.636069002316893783e-01
9.638473574470515226e-01
1.000428462296846011e+00
9.745383191596141970e-01
9.979126890975734687e-01
9.749327196231092341e-01
9.529927915403768601e-01
9.720905304847139439e-01
9.640255525570974315e-01
9.564570675613340844e-01
9.607865935629926746e-01
9.864758712617079928e-01
9.616527223590387585e-01
9.659248456355774559e-01
9.864236289105439148e-01
9.554808664345953995e-01
1.016312438648538263e+00
9.621538328457944766e-01
9.891379816866179286e-01
9.732006527359404746e-01
9.604538168663957487e-01
9.850067349239048919e-01
9.240943527730535179e-01
9.609562166005847228e-01
9.853083897973569094e-01
9.612708661041449165e-01
9.784888609176575214e-01
9.711721661785057691e-01
9.516996970343746254e-01
9.913812020926167090e-01
9.494273595309721259e-01
9.776729444829830307e-01
9.868105815279130111e-01
1.010512373043779499e+00
9.976483660512179830e-01
9.750109127947671483e-01
9.840499623491191228e-01
1.039415887305707331e+00
9.990105438805875204e-01
1.006217629044771966e+00
1.029430335027074150e+00
1.026830764857311173e+00
9.704662745146278580e-01
1.034232789652739903e+00
1.052949091098104084e+00
1.004021757903288625e+00
1.007740850489548645e+00
1.011853007629732293e+00
1.015941417229033528e+00
9.663434067981594433e-01
9.902832166777670864e-01
9.968498172425473980e-01
9.755203287196322348e-01
1.002110735162185629e+00
1.017151079008445924e+00
1.010153826224498896e+00
1.006839035704369500e+00
9.958491640951421253e-01
9.970201058929967219e-01
1.023146847877905108e+00
9.888923610820693488e-01
1.000480218160006762e+00
1.000816824064419297e+00
9.612782324891103736e-01
1.006248755610514412e+00
9.938636618565419578e-01
9.858897742087021632e-01
1.025724282431164314e+00
1.002345470361324598e+00
1.003043832934702673e+00
9.719893876676592992e-01
1.006376345672373773e+00
9.930099485784225077e-01
1.009275610117243760e+00
1.007993295305235293e+00
9.954854924861482601e-01
9.544518928432083049e-01
9.710275457786958775e-01
9.802168621213840360e-01
9.594482145480057733e-01
9.598169214839125107e-01
1.016280690404547826e+00
9.970892381298185336e-01
9.927991342866503421e-01
9.601098903837208542e-01
9.695305004852009523e-01
9.773950199026800734e-01
9.904857757279531549e-01
9.686098611200110176e-01
9.973781166032755774e-01
9.864157123281646067e-01
9.758751826559147746e-01
1.013335012140490932e+00
9.868285754513117514e-01
9.515654667138561118e-01
9.423030726833172555e-01
9.566481551070614708e-01
9.308811013166629067e-01
9.459132913602964488e-01
9.714753934700220972e-01
9.392811665370119911e-01
9.632780267723691781e-01
9.130955604996774388e-01
9.377606753808372941e-01
9.496602152065370950e-01
9.207630496876917370e-01
8.826465772302366508e-01
9.240085582129652364e-01
9.290172564201635286e-01
9.107840917056431174e-01
9.015416387948607113e-01
9.108263371623634974e-01
8.892075567061196173e-01
9.037810427478027986e-01
8.939242620873976142e-01
8.795315373874815768e-01
8.507945007522076386e-01
8.926607743777861259e-01
8.843098103829112322e-01
8.693638432247773329e-01
8.475201690046935132e-01
8.566931782642555060e-01
8.419061131298574141e-01
8.247637873749438242e-01
8.694566485704062764e-01
8.440636250905497739e-01
8.314917957622282030e-01
8.624938067318037582e-01
8.540354978563599042e-01
7.964934661086386924e-01
8.035340535299195786e-01
8.118989191326939636e-01
8.351308289111900596e-01
7.974103233902605226e-01
8.165187003974777591e-01
7.823711852279900958e-01
8.131743661770864939e-01
8.022981953365385666e-01
8.158680689551557341e-01
7.940256130681605518e-01
7.998962063242808229e-01
7.841591595266722559e-01
7.883653517720214943e-01
8.193216571326227271e-01
7.911094638380478106e-01
7.755243242869044318e-01
7.764215468765817141e-01
7.599518777524204571e-01
7.951937686919828829e-01
7.813605863075546720e-01
7.399289990461203059e-01
7.574435977866896819e-01
7.674280379840079380e-01
7.582959153559263310e-01
7.791961719899216376e-01
7.713618354867507465e-01
7.934218411396033455e-01
7.365677960620865550e-01
7.538083790425024189e-01
7.470479995891143865e-01
7.610035788299636117e-01
7.612401943407629545e-01
7.348556301160521498e-01
7.601238923195692276e-01
7.537299173724613111e-01
7.511397855874818452e-01
7.407060399567851894e-01
7.422267052627106176e-01
7.159035161585752816e-01
7.049848560940751296e-01
7.517210372400309204e-01
7.323790755049043311e-01
7.152895319148724340e-01
7.248789921651780377e-01
7.125067747519870931e-01
7.044989386119985264e-01
7.155815812184243008e-01
6.849011751871260101e-01
7.024022574992306867e-01
7.054727071978936781e-01
7.130994929532671334e-01
6.845052789546870464e-01
6.523907643989802496e-01
7.006509827272145996e-01
7.169785323865174309e-01
6.379624324967877458e-01
6.838343275597380533e-01
6.613615921611886161e-01
6.521641190700662172e-01
6.830612703661100849e-01
6.708707881372881765e-01
6.554562244983626051e-01
6.623829904323357276e-01
6.823206837456383678e-01
6.799892909977790501e-01
6.590717294445535002e-01
6.494330461709170166e-01
6.947940035335572473e-01
6.431777142923850166e-01
6.421163256931252672e-01
6.603335249618063063e-01
6.472886625577223274e-01
6.345879258586626381e-01
6.387717116833954156e-01
6.452534693232054863e-01
6.277192764240204781e-01
6.044889368977259814e-01
5.983343712312131357e-01
6.372943898620136993e-01
6.141850493886116258e-01
6.240609898237436948e-01
6.170553758553363188e-01
6.214701843850155560e-01
6.139278586879665101e-01
5.967718094712588517e-01
6.215768163010934044e-01
5.878078636114376643e-01
6.133720354306918532e-01
6.067613701731761067e-01
5.948430042299408527e-01
6.143481867226102677e-01
5.820524798869987082e-01
5.897837353090337187e-01
5.746518511104057314e-01
5.856982797820408093e-01
5.883799446080548723e-01
5.595046303574340296e-01
5.984011345621434996e-01
5.861555198137371470e-01
5.508572857557515468e-01
5.870601725494282164e-01
5.573792990720579654e-01
5.674521692356973013e-01
5.717544841240467246e-01
5.923719419310334855e-01
5.740546900851309919e-01
5.623175041002079766e-01
5.568499585680248831e-01
5.738159514912314352e-01
5.723872422224607348e-01
5.273945821047247851e-01
5.510240347177332021e-01
5.421463116667837312e-01
5.341051570272148385e-01
5.306305360345676680e-01
5.298312600925355609e-01
5.476340159415609143e-01
5.298301958254687527e-01
5.404140480917766221e-01
5.372202596496432614e-01
