4.750358894753356278e+07
0.000000000000000000e+00
0.000000000000000000e+00
0.000000000000000000e+00
0.000000000000000000e+00
0.000000000000000000e+00
0.000000000000000000e+00
0.000000000000000000e+00
0.000000000000000000e+00
0.000000000000000000e+00
0.000000000000000000e+00
0.000000000000000000e+00
0.000000000000000000e+00
0.000000000000000000e+00
0.000000000000000000e+00
0.000000000000000000e+00
0.000000000000000000e+00
0.000000000000000000e+00
0.000000000000000000e+00
0.000000000000000000e+00
0.000000000000000000e+00
0.000000000000000000e+00
0.000000000000000000e+00
0.000000000000000000e+00
0.000000000000000000e+00
0.000000000000000000e+00
0.000000000000000000e+00
0.000000000000000000e+00
0.000000000000000000e+00
0.000000000000000000e+00
0.000000000000000000e+00
0.000000000000000000e+00
0.000000000000000000e+00
0.000000000000000000e+00
0.000000000000000000e+00
0.000000000000000000e+00
0.000000000000000000e+00
0.000000000000000000e+00
0.000000000000000000e+00
0.000000000000000000e+00
0.000000000000000000e+00
0.000000000000000000e+00
0.000000000000000000e+00
0.000000000000000000e+00
0.000000000000000000e+00
0.000000000000000000e+00
0.000000000000000000e+00
0.000000000000000000e+00
0.000000000000000000e+00
0.000000000000000000e+00
0.000000000000000000e+00
0.000000000000000000e+00
0.000000000000000000e+00
0.000000000000000000e+00
0.000000000000000000e+00
0.000000000000000000e+00
0.000000000000000000e+00
0.000000000000000000e+00
0.000000000000000000e+00
0.000000000000000000e+00
0.000000000000000000e+00
0.000000000000000000e+00
0.000000000000000000e+00
0.000000000000000000e+00
0.000000000000000000e+00
0.000000000000000000e+00
0.000000000000000000e+00
0.000000000000000000e+00
0.000000000000000000e+00
0.000000000000000000e+00
0.000000000000000000e+00
0.000000000000000000e+00
0.000000000000000000e+00
0.000000000000000000e+00
0.000000000000000000e+00
0.000000000000000000e+00
0.000000000000000000e+00
0.000000000000000000e+00
0.000000000000000000e+00
0.000000000000000000e+00
0.000000000000000000e+00
0.000000000000000000e+00
0.000000000000000000e+00
0.000000000000000000e+00
0.000000000000000000e+00
0.000000000000000000e+00
0.000000000000000000e+00
0.000000000000000000e+00
0.000000000000000000e+00
0.000000000000000000e+00
0.000000000000000000e+00
0.000000000000000000e+00
0.000000000000000000e+00
0.000000000000000000e+00
0.000000000000000000e+00
0.000000000000000000e+00
0.000000000000000000e+00
0.000000000000000000e+00
0.000000000000000000e+00
0.000000000000000000e+00
0.000000000000000000e+00
0.000000000000000000e+00
0.000000000000000000e+00
0.000000000000000000e+00
0.000000000000000000e+00
0.000000000000000000e+00
0.000000000000000000e+00
0.000000000000000000e+00
0.000000000000000000e+00
0.000000000000000000e+00
0.000000000000000000e+00
0.000000000000000000e+00
0.000000000000000000e+00
0.000000000000000000e+00
0.000000000000000000e+00
0.000000000000000000e+00
0.000000000000000000e+00
0.000000000000000000e+00
0.000000000000000000e+00
0.000000000000000000e+00
0.000000000000000000e+00
0.000000000000000000e+00
0.000000000000000000e+00
0.000000000000000000e+00
0.000000000000000000e+00
0.000000000000000000e+00
0.000000000000000000e+00
0.000000000000000000e+00
0.000000000000000000e+00
0.000000000000000000e+00
0.000000000000000000e+00
2.289012426683626270e-02
7.515306135745193974e-03
2.220941845606991261e-02
0.000000000000000000e+00
7.186210469373370199e-03
7.081304164151398274e-03
2.791471350789373473e-02
6.878267483336328834e-03
2.034002460716113209e-02
2.005151849159419325e-02
7.907642975947992703e-02
5.847786289617378647e-02
5.125838533610365538e-02
4.423246135989168659e-02
8.102072971967413939e-02
2.459028430357407952e-02
4.851597651118523535e-02
4.188166954434006939e-02
2.951661115147845293e-02
4.660106946047087861e-02
4.598790639889269866e-02
3.971342017292631837e-02
3.919766876575449949e-02
4.421931366561764054e-02
4.365240720293980109e-02
6.464449972593712401e-02
5.318852159576936689e-02
4.726754321881083271e-02
2.074520296450823101e-02
2.560937739312093078e-02
4.046914604915904934e-02
1.498972439175792239e-02
2.467820859031871067e-02
1.950326597916043903e-02
6.262194162449515045e-02
3.807506908880255864e-02
5.643269976312751540e-02
4.182364875227028572e-02
1.377720384484071130e-02
1.815475840724483508e-02
3.140140317604741410e-02
4.434055034374436571e-03
1.314926834675791793e-02
8.665995092851874748e-03
2.570255682494128335e-02
1.270606778080475389e-02
8.375536323142593678e-03
4.140977945364536332e-03
8.189935110614793984e-03
1.619887903187226807e-02
0.000000000000000000e+00
7.922890718753317421e-03
1.175515979083421869e-02
1.162807822671805234e-02
3.834348779567719415e-03
1.138002028415488823e-02
1.125895738644211441e-02
1.113981609792659075e-02
1.102255596430616602e-02
7.271425060182570496e-03
1.079352260642143027e-02
1.424223151646792328e-02
7.047702847286376783e-03
2.092625805730288432e-02
1.380848444941361851e-02
1.366829800024377435e-02
1.691279445489906122e-02
1.674281805914866472e-02
2.983570430542465193e-02
3.610301944013101505e-02
3.249596976065077802e-02
1.930548901536617915e-02
6.372073679556919217e-03
1.261981520515758314e-02
3.124323423633533665e-03
3.094136959856462910e-03
9.193157619790138027e-03
9.105185494151098527e-03
3.006156700135620766e-03
1.191065015274253049e-02
5.899143182985734993e-03
1.168750515213247236e-02
2.894569232696558164e-02
2.867643202349871162e-02
1.704654684635771578e-02
1.688943693281306363e-02
1.952357057226214443e-02
2.210888499311264646e-02
1.643092239005771588e-02
1.356852273272365558e-02
1.344628461968639527e-02
1.599082914092754548e-02
1.320671236123624644e-02
7.853592083323949688e-03
1.556818344803657245e-02
1.285918310614707870e-02
2.294349116547423142e-02
1.516207507282016018e-02
2.505038629358523686e-02
2.731685131217628099e-02
3.692913092639739381e-02
3.173052534841038635e-02
4.597901482822095570e-02
3.838964752481852788e-02
3.806431348421341482e-02
4.717887195403642348e-02
5.379977516627416911e-02
5.103002393829512984e-02
2.990282230592806664e-02
5.702820679680771498e-02
9.275331927395319420e-02
7.179701213380540459e-02
8.456011196959471732e-02
1.125621391764372592e-01
1.050795340186754800e-01
9.988583007961968074e-02
9.046462500350894997e-02
1.324703889706772275e-01
1.314106315336484310e-01
1.345688159280338525e-01
1.230710639025171943e-01
1.096814116232553427e-01
1.437216001102200602e-01
1.588908779809600769e-01
1.475438089932129271e-01
1.744714851331679029e-01
1.691392526777397987e-01
1.796802114890916902e-01
1.822167016018667041e-01
2.235951329903520246e-01
1.968052820859398366e-01
1.914790894226249540e-01
2.261339116970618457e-01
2.017959295905879802e-01
2.021504374465717124e-01
2.154981504792992664e-01
2.673624535224801146e-01
2.434125987916032630e-01
2.434261639430632118e-01
2.452360820434762168e-01
2.810217848735204749e-01
2.860703647142797679e-01
3.033847844520609072e-01
2.766638417898611979e-01
2.955192204110067555e-01
3.175466771491278761e-01
3.186889413798132398e-01
3.113011451951930852e-01
3.411675965302916058e-01
3.085546715650936966e-01
3.796278681886918749e-01
3.686786592817257180e-01
3.742904657112216538e-01
3.830746098275633615e-01
3.706835447438224240e-01
3.970340501175732562e-01
4.102395070671405741e-01
4.026448429550474328e-01
4.014422764504360086e-01
4.440236801104634479e-01
4.068218228766812827e-01
4.456831070817756646e-01
4.150812862124291791e-01
5.233207092061921140e-01
5.046747495254300109e-01
4.982746248827337743e-01
5.485976764818841778e-01
5.138316977320409595e-01
4.927552321220914355e-01
4.807142969797617571e-01
5.370406838823773565e-01
5.479146811993161892e-01
5.256888610751768720e-01
6.005068433044682408e-01
5.527572336812854870e-01
5.870774957863175159e-01
6.111727491626958164e-01
5.503770093158618648e-01
6.542630883429241262e-01
5.966826352102849729e-01
6.363702557846692143e-01
6.309529291129354345e-01
6.497561477307036704e-01
6.109480834813845185e-01
6.481719945491859480e-01
6.506683065470625360e-01
6.491937834472345514e-01
6.360190491946942082e-01
6.255813261123374103e-01
6.859071518886058483e-01
7.276005945177332901e-01
7.129466355616979056e-01
7.274571077067213398e-01
7.054384757888586543e-01
7.347340695152922985e-01
6.856832621249837612e-01
7.700729729980033689e-01
7.629463519179590092e-01
7.923497382005300071e-01
7.694433801846661813e-01
8.524549719669050063e-01
8.425614186362392344e-01
8.434475733350764726e-01
7.664808048992004519e-01
7.771568013199742220e-01
7.911882188196139865e-01
7.899816379684824197e-01
7.680485370402809764e-01
7.921487066483879902e-01
8.341610827034094955e-01
8.157067058071486576e-01
8.075761384410627963e-01
9.124663625960288682e-01
9.127353982462519388e-01
8.754054966754643008e-01
8.978334290008155305e-01
8.577095258161729907e-01
8.875578877077516804e-01
8.608830542534908759e-01
8.355717569504816922e-01
8.607253310851609163e-01
8.314262315003604353e-01
8.531251186671209297e-01
8.168218078407227800e-01
8.613009897701496831e-01
8.585520917342881475e-01
8.754351315826508495e-01
9.044359176454435101e-01
8.963485921118946598e-01
8.832607467696088621e-01
9.248239918148366545e-01
9.307733309823323919e-01
9.636042422201055446e-01
9.186009479849838177e-01
9.274084593767164542e-01
9.184253823202350731e-01
9.134339523444086062e-01
8.764189934505853818e-01
8.736143802297089422e-01
8.391083632731837216e-01
8.307729974674252782e-01
8.729117922227150883e-01
8.635148290051046782e-01
9.247622861570478081e-01
8.852205580718063294e-01
8.935554558985091544e-01
9.397500783509000755e-01
9.292651285249216020e-01
8.639097495685130745e-01
8.648427209531881488e-01
7.977628955605997607e-01
8.522150046501729692e-01
8.495706306506721761e-01
8.558667771090113785e-01
8.532079109973533804e-01
8.523315581792280105e-01
8.136691051052601376e-01
8.628103792611788725e-01
8.366434275554832656e-01
7.942932313452315540e-01
7.911015523471592870e-01
7.862191510827376550e-01
7.668903916827088940e-01
8.198090734691190207e-01
8.308517093485533467e-01
7.788285385272378791e-01
7.557089721541317973e-01
7.926327080749102638e-01
8.142971797899167807e-01
8.308002174812716412e-01
7.759210032167850324e-01
7.899875294950180482e-01
7.828351547122983645e-01
7.854204015660060101e-01
7.671078894072067555e-01
7.681291513812115168e-01
7.818440736411277348e-01
7.629981219242353285e-01
7.608498166681646468e-01
7.289598984077344523e-01
7.184085997992286643e-01
7.513739824334035866e-01
7.654924769861979339e-01
7.710187270440070906e-01
7.382702274327334058e-01
7.271234757388160830e-01
7.531654817844705141e-01
7.608704833443675764e-01
7.894865388051660604e-01
7.588732462221475794e-01
8.243432979388476411e-01
7.561404973818495190e-01
7.466885734160536581e-01
8.002857174475400681e-01
8.256786887852990420e-01
7.441998618196650206e-01
8.186930670004247679e-01
7.933187483509200888e-01
7.803307339755224392e-01
7.788454899391203945e-01
7.865777884491493843e-01
7.603732641234774992e-01
8.067187047738629824e-01
7.631736714609580474e-01
7.721949614108892801e-01
7.977453608238441740e-01
8.065105488853180349e-01
7.918572902841375383e-01
7.677659708646961123e-01
8.003223496187628072e-01
8.095619212452246360e-01
8.773335623130432692e-01
8.841144162239028548e-01
8.260502749332971906e-01
8.695461551660067512e-01
9.166154213784917237e-01
9.289949364858071101e-01
8.999316603516237523e-01
8.913608891987970795e-01
9.023607393313440861e-01
9.346133940074362600e-01
9.401527967094291949e-01
9.007262990054156759e-01
9.370066168791861827e-01
9.239940433370721351e-01
9.180508965495632889e-01
8.963914818694203035e-01
9.301432648859186969e-01
9.323481523733009313e-01
9.314142002334478976e-01
9.236651480726615349e-01
9.684038409581351425e-01
9.304509457426003438e-01
9.551903348698524976e-01
9.529174907379027726e-01
9.900638796633473016e-01
9.882476212230056900e-01
1.026111748291988590e+00
1.020548197937635404e+00
1.045419662747197886e+00
1.099745912843558937e+00
1.058454740402512417e+00
1.087532722050009060e+00
1.064201199637264672e+00
1.098244180653182411e+00
1.068070775153510343e+00
1.092535540583481346e+00
1.101803987769679694e+00
1.127053669326106844e+00
1.094936814861597218e+00
1.100637295521431636e+00
1.124416917617196754e+00
1.187498632214718297e+00
1.085925169690227232e+00
1.120639549170959315e+00
1.137778326984759891e+00
1.146439544430773338e+00
1.125163460368345358e+00
1.181693015355789411e+00
1.128071460729751507e+00
1.194488803125302478e+00
1.180395674041287757e+00
1.201621176550194292e+00
1.230759054933622254e+00
1.233857237554985664e+00
1.191425803753227264e+00
1.163718433197247437e+00
1.185601517145169703e+00
1.174513255608112816e+00
1.190366305609255049e+00
1.155720915082881328e+00
1.197107930568584111e+00
1.235034643262924225e+00
1.232216990022662717e+00
1.168999849550890202e+00
1.219419140915703137e+00
1.215130565383523598e+00
1.142490331133037884e+00
1.187311888995993492e+00
1.198359492690905359e+00
1.180062303385984723e+00
1.208113389697908158e+00
1.185899284753755945e+00
1.143911139461729842e+00
1.172246665073915839e+00
1.183043958833318365e+00
1.201631905603729011e+00
1.185222734211569984e+00
1.159153124860924367e+00
1.153242372836451368e+00
1.183269134044521387e+00
1.139597723130113982e+00
1.178096754317190742e+00
1.162577712961966325e+00
1.156723907761237902e+00
1.153761992245469825e+00
1.156978430712025219e+00
1.129930044862168526e+00
1.136489876075237992e+00
1.141585791312150988e+00
1.123749344496361768e+00
1.113018332631853458e+00
1.120438878037504304e+00
1.082998351402610249e+00
1.114385766706043945e+00
1.104276209647824691e+00
1.095604178071162726e+00
1.135673612902301066e+00
1.101548809511905258e+00
1.099734727183313776e+00
1.109625736508962568e+00
1.072363593944164251e+00
1.046534532849839438e+00
1.075180883065254056e+00
1.061487804361487930e+00
1.050096527202553309e+00
1.093361350849602065e+00
1.024033100897086879e+00
1.100710598848231525e+00
1.091926133755299899e+00
1.075389689950156935e+00
1.077551633159458344e+00
1.099501789361237103e+00
1.086099017231743513e+00
1.068509792155670990e+00
1.029311843705468466e+00
1.077837613620767243e+00
1.073135323789796036e+00
1.046121129544878681e+00
1.060870789214226839e+00
1.137444750357221812e+00
1.103380148683244411e+00
1.080769031084678478e+00
1.157268948361540373e+00
1.141214650449704937e+00
1.068119145886404997e+00
1.061080697534856787e+00
1.087969342168154663e+00
1.053641068064023356e+00
1.071030648689445641e+00
1.028908746174539202e+00
1.063157979208890325e+00
1.049424694044987838e+00
1.010595565329978074e+00
1.037761265678625255e+00
1.033767184504787773e+00
1.076873102286488137e+00
1.054229251774280618e+00
1.043521920889946664e+00
9.921619081234298587e-01
1.041038459985727638e+00
1.027745754206832673e+00
1.031589037479076820e+00
1.029607037547486836e+00
1.001075751999136010e+00
9.999663535600544773e-01
9.927424597632829029e-01
1.025944361070994848e+00
9.943705871226948823e-01
1.036412443923275140e+00
1.020843454844688747e+00
1.039575073342048572e+00
1.037198549287715821e+00
1.022886005149758359e+00
1.040661114413760968e+00
1.030500111933346341e+00
1.020031669338747671e+00
1.047198335902365329e+00
1.048847286705505200e+00
1.056333746353724123e+00
1.026932222990762700e+00
1.028614702391631663e+00
1.042597395300799867e+00
1.068758288615778040e+00
1.032122504521487238e+00
1.032308670480450274e+00
1.051078522844287599e+00
1.047270372527573379e+00
1.055912390543397805e+00
1.045729962127026180e+00
1.064189113656456520e+00
1.049814452204080428e+00
1.077944458078120782e+00
1.078981294271289748e+00
1.036819409792482327e+00
1.038665786705387006e+00
9.847848782349652996e-01
1.036788014349445453e+00
9.767175969860034668e-01
1.005099117229973915e+00
1.039783167726806345e+00
1.060960312062829924e+00
1.020904968511679334e+00
9.919264750952498932e-01
1.020794201990118166e+00
1.005436539791987993e+00
1.005920432948268495e+00
9.870231156847947274e-01
9.985398460578934765e-01
1.013629529460855494e+00
9.803143166515956297e-01
9.841428982492967936e-01
9.876136731539122415e-01
9.963013873864923209e-01
9.856542639670423656e-01
1.015452702562651854e+00
1.012918774768320596e+00
9.838574665939412434e-01
9.956237086179626772e-01
1.021141360951640653e+00
9.878222024067608853e-01
9.879458644830363401e-01
9.820100642750714259e-01
9.665771320596265870e-01
9.749842566512216813e-01
9.984872903103617636e-01
9.932026209689549523e-01
9.747689808632890029e-01
9.902229969096366657e-01
9.684724218818465680e-01
9.726512113916322422e-01
9.984927441739611664e-01
9.855528285681389722e-01
9.742273103144638569e-01
9.921377534059284686e-01
9.924850187092250087e-01
9.461295134677840668e-01
9.347383552883048452e-01
9.303890431978683040e-01
9.795930954523132117e-01
9.772366483235178647e-01
9.583562054295258203e-01
9.638614208295551711e-01
9.642494662131146921e-01
9.530123594964335920e-01
1.033913315557559276e+00
9.733691487454777524e-01
1.000573874161012844e+00
1.027906200570727568e+00
9.922657935003520446e-01
1.000139174130365349e+00
9.904569767159580040e-01
1.011078748279276684e+00
9.953224177728327016e-01
9.938234507200771617e-01
1.002996094696531726e+00
1.013547540849383255e+00
1.014001366357937695e+00
1.014733892034658691e+00
9.995021708208610134e-01
1.007650406537019316e+00
1.020278684651211076e+00
1.004868708860833237e+00
9.819411480457509445e-01
9.964866810099476391e-01
9.941456272315846165e-01
9.912556710509309310e-01
1.021500522136980393e+00
9.741346546324050060e-01
9.998181447149038226e-01
9.709912503936692918e-01
9.868979343709403107e-01
9.588146657417158103e-01
9.634413251482252250e-01
9.655825593279772079e-01
9.826664748260729443e-01
9.906988712231343808e-01
1.014906802874404379e+00
1.014433946597666392e+00
9.854580016826900435e-01
9.944475984499632215e-01
9.579317588684120865e-01
9.698730960066953566e-01
1.005668316014184382e+00
9.346923609590963578e-01
9.709056261212170025e-01
9.586737472018450612e-01
9.748943339672367925e-01
9.590428949977636286e-01
1.008357380359846012e+00
9.872805568030402767e-01
1.010241549238759751e+00
1.000154853507405406e+00
9.903790786899469012e-01
9.979217676537034398e-01
1.017240925060918455e+00
1.026453154065393170e+00
1.002895950920025481e+00
9.901701981371457961e-01
9.869152157830523020e-01
9.895040198217021077e-01
9.705902993745270102e-01
9.966439141841473282e-01
9.627253767206277457e-01
9.899031942934840567e-01
1.001178947515375617e+00
9.804791819908056372e-01
9.646128419794912645e-01
9.669286773269196722e-01
9.786238049822619800e-01
9.969089775691938327e-01
9.964020340301362744e-01
9.615614261390585948e-01
9.799776462267029142e-01
1.014387744519582357e+00
9.678518049366980902e-01
9.564959940399931915e-01
9.882606186716593744e-01
1.009475416748745635e+00
9.968854006554696001e-01
1.000437616395052798e+00
9.929581561278790769e-01
9.976880371891302390e-01
1.011196442024549391e+00
1.001600791181312955e+00
9.903955258811190099e-01
9.820802014555427562e-01
1.007247204063026480e+00
1.007614590660159015e+00
1.020391677832876987e+00
9.903435487783484037e-01
1.015673896207346827e+00
1.010423533285283781e+00
9.998666505469943067e-01
9.706381752046161493e-01
9.517047894454309098e-01
9.668991021485261461e-01
9.781113457284976720e-01
9.707340206890943124e-01
9.759392285538617262e-01
9.506246075967679232e-01
9.930658542229209296e-01
9.714536014428987176e-01
9.930689766460871759e-01
9.803439366701210966e-01
1.004960874346678246e+00
9.949522047250849432e-01
9.968326521052823797e-01
9.937978285927203670e-01
9.894419120715712834e-01
9.842185423768035069e-01
9.953800865701757372e-01
1.001408560387460289e+00
9.990442385674117576e-01
9.879131736778340445e-01
1.010754017753048739e+00
1.008810468082959266e+00
1.010792205699206914e+00
1.008634720596478518e+00
9.833100385930988452e-01
1.018817196341121667e+00
1.009103936786642786e+00
9.962129252892927278e-01
1.026475720440108708e+00
1.002052188988063364e+00
9.811622116443113883e-01
9.820760299226526380e-01
9.670658989057605570e-01
9.834569933757393301e-01
9.771698037791374247e-01
1.014928678448510535e+00
1.007537151874134285e+00
1.002065583627905765e+00
9.796875462225124176e-01
1.017048971738882868e+00
9.909957270086467984e-01
1.010502014038951790e+00
1.010455799372696584e+00
1.016392719989245741e+00
9.936766458588313089e-01
1.000235687534088536e+00
1.019871012563925872e+00
9.952624917149164308e-01
1.005836720639045057e+00
1.019609042909431107e+00
1.031484372081733492e+00
9.615498594036713254e-01
1.010239795275623020e+00
9.773418704094303244e-01
9.785469787522620422e-01
9.837503119411453723e-01
9.959203058048547996e-01
1.003840700078225900e+00
9.767157624812604633e-01
1.022135244160629064e+00
9.935089389216409383e-01
9.948309218544020283e-01
9.805848948599084069e-01
1.011592070389501608e+00
9.969766969005505741e-01
9.798878379758829693e-01
9.944744722988293484e-01
9.766904719514784006e-01
9.632597115230332463e-01
9.725444595726483454e-01
9.756006791172748827e-01
9.659221854016972753e-01
9.743560973212697096e-01
9.911837950023618671e-01
9.715818227355487169e-01
9.848946851665760782e-01
9.901450289752782297e-01
9.784645330556438481e-01
9.835100205587347100e-01
9.677373318646149691e-01
9.884292040064339702e-01
9.804268994799544279e-01
9.613879286580283567e-01
9.774459132568452668e-01
9.784832730794751354e-01
9.756001094960460307e-01
9.894573759934631729e-01
9.698664993140443391e-01
9.694209984502555333e-01
9.601156915674340375e-01
9.468007453533359152e-01
9.182991172877760233e-01
9.388605839914114792e-01
9.521922738026743493e-01
9.202227776982023766e-01
9.218841011489224968e-01
9.106451877541215101e-01
8.869589035969761559e-01
9.231923843951398423e-01
8.885855267497936305e-01
9.219435114665317510e-01
8.851631039824340297e-01
8.945594246312592590e-01
9.153402353265488456e-01
8.986025862511313189e-01
8.774957726697020233e-01
8.795415212687714979e-01
8.783903070185014039e-01
8.735346600131065342e-01
8.648241200193649281e-01
8.442018716281871615e-01
8.559319823108911818e-01
8.763518878429373826e-01
8.865535761250415980e-01
8.711108006314374208e-01
8.387121319483531456e-01
8.522161963983013733e-01
8.559725292995794543e-01
8.579841767655170814e-01
8.470743110212648475e-01
8.721060570416250268e-01
8.555546637086978157e-01
8.503597520253574071e-01
8.375104834649580443e-01
8.354390267267487458e-01
8.603728923657206762e-01
8.426685792177084355e-01
8.299440816375643903e-01
8.179495392193375514e-01
7.822811458323319922e-01
8.145987897279964862e-01
8.038860175001143471e-01
8.072586640573978789e-01
8.004418389147462953e-01
7.996434191497676647e-01
8.066490984287102428e-01
8.103085988730749367e-01
7.800695649092431738e-01
8.116361246674563823e-01
7.848156374549012382e-01
7.599185433591508776e-01
7.662522314800083167e-01
7.727192906692412766e-01
7.736112816863817132e-01
7.702669588495476560e-01
7.836574856371310016e-01
7.699346109354651135e-01
7.793837420237182956e-01
7.745971491241613327e-01
7.695079527835908539e-01
7.785688384191672418e-01
7.531429828591137410e-01
7.476493447219182409e-01
7.397854543791413384e-01
7.340233051694624589e-01
7.443240610092782816e-01
7.263723658021586926e-01
7.503969866214840190e-01
7.273006182158806565e-01
7.167396067745610555e-01
7.019818237907726743e-01
7.241195635059346492e-01
6.893879943082238393e-01
7.240940266803247427e-01
7.088186227667460093e-01
7.172252534808338797e-01
7.234232069003708743e-01
6.910708982224801344e-01
7.085643639559008333e-01
6.971755619796862202e-01
7.194957714623250178e-01
6.912580050744787652e-01
6.903820055675790046e-01
7.041688125170303403e-01
6.858935367032118480e-01
6.941534970776199742e-01
6.885686777137026704e-01
6.757385490877745315e-01
6.842647408948887566e-01
6.889838932396031845e-01
6.819469771081968501e-01
6.842459272679425331e-01
6.848857354179185286e-01
6.689288455673728651e-01
6.886883367945160206e-01
6.482282652892532582e-01
6.670536897955101630e-01
6.733477005969437101e-01
6.701477924861791724e-01
6.516105321475915702e-01
6.349174160169537284e-01
6.366642508405734313e-01
6.470551338557644083e-01
6.629621251140457305e-01
6.221366851595601100e-01
6.183521864813653623e-01
6.330516612662769882e-01
6.218560815250279150e-01
6.324290068557200106e-01
6.175213319030595782e-01
6.329597394346745398e-01
6.231473978616175469e-01
6.119384675955746866e-01
6.159662371935241687e-01
6.085346065765483425e-01
6.055568339896215679e-01
6.102809380010230100e-01
5.976446242209237925e-01
6.005191276665033939e-01
6.149866381944716354e-01
6.017087650400071430e-01
6.052580137306620145e-01
6.051340790742201214e-01
5.783384210099139500e-01
5.963387443572845115e-01
5.861647642574401296e-01
5.944464942935747676e-01
5.670520886309128317e-01
5.843674774259326465e-01
5.795650534134522136e-01
5.681393971013561917e-01
5.515120232940913247e-01
5.758789015515622944e-01
5.687902011178221917e-01
5.747671432570465866e-01
5.575719933529129646e-01
5.431792879302551613e-01
5.446669689515635238e-01
5.503674708768580004e-01
5.598475916053428092e-01
5.420371681416498166e-01
5.383691772560348365e-01
5.494330750546456699e-01
5.285139434618892906e-01
5.247576308418390179e-01
5.122915356456779756e-01
5.176889854717680040e-01
5.306830560419235621e-01
5.222791024781499036e-01
5.139078287372210729e-01
5.199190131351256738e-01
5.005778228581023725e-01
5.151915404931418641e-01
5.020104188621643537e-01
