0.000000000000000000e+00
0.000000000000000000e+00
0.000000000000000000e+00
0.000000000000000000e+00
0.000000000000000000e+00
0.000000000000000000e+00
0.000000000000000000e+00
0.000000000000000000e+00
0.000000000000000000e+00
0.000000000000000000e+00
0.000000000000000000e+00
0.000000000000000000e+00
0.000000000000000000e+00
0.000000000000000000e+00
0.000000000000000000e+00
0.000000000000000000e+00
0.000000000000000000e+00
0.000000000000000000e+00
0.000000000000000000e+00
0.000000000000000000e+00
0.000000000000000000e+00
0.000000000000000000e+00
0.000000000000000000e+00
0.000000000000000000e+00
0.000000000000000000e+00
0.000000000000000000e+00
0.000000000000000000e+00
0.000000000000000000e+00
0.000000000000000000e+00
0.000000000000000000e+00
0.000000000000000000e+00
0.000000000000000000e+00
0.000000000000000000e+00
0.000000000000000000e+00
0.000000000000000000e+00
0.000000000000000000e+00
0.000000000000000000e+00
0.000000000000000000e+00
0.000000000000000000e+00
0.000000000000000000e+00
0.000000000000000000e+00
0.000000000000000000e+00
0.000000000000000000e+00
0.000000000000000000e+00
0.000000000000000000e+00
0.000000000000000000e+00
0.000000000000000000e+00
0.000000000000000000e+00
0.000000000000000000e+00
0.000000000000000000e+00
0.000000000000000000e+00
0.000000000000000000e+00
0.000000000000000000e+00
0.000000000000000000e+00
0.000000000000000000e+00
0.000000000000000000e+00
0.000000000000000000e+00
0.000000000000000000e+00
0.000000000000000000e+00
0.000000000000000000e+00
0.000000000000000000e+00
0.000000000000000000e+00
0.000000000000000000e+00
0.000000000000000000e+00
0.000000000000000000e+00
0.000000000000000000e+00
0.000000000000000000e+00
0.000000000000000000e+00
0.000000000000000000e+00
0.000000000000000000e+00
0.000000000000000000e+00
0.000000000000000000e+00
0.000000000000000000e+00
0.000000000000000000e+00
0.000000000000000000e+00
0.000000000000000000e+00
0.000000000000000000e+00
0.000000000000000000e+00
0.000000000000000000e+00
0.000000000000000000e+00
0.000000000000000000e+00
0.000000000000000000e+00
0.000000000000000000e+00
0.000000000000000000e+00
0.000000000000000000e+00
0.000000000000000000e+00
0.000000000000000000e+00
0.000000000000000000e+00
0.000000000000000000e+00
0.000000000000000000e+00
0.000000000000000000e+00
0.000000000000000000e+00
0.000000000000000000e+00
0.000000000000000000e+00
0.000000000000000000e+00
0.000000000000000000e+00
0.000000000000000000e+00
0.000000000000000000e+00
0.000000000000000000e+00
0.000000000000000000e+00
0.000000000000000000e+00
0.000000000000000000e+00
0.000000000000000000e+00
0.000000000000000000e+00
0.000000000000000000e+00
0.000000000000000000e+00
0.000000000000000000e+00
0.000000000000000000e+00
0.000000000000000000e+00
0.000000000000000000e+00
0.000000000000000000e+00
0.000000000000000000e+00
2.084983322518702345e-02
6.145216842656195388e-02
5.031955186285150261e-02
2.472599753026890126e-02
4.860668257282739664e-03
9.556572077151907416e-03
2.348990308255770668e-02
9.239365534501140648e-03
9.086652254621224029e-03
4.468847052899976684e-03
2.637710692353609568e-02
8.650559670947884430e-03
2.128038423171316543e-02
1.675408600298672335e-02
1.236768571865216014e-02
2.434888918351188827e-02
1.598092976415857805e-02
3.540391693438822707e-02
5.035825845282266428e-02
4.959526924481190424e-02
7.515306135745193628e-02
7.403139485356637073e-02
1.130487131688217434e-01
9.701384133654050723e-02
1.593293436934064555e-01
1.954029945552561431e-01
1.513218846333992396e-01
1.966202378692242791e-01
2.071990244131400039e-01
2.767675041581797446e-01
3.768573386642310452e-01
3.748269427702579648e-01
4.044110752904382933e-01
4.861243783180448363e-01
4.856581149955880861e-01
5.973529607939681574e-01
6.072842083929309576e-01
6.228004952961953000e-01
7.951307476692843768e-01
7.990398736807605706e-01
9.587954298892210625e-01
9.015463816123534535e-01
1.039153871142014518e+00
9.439833057635731439e-01
1.131278745203899705e+00
1.069089284074964175e+00
9.584807374925530254e-01
1.055412200819356272e+00
1.026936033464149300e+00
9.611422186675274704e-01
9.618406484711332638e-01
8.760764049563142253e-01
8.118234463825533265e-01
7.008840389510803126e-01
7.781592245024022692e-01
6.489760472759663612e-01
5.739134023228200654e-01
5.648653576384691233e-01
4.652156841856489033e-01
4.710210476407112323e-01
4.190182007483842508e-01
4.405004896163902117e-01
3.813037840854824889e-01
3.555520360783544498e-01
3.409461521182609034e-01
3.413031051680606720e-01
3.333487246018452255e-01
3.091700504257084425e-01
2.753809435418285712e-01
2.443182853944458888e-01
2.654168390782360998e-01
1.802457834594580199e-01
2.093054080809249318e-01
1.821315670294666733e-01
1.896670047359148015e-01
1.857727968762948878e-01
1.503875173220089734e-01
1.285964862502385897e-01
1.599713513240165474e-01
1.403157938834785901e-01
1.192786889504188624e-01
1.568113883521218832e-01
1.342768225343601851e-01
8.285090669648170758e-02
1.025122350018283085e-01
1.234633995207631424e-01
1.121768809962960523e-01
1.044249650689862696e-01
8.861650226213976800e-02
1.104862971862126397e-01
9.652744507683089226e-02
1.115112893922460824e-01
9.149366023739247122e-02
1.155999666744407517e-01
8.354169791612449381e-02
9.193157619790137680e-02
1.092622259298131754e-01
8.567546595386518749e-02
9.379636995284743040e-02
8.406279035754672668e-02
1.227188040973909572e-01
1.157827693078623266e-01
1.018013336834204252e-01
7.386836966755010170e-02
1.125962462187537483e-01
1.143523419232497090e-01
1.008717877810764579e-01
1.150164567304040042e-01
1.533243068797773001e-01
1.398413600447385163e-01
1.492477386486570912e-01
1.545185346264640880e-01
1.557629096525916801e-01
1.608712289630445658e-01
1.607397888268384811e-01
1.567805229640739095e-01
1.945799634345253826e-01
2.054131676073989443e-01
1.924596342448783581e-01
2.314225538054236475e-01
2.306565111865216400e-01
2.528845815552152598e-01
2.555310913370733572e-01
2.783452923533106249e-01
3.113805548966404046e-01
3.321551336352578931e-01
3.595297141107156591e-01
3.680347360729607775e-01
4.060408323932709340e-01
4.049474182936005362e-01
4.722897204426886320e-01
4.739816802506230387e-01
5.021154247576368190e-01
5.352488764076281935e-01
5.537149276152830701e-01
6.117131785951557266e-01
7.029477092153678663e-01
7.068620260721251158e-01
7.159481534921176005e-01
7.728445623030951728e-01
8.319231598594084565e-01
8.643827663771807002e-01
8.973260480847808918e-01
9.287175374298813901e-01
9.856636200339313758e-01
1.069557038991590048e+00
1.107698886212971967e+00
1.168734005435628776e+00
1.174360524575414066e+00
1.203985255113984909e+00
1.359501534900637187e+00
1.369155322501958594e+00
1.451233344111751977e+00
1.466526553142490030e+00
1.469474457147635471e+00
1.563609383359056082e+00
1.648068009111569365e+00
1.723057585820861659e+00
1.720258987275561147e+00
1.790842648190810404e+00
1.917204493954707045e+00
1.960535976270149305e+00
2.041709110930241433e+00
2.129476735314607350e+00
2.162423839499223899e+00
2.122022870424186358e+00
2.321149795731371146e+00
2.336660246532962670e+00
2.435737285045100897e+00
2.404309831861715097e+00
2.488167633269045886e+00
2.489524084434507234e+00
2.556819257508651688e+00
2.624730863764664246e+00
2.717352476614403045e+00
2.676932503313598222e+00
2.851010826986822178e+00
2.856537296546337590e+00
2.768894146040953519e+00
2.921508624971282053e+00
2.823687782237824351e+00
2.832814903505120885e+00
2.908689523262323551e+00
2.827085198688861212e+00
2.955128724078622593e+00
2.959893170257557049e+00
2.928988755371691788e+00
2.836652134768517186e+00
2.898166589846071339e+00
2.879699234655774820e+00
2.865017030376423968e+00
2.820385197430580693e+00
2.702280794870107083e+00
2.808317761401211143e+00
2.700135133132046228e+00
2.741207456004830956e+00
2.681181702813292045e+00
2.665949910500483355e+00
2.655648288132014034e+00
2.603950939802652798e+00
2.608254024951866867e+00
2.509750244178823309e+00
2.483810767341349202e+00
2.461462973165313706e+00
2.416956158934938426e+00
2.364452761688365712e+00
2.311259407809757693e+00
2.290997728376277021e+00
2.331313634228126652e+00
2.221734797821254048e+00
2.173726085471475500e+00
2.113660036517016394e+00
2.105664935280953554e+00
1.991253859584665165e+00
1.945657198665116550e+00
1.950400477137914201e+00
1.909199885448546574e+00
1.903097684082867946e+00
1.802212752332059464e+00
1.779349673880215921e+00
1.721522445301381099e+00
1.676811736862349633e+00
1.715737801735902401e+00
1.553141420435846021e+00
1.534602185840105548e+00
1.523784229835100534e+00
1.455492280088328538e+00
1.432049179215510559e+00
1.456652368158750432e+00
1.347443393365206799e+00
1.368267928152580470e+00
1.334034767864047177e+00
1.288502224808046215e+00
1.315318864954296174e+00
1.204986970501094490e+00
1.227016302537021986e+00
1.199343828677304602e+00
1.203832075239040789e+00
1.177640657450132577e+00
1.113817022731790063e+00
1.109630155706100574e+00
1.109168239059171501e+00
1.160663892760821492e+00
1.104031268705373714e+00
1.094212702161958539e+00
1.137652729957643105e+00
1.093330592840405568e+00
1.047441521078364524e+00
1.065496728430694873e+00
1.035883641486923912e+00
1.067326915678769472e+00
1.010536262307509592e+00
9.846409080293095917e-01
1.029630797550827426e+00
1.027948837003343163e+00
1.026758378517618642e+00
9.784411600939462161e-01
9.953792164121683106e-01
1.000586261360119522e+00
9.708285143016920360e-01
9.423263465062208244e-01
9.751191552072978608e-01
9.812075935521880066e-01
1.000785821202745174e+00
9.870995426878843571e-01
9.953018071204113859e-01
9.730115047438847586e-01
1.014612987960899604e+00
9.896935668652921958e-01
1.011708399370033318e+00
9.662945793467305755e-01
9.935580501009708687e-01
1.000444897955371948e+00
9.353325018061516838e-01
1.007341079899906289e+00
9.916043035759027902e-01
9.624662893278196352e-01
1.031889217042183837e+00
9.958948902814395154e-01
9.908138049527533964e-01
1.038014826919692712e+00
1.047657485082100548e+00
1.031755576434248090e+00
1.045101794804931483e+00
1.099423906757200031e+00
1.055904967170054887e+00
1.038564869070899288e+00
1.121415354705606271e+00
1.042201856978981489e+00
1.070165307706694602e+00
1.120234893629275419e+00
1.147104722044780978e+00
1.087412126808787516e+00
1.102516987495294920e+00
1.141813603404503663e+00
1.140586552552681709e+00
1.118009683316962377e+00
1.157011019038816979e+00
1.180351285552803109e+00
1.140337294800619405e+00
1.143732326201517324e+00
1.176018684402183156e+00
1.186478021198198229e+00
1.169692114995650734e+00
1.173209164568121299e+00
1.195602892943287587e+00
1.126615651328219503e+00
1.184979558007184242e+00
1.156591476543096020e+00
1.176360165707328598e+00
1.202581221153733448e+00
1.208679139037020844e+00
1.177730628100977395e+00
1.154346904709544264e+00
1.214220827179453455e+00
1.161981032925206048e+00
1.200397616956713875e+00
1.172999453455414010e+00
1.201016765564256072e+00
1.192621998162088692e+00
1.225202560095065341e+00
1.209727004634783221e+00
1.206611120675223470e+00
1.217772324279064566e+00
1.228818700331520297e+00
1.211144473838892122e+00
1.191216859560886299e+00
1.197414365592359697e+00
1.218502676734768864e+00
1.199451274620851216e+00
1.235140107311680779e+00
1.210458622212467805e+00
1.164283471581409657e+00
1.193963986756994000e+00
1.187629150659713639e+00
1.188256998547626342e+00
1.152135540384567891e+00
1.141464347486811137e+00
1.136727487551048466e+00
1.149496805926043530e+00
1.127023469119116994e+00
1.131040217340846032e+00
1.149701370403909406e+00
1.136709808991752668e+00
1.119705524515794970e+00
1.113555241014297481e+00
1.085167142366905146e+00
1.083885972045234958e+00
1.089138648970374490e+00
1.086591998470454845e+00
1.107496239770911828e+00
1.056353548961896038e+00
1.063428932355104717e+00
1.058560420222264487e+00
1.015527861871467818e+00
1.024469281133439491e+00
1.034226867566705677e+00
1.041198586693558248e+00
1.021280839291518694e+00
1.008941204443632111e+00
9.828086171353310752e-01
9.795444890975325558e-01
9.786431736752380095e-01
1.003708815474747107e+00
9.660868681679601888e-01
9.808515578861233264e-01
9.865525246138554527e-01
9.876066012781210546e-01
9.783569034671474318e-01
9.660454028684748451e-01
9.694128717662374717e-01
9.834678548641381246e-01
9.858761633730116491e-01
9.583091449453958743e-01
9.836403027754084816e-01
9.524053455065334406e-01
9.178237563692646095e-01
9.484931122788198277e-01
9.130962479898085959e-01
9.309584659017275943e-01
9.541078397550316614e-01
9.253241521856319096e-01
8.910997716891175813e-01
9.396338762477753903e-01
9.211337862800108578e-01
9.030412395034985718e-01
9.389772875374978733e-01
9.272890561498540185e-01
9.278009943941162296e-01
9.437775425483901914e-01
9.319257940502267967e-01
9.022050375458404714e-01
9.211819904376405965e-01
9.369038105168242536e-01
9.049211212320454889e-01
9.151900316431976767e-01
8.937346203570861736e-01
9.014116588760250348e-01
9.004150222859210739e-01
9.203477366151376904e-01
8.913917713176457980e-01
9.064373646968054699e-01
8.837274293096500921e-01
9.118301568861695294e-01
8.996475589957383390e-01
9.057811637771446822e-01
9.059714978693823584e-01
8.983314495706236080e-01
9.297042608719534584e-01
9.021274927248001951e-01
9.262252062675416786e-01
9.041543541510765891e-01
9.076643241668816975e-01
8.884461406369359437e-01
8.898341767751262177e-01
8.897827972258669504e-01
8.946854117763156644e-01
9.061330254173377563e-01
9.113933381153270785e-01
8.958234591621038190e-01
8.989763455872662457e-01
9.220326555302424953e-01
8.973414911621627743e-01
9.169986924216124713e-01
9.342112558166321135e-01
9.300533174830857286e-01
9.209148207188530000e-01
9.193172780617876461e-01
9.475332474868962684e-01
9.255880535275491372e-01
9.618545530130452326e-01
9.534050193632019887e-01
9.452335246815396497e-01
9.464267829614017025e-01
9.548942547531842351e-01
9.412855268888382643e-01
9.468468800157647802e-01
9.488658457320104933e-01
9.404148520380574139e-01
9.784354359348846897e-01
9.450728623759147018e-01
9.616872290026018399e-01
9.502830002606464932e-01
9.705951293290808746e-01
9.319617790172650684e-01
9.672520687809839091e-01
9.445452022162453831e-01
9.601385709521490508e-01
9.617553868965080799e-01
9.616806608980484894e-01
9.372059275002236900e-01
9.588137405720474904e-01
9.237449101232902970e-01
9.578198882931995284e-01
9.525912475053119888e-01
9.416579086038100455e-01
9.459005500201179695e-01
9.606847035649387356e-01
9.818456590181063870e-01
9.691213514223476766e-01
9.307161105380363786e-01
9.453246527205709793e-01
9.608253327810926114e-01
9.584850691834059244e-01
9.837461917061689487e-01
9.787597557151990202e-01
9.763645258111465219e-01
9.802662622817833737e-01
9.629921914086724266e-01
9.830946026739282306e-01
9.752502276014893834e-01
9.703602366069151719e-01
9.664634701660111959e-01
9.627800821321949032e-01
9.658286452873866557e-01
9.581474683853171692e-01
9.670849463716005845e-01
9.584912360409482135e-01
9.707616374169997231e-01
9.620139096079796115e-01
9.952258836622358551e-01
9.694004498218160570e-01
9.751015494347331503e-01
9.666205131379874693e-01
9.413186520844907257e-01
9.836283651974917497e-01
9.586119131853343411e-01
9.713860415200443743e-01
9.851675137019059170e-01
9.536320181537090157e-01
9.733675522985123507e-01
9.489520072934138906e-01
9.515920505563792986e-01
9.515104260651368051e-01
9.551904063549128132e-01
9.629523813881253336e-01
9.651350132667344539e-01
9.268090760588619803e-01
9.223593149363461530e-01
9.491607147665345190e-01
9.399092541090133812e-01
9.364971121156747680e-01
9.365962951082228427e-01
9.467899111591747685e-01
9.451094934175855444e-01
9.389366715005545982e-01
9.422837176322970132e-01
9.468075544172662728e-01
9.757994327692979253e-01
9.422607976919826767e-01
9.794134588089634663e-01
9.460680185260325059e-01
9.252793006089728989e-01
9.327772589047461649e-01
9.383738217416698335e-01
9.653753388820657255e-01
9.257308172996305817e-01
9.517593030865250103e-01
9.575380460034603747e-01
9.467328441102061953e-01
9.691366978906027496e-01
9.609836107286570117e-01
9.482888369746104162e-01
9.716061587795771226e-01
9.793028468909217299e-01
9.721747663601717493e-01
9.799738186994914058e-01
9.609414180552825480e-01
9.693606494199197288e-01
9.764402847873386859e-01
9.542259393122307642e-01
9.612992744704381698e-01
9.527598119003779509e-01
9.404687373348906698e-01
9.577649190014662084e-01
9.422207373830960853e-01
9.656707187309957474e-01
9.422131327196084927e-01
9.410334092850652921e-01
9.547773076987531304e-01
9.368229564363390605e-01
9.384378422494425998e-01
9.659111113329619247e-01
9.698752999481972115e-01
9.748823387043574762e-01
9.415514674348753887e-01
9.672959737830472138e-01
9.649714856251774275e-01
9.724858284738848724e-01
9.588437339305111440e-01
9.849605103794984995e-01
9.614637556036109700e-01
9.608131882888969466e-01
9.615027790793183593e-01
9.761436689399363154e-01
9.541208996829720901e-01
9.508256599986845137e-01
9.815444518336458035e-01
9.849287201973325745e-01
9.743895406243758828e-01
9.583655871905514267e-01
9.782099627339492232e-01
9.608109469934134061e-01
9.625947824984396606e-01
9.622016286431948062e-01
9.753167345723077197e-01
9.595467989164429001e-01
9.671548458437911888e-01
9.390989609536938287e-01
9.603502112484899600e-01
9.673103020777029659e-01
9.770498308892783257e-01
9.530770907831499494e-01
9.644778104449619471e-01
9.833670841033346210e-01
9.619450978432858568e-01
9.612403414714064676e-01
9.770487326590830968e-01
9.595542255186628733e-01
9.511244217411134461e-01
9.617233703913080634e-01
9.459207346144309358e-01
9.570129119906489734e-01
1.001587332726647572e+00
9.711072926561010732e-01
9.691383565058502292e-01
9.685288341312761062e-01
9.692670975665368394e-01
9.604518368378087700e-01
9.780924343881007843e-01
9.910837371267662288e-01
1.006130034175169996e+00
9.748310110557796282e-01
9.775037098799397306e-01
9.662797485124172692e-01
9.905680346396847913e-01
9.809397827893577837e-01
9.749002590719273442e-01
9.781693872464291006e-01
9.814162979519135410e-01
9.683972247140775202e-01
9.812351063433627507e-01
9.448919393764211305e-01
9.644171628512805405e-01
9.819022117724200971e-01
9.745538372868057797e-01
9.644311597341275188e-01
9.860922771152167421e-01
9.716654313516891461e-01
9.799993065165499839e-01
9.801950992120873618e-01
9.966439141841473282e-01
9.703919887284552237e-01
9.662147030651390134e-01
1.004678699142145915e+00
9.859636828816771281e-01
1.002153187118383748e+00
1.006473580925289824e+00
9.869067502745575426e-01
9.732376291035389482e-01
9.783281076971612755e-01
9.891502199265219675e-01
9.785102477047762370e-01
9.739000394005030703e-01
9.705274445080235290e-01
9.749321329055877783e-01
9.744709356204268591e-01
9.877610793903834896e-01
9.895465146501614129e-01
9.573628857299263384e-01
9.969070135817498235e-01
9.931530915655433223e-01
1.014171949445761056e+00
1.016082338529514129e+00
1.001760332298114786e+00
1.004985173694347145e+00
1.008424720083675341e+00
9.739100000401745838e-01
9.912275906220888722e-01
9.910444288553323933e-01
1.001693525991141032e+00
9.970612165502552582e-01
9.733286970264493076e-01
9.998798349244027994e-01
9.800622722704764866e-01
9.731074911516202075e-01
9.929034164903940418e-01
9.798832574533646866e-01
1.003999192348187242e+00
1.003525570082705709e+00
1.014624642191654491e+00
9.939744852601327674e-01
9.971324550683716703e-01
1.004323410545951978e+00
1.006196021790009443e+00
9.884565689895992158e-01
1.016380580625948493e+00
1.008392841546268182e+00
9.851081031575111835e-01
1.022235091930322026e+00
1.011962384769367951e+00
1.000967508389932092e+00
1.016090898296380107e+00
1.012923633770943743e+00
1.008894002782080745e+00
9.909129219161909585e-01
9.782456981066952606e-01
9.941946325621049407e-01
9.937062680760214706e-01
1.016332803262681717e+00
1.011474242852125061e+00
9.802004413768757862e-01
1.003322132761008456e+00
1.018517835285989159e+00
9.889475204975759492e-01
9.907989755957091749e-01
9.878630150112608366e-01
9.943584215201325405e-01
9.844542372774909289e-01
1.013665019583457561e+00
9.794916535890639819e-01
9.875018952000222949e-01
9.930649737792097698e-01
9.852531603017816719e-01
1.001394422989849931e+00
9.837406180605028361e-01
9.733112538090269439e-01
9.878040945386953320e-01
9.932648445136763593e-01
9.901717144972980167e-01
9.945688691224543465e-01
9.984301649431671644e-01
9.882029799954946681e-01
9.888011510066032628e-01
1.003491285877745387e+00
9.880572313695553666e-01
1.001964104644993414e+00
9.842883670161722831e-01
1.018014236823858720e+00
1.004286851039713158e+00
9.973193509865995177e-01
9.846012507122777757e-01
9.852677432971216342e-01
9.929710592049589835e-01
9.898476011985233303e-01
9.927579461291645702e-01
9.997869489367995355e-01
1.002849431598992203e+00
9.921750595751989144e-01
9.899565178752760541e-01
9.934017894987423603e-01
9.820408679631648097e-01
9.914995438878532186e-01
1.011558536539379105e+00
1.010174530149148264e+00
9.990637405361659784e-01
1.002420013322237402e+00
9.972240909092247030e-01
1.011370958220682459e+00
1.000161411540016587e+00
9.944284866087994557e-01
9.982161463005559954e-01
9.972461940302254080e-01
9.865439460287808160e-01
1.012376267895945148e+00
1.000366510252186814e+00
9.902877414656287014e-01
9.936399510842187643e-01
1.007525866888190347e+00
9.974001883369623123e-01
9.962421203526143909e-01
9.984247098100983431e-01
9.874588891656944645e-01
9.895540715760856587e-01
9.820617999498283401e-01
9.851646661360957680e-01
9.781706748104936899e-01
9.722124454580877151e-01
9.608986309046838592e-01
9.604627488874878383e-01
9.603893626832741282e-01
9.223684330340210513e-01
9.319562972241013377e-01
9.428489155815420464e-01
9.409183535382679153e-01
9.323550554009176761e-01
9.386876812195333875e-01
9.219485453181746060e-01
9.139267628161912294e-01
9.292282017310641296e-01
9.151914195900102689e-01
9.116573049474857582e-01
9.032821519719199665e-01
9.019005919672419269e-01
8.978870655878897766e-01
9.018668818122130837e-01
8.808998217918228013e-01
8.889968340120003587e-01
8.932237471995351230e-01
8.962997607264970856e-01
8.930331405210998330e-01
8.957449902569336597e-01
8.826557507203670605e-01
8.676443943716084517e-01
8.727071541664076504e-01
8.657500377304617745e-01
8.848938633862586389e-01
8.618170504494298001e-01
8.600307845923049754e-01
8.517980293176707907e-01
8.739255862272917730e-01
8.729625681501428369e-01
8.423193760063879543e-01
8.571607134587866383e-01
8.354170605289593654e-01
8.419948045351791643e-01
8.386799122650150373e-01
8.518869029366628043e-01
8.176129341868411116e-01
8.391043152928413518e-01
8.218205464654050330e-01
8.279149333501808483e-01
8.282085404596302158e-01
8.304731509546360302e-01
8.084292215969191009e-01
8.088399997965542987e-01
8.085932086687968035e-01
8.084270507926302196e-01
7.919073275709227477e-01
7.949407247611792737e-01
8.034663728676428862e-01
7.806767884642387134e-01
7.675011102814665032e-01
7.779561266692325283e-01
7.860350069047294941e-01
7.698848338926762569e-01
7.729066884178906749e-01
7.666620928144335378e-01
7.790641974858020236e-01
7.745766177880850645e-01
7.571924847263558078e-01
7.609113986759148407e-01
7.526220388717698162e-01
7.457838539632073438e-01
7.242083684464886151e-01
7.530373252952949903e-01
7.478014280364728705e-01
7.368905159449339326e-01
7.404289435975125455e-01
7.337730198360568057e-01
7.305551116404945811e-01
7.347752923903445588e-01
7.185213141683530758e-01
7.199731720488407039e-01
7.163448072848036530e-01
6.994635305396406100e-01
7.109664391186407695e-01
7.199748138389806540e-01
7.021227439146964233e-01
6.990954442090597798e-01
6.995693892902217215e-01
6.937562249429045647e-01
7.048878667796650843e-01
6.965220102334719332e-01
6.854071095753242471e-01
6.904758978650508139e-01
6.851853354771564319e-01
6.906783756299544885e-01
6.831692836298208782e-01
6.784441867252392067e-01
6.709155014042126330e-01
6.666779566993292772e-01
6.789480117872005449e-01
6.728635143965729926e-01
6.620902908151741206e-01
6.659108311538869396e-01
6.600343676151105843e-01
6.630352997415417393e-01
6.539737267944859544e-01
6.536928429088297854e-01
6.461402552276748201e-01
6.472527709688737918e-01
6.456800382565210938e-01
6.450518289139495209e-01
6.495444671710580709e-01
6.392657601157748504e-01
6.324752432036870875e-01
6.358153120774941991e-01
6.278418150108219242e-01
6.218981626466594248e-01
6.229565514157466843e-01
6.053194897876134073e-01
6.143478038468256353e-01
6.109527787724825520e-01
6.056636583313499411e-01
6.082180552510029203e-01
6.101276308657437308e-01
5.858483980788533607e-01
5.982298820243795445e-01
5.939234440609907351e-01
5.894241817391112637e-01
5.765888104750614973e-01
5.778374556857950317e-01
5.696514406576957956e-01
5.792088446824834591e-01
5.697392609192341029e-01
5.605827641808459605e-01
5.689964838309935491e-01
5.578178256371217891e-01
5.592840174052124969e-01
5.559591730388305786e-01
5.737213301803847365e-01
5.552680963904783606e-01
5.499303690411132539e-01
5.561371845215226095e-01
5.510199734544362071e-01
5.441669433448567128e-01
5.416526761206180707e-01
5.445940610184589747e-01
5.426237041172323750e-01
5.367758368119301959e-01
5.219942906407333272e-01
5.341521140031959547e-01
5.269552295704458267e-01
5.263631920610274406e-01
5.272311056116066874e-01
5.200218747412794773e-01
5.121140223988536189e-01
