4.750358894753356278e+07
0.000000000000000000e+00
0.000000000000000000e+00
0.000000000000000000e+00
0.000000000000000000e+00
0.000000000000000000e+00
0.000000000000000000e+00
0.000000000000000000e+00
0.000000000000000000e+00
0.000000000000000000e+00
0.000000000000000000e+00
0.000000000000000000e+00
0.000000000000000000e+00
0.000000000000000000e+00
0.000000000000000000e+00
0.000000000000000000e+00
0.000000000000000000e+00
0.000000000000000000e+00
0.000000000000000000e+00
0.000000000000000000e+00
0.000000000000000000e+00
0.000000000000000000e+00
0.000000000000000000e+00
0.000000000000000000e+00
0.000000000000000000e+00
0.000000000000000000e+00
0.000000000000000000e+00
0.000000000000000000e+00
0.000000000000000000e+00
0.000000000000000000e+00
0.000000000000000000e+00
0.000000000000000000e+00
0.000000000000000000e+00
0.000000000000000000e+00
0.000000000000000000e+00
0.000000000000000000e+00
0.000000000000000000e+00
0.000000000000000000e+00
0.000000000000000000e+00
0.000000000000000000e+00
0.000000000000000000e+00
0.000000000000000000e+00
0.000000000000000000e+00
0.000000000000000000e+00
0.000000000000000000e+00
0.000000000000000000e+00
0.000000000000000000e+00
0.000000000000000000e+00
0.000000000000000000e+00
0.000000000000000000e+00
0.000000000000000000e+00
0.000000000000000000e+00
0.000000000000000000e+00
0.000000000000000000e+00
0.000000000000000000e+00
0.000000000000000000e+00
0.000000000000000000e+00
0.000000000000000000e+00
0.000000000000000000e+00
0.000000000000000000e+00
0.000000000000000000e+00
0.000000000000000000e+00
0.000000000000000000e+00
0.000000000000000000e+00
0.000000000000000000e+00
0.000000000000000000e+00
0.000000000000000000e+00
0.000000000000000000e+00
0.000000000000000000e+00
0.000000000000000000e+00
0.000000000000000000e+00
0.000000000000000000e+00
0.000000000000000000e+00
0.000000000000000000e+00
0.000000000000000000e+00
0.000000000000000000e+00
0.000000000000000000e+00
0.000000000000000000e+00
0.000000000000000000e+00
0.000000000000000000e+00
0.000000000000000000e+00
0.000000000000000000e+00
0.000000000000000000e+00
0.000000000000000000e+00
0.000000000000000000e+00
0.000000000000000000e+00
0.000000000000000000e+00
0.000000000000000000e+00
0.000000000000000000e+00
0.000000000000000000e+00
0.000000000000000000e+00
0.000000000000000000e+00
0.000000000000000000e+00
0.000000000000000000e+00
0.000000000000000000e+00
0.000000000000000000e+00
0.000000000000000000e+00
0.000000000000000000e+00
0.000000000000000000e+00
0.000000000000000000e+00
0.000000000000000000e+00
0.000000000000000000e+00
0.000000000000000000e+00
0.000000000000000000e+00
0.000000000000000000e+00
0.000000000000000000e+00
0.000000000000000000e+00
0.000000000000000000e+00
0.000000000000000000e+00
0.000000000000000000e+00
0.000000000000000000e+00
0.000000000000000000e+00
0.000000000000000000e+00
0.000000000000000000e+00
0.000000000000000000e+00
0.000000000000000000e+00
0.000000000000000000e+00
0.000000000000000000e+00
0.000000000000000000e+00
0.000000000000000000e+00
0.000000000000000000e+00
0.000000000000000000e+00
0.000000000000000000e+00
0.000000000000000000e+00
0.000000000000000000e+00
0.000000000000000000e+00
0.000000000000000000e+00
0.000000000000000000e+00
0.000000000000000000e+00
0.000000000000000000e+00
0.000000000000000000e+00
0.000000000000000000e+00
0.000000000000000000e+00
0.000000000000000000e+00
0.000000000000000000e+00
0.000000000000000000e+00
0.000000000000000000e+00
0.000000000000000000e+00
0.000000000000000000e+00
0.000000000000000000e+00
0.000000000000000000e+00
0.000000000000000000e+00
0.000000000000000000e+00
0.000000000000000000e+00
0.000000000000000000e+00
0.000000000000000000e+00
0.000000000000000000e+00
0.000000000000000000e+00
0.000000000000000000e+00
0.000000000000000000e+00
0.000000000000000000e+00
0.000000000000000000e+00
0.000000000000000000e+00
0.000000000000000000e+00
0.000000000000000000e+00
0.000000000000000000e+00
0.000000000000000000e+00
0.000000000000000000e+00
0.000000000000000000e+00
0.000000000000000000e+00
0.000000000000000000e+00
0.000000000000000000e+00
0.000000000000000000e+00
0.000000000000000000e+00
0.000000000000000000e+00
4.817072432653473311e-03
1.427815090830095862e-02
4.702724980260626284e-03
9.294144167171175183e-03
4.592401281613570432e-03
4.538689601811208771e-03
8.971829478870690239e-03
8.868110068748873143e-03
2.191544724459652815e-02
1.733199018570374950e-02
3.427007576658838012e-02
2.541213556160950779e-02
1.256330448471388965e-02
2.898684561755175693e-02
4.913961066368876390e-02
6.074579636952100875e-02
6.007826690027357613e-02
5.942168039064987806e-02
6.661257214806057259e-02
5.814039113359026345e-02
8.819002193005755219e-02
9.862684246267569566e-02
1.088365880689404486e-01
1.299645211424768909e-01
1.432932275359801444e-01
1.345213636133775759e-01
1.295222712770571771e-01
1.566645466811471543e-01
2.008595311476617240e-01
2.336765483065488813e-01
2.692654467635655635e-01
1.981903210035347307e-01
3.078128590791628927e-01
2.946735978410164880e-01
2.751514952611384679e-01
2.658495067864193317e-01
2.989629217979871689e-01
3.153229872509809018e-01
3.727663102540798024e-01
3.218052877315183413e-01
3.405512531760551687e-01
3.248843807849285947e-01
3.554687612985519829e-01
3.429619869463580439e-01
3.877942143174950562e-01
4.287834054987311183e-01
4.070408796260157058e-01
4.295158143408683293e-01
3.502428771562835497e-01
3.641906866984336300e-01
3.466131192092735680e-01
4.222359233203265561e-01
3.625805963420112854e-01
4.034871511243058317e-01
3.943421373613851810e-01
4.070556819817096605e-01
3.496034001118462631e-01
3.171514446283963395e-01
4.199734530873126537e-01
3.874438761106482332e-01
4.359091365450240008e-01
3.754881466994947070e-01
3.747436890360790751e-01
3.790518768205040079e-01
3.907860261799296908e-01
3.153854651496716399e-01
3.372860624610961588e-01
3.417133499059579749e-01
3.533124297326452612e-01
3.407081217827644393e-01
3.021354882809439979e-01
3.137394984943422394e-01
2.994074444036127769e-01
2.945824109165218752e-01
2.714256178538085873e-01
2.646108795371878153e-01
2.443258166240718232e-01
2.782134220184959150e-01
3.248888512516007743e-01
2.626449914116869566e-01
2.911578755100799887e-01
2.410288508442996747e-01
2.821634732252302769e-01
2.628041587644080468e-01
2.670603156974145631e-01
2.418033411206858274e-01
2.482280780406702636e-01
2.462658110031582248e-01
2.237950630287712517e-01
2.851887553504411366e-01
2.101993991136184292e-01
2.145798725201030765e-01
2.029671032132877584e-01
2.290429069531278727e-01
2.096471728107498489e-01
2.022077724434487855e-01
1.890874278864912161e-01
1.991382529995299466e-01
1.862279272799332863e-01
2.659180006754477410e-01
2.283551237822384061e-01
2.322178345682104073e-01
1.899195359504513847e-01
2.397522589601505660e-01
1.998274480129623443e-01
2.308104301585658380e-01
1.861545581327778975e-01
2.611946808260814934e-01
2.222469932613934662e-01
2.398920653494365784e-01
2.746590401467003950e-01
2.674985595549718709e-01
2.467269223585650817e-01
2.109362951049395807e-01
2.837433476093514373e-01
2.699853376194569776e-01
2.664055215359241169e-01
2.727891425178687879e-01
2.938508480803012080e-01
2.950489548033572995e-01
2.832734512234451052e-01
2.507583474426778314e-01
2.697683918067967368e-01
2.964353765062751056e-01
3.038367033526829242e-01
2.845503865496631923e-01
3.478171310090710233e-01
3.315635571715632168e-01
3.339030272852751557e-01
3.270754432538700573e-01
3.641515408252354313e-01
3.707043142952868298e-01
3.756701480256380288e-01
3.879651435325496833e-01
3.912623634163472364e-01
4.003517245363365507e-01
3.831857852566152300e-01
3.835402768395212991e-01
4.311508097646545856e-01
4.411306194890643462e-01
4.085596944600805580e-01
4.550552838152317481e-01
4.688448486727529452e-01
4.935370662882792026e-01
4.834659873860344126e-01
4.475119764077137852e-01
4.963144088918894359e-01
5.107070818087571240e-01
4.698649828631121239e-01
4.828890965507886546e-01
5.262255252270486849e-01
5.070997935640062515e-01
5.536471177382665809e-01
5.423720726261502811e-01
5.803430070752881864e-01
5.304862429400640789e-01
5.999513674093590598e-01
5.924307452087418380e-01
6.001205949192363054e-01
6.202345391038810440e-01
6.351091109369475518e-01
6.869209575439819693e-01
6.876530222138720339e-01
6.688007283639800793e-01
6.574558410528936747e-01
6.860970799762799999e-01
6.819639775735240050e-01
7.315724498923720232e-01
7.105838205734329449e-01
7.181335541286354429e-01
7.267529665435656927e-01
7.189442282941116424e-01
7.702900135616433941e-01
7.772605134965361318e-01
7.555175525837226624e-01
7.909167155236965785e-01
7.772406475582678276e-01
7.850809813814231264e-01
8.666194007499048446e-01
8.426960193308878910e-01
8.643523969699660192e-01
8.879429750705739588e-01
8.555242786166413760e-01
8.397579525068447071e-01
8.803258333959788073e-01
8.871237419551386560e-01
8.820832797473237008e-01
9.344253942788214307e-01
8.858564041605376804e-01
8.987139685239829978e-01
9.876251349364383314e-01
9.312227645533934783e-01
9.889939340285136549e-01
9.013561131585691166e-01
9.586233804021287996e-01
9.482362499802466926e-01
9.722767512201830886e-01
9.779646433406599115e-01
9.995521724998193136e-01
9.334971795739294143e-01
9.787665423240958784e-01
9.970072332139450211e-01
9.290649076786444693e-01
9.823277188232171220e-01
9.857153405246715794e-01
9.621391427679918396e-01
9.569663641713379576e-01
9.166524702643762401e-01
9.297207852267446171e-01
9.068879388152533139e-01
9.413656251799547015e-01
9.456795241592554913e-01
9.647483562971801430e-01
9.688671112073513614e-01
9.033033012455502497e-01
9.094974030677362986e-01
9.147076836598240224e-01
9.162438568514029713e-01
8.845582279002774939e-01
9.040594840577982350e-01
8.469930770983091772e-01
8.991435504937348444e-01
8.286068748534127781e-01
9.021482384980107350e-01
9.070884562789698347e-01
8.297682013726329631e-01
8.711586191244017341e-01
8.453140545954923590e-01
8.716987452126790936e-01
8.418515097774924572e-01
8.620613674662147563e-01
8.165950086066836588e-01
8.625937770554896744e-01
7.967869675511938254e-01
8.680325266796067307e-01
8.423162600998239657e-01
8.634985848034897327e-01
8.225643348350187845e-01
8.120091356332536092e-01
8.217077917820945210e-01
8.008092820380672272e-01
8.663410906950254065e-01
8.660671140943385637e-01
7.977876735974647193e-01
8.049114399705609157e-01
7.915987725995913271e-01
7.745099221262834455e-01
8.103052751732783276e-01
7.863274536783626534e-01
7.710187270440070906e-01
7.657834036103507991e-01
7.598288203588674516e-01
7.561932827162674009e-01
8.151107554243620656e-01
8.059810343927383824e-01
7.767817594073309628e-01
7.738429877948461710e-01
7.709233028047596248e-01
7.959773757991822629e-01
8.010179093207766554e-01
7.498882354457835353e-01
7.674107736892842313e-01
7.927028109051731386e-01
7.739169311358160552e-01
7.889136568056839272e-01
7.816931882569965184e-01
7.532722424517530602e-01
7.667214639167161394e-01
7.308913591554320188e-01
7.505938856676456217e-01
7.888910686846382081e-01
7.284966315856632457e-01
7.548111547260027976e-01
7.781335937454175733e-01
7.862087477448979067e-01
7.976024775724798177e-01
8.244535284922103191e-01
8.490324796577838340e-01
7.915440145251937398e-01
8.080200749145428629e-01
8.037318819539007730e-01
8.914664062070962736e-01
8.782625888904829203e-01
8.612319752490393832e-01
8.508741674915989428e-01
9.023607393313440861e-01
8.970735208409326145e-01
8.821584500995260925e-01
8.827630964611481446e-01
8.807989943261061994e-01
8.750280823343504766e-01
9.066544026613618801e-01
8.705461578492752484e-01
8.868369995167362241e-01
8.836060907881014836e-01
8.598626751654141476e-01
9.044608425124653905e-01
8.980866193853788149e-01
9.126403335798707328e-01
9.264490123737685323e-01
9.230817354368439087e-01
9.130656477483166666e-01
9.103710524155727013e-01
9.341403965118632025e-01
9.457279488219729746e-01
9.125071286579019558e-01
9.768924838318931991e-01
9.479404821918647750e-01
1.002201420806907661e+00
1.028454353173678282e+00
9.675286139867037560e-01
9.855538817520965722e-01
9.611766593798529712e-01
9.548583722460037837e-01
1.014577844892340597e+00
1.016073933624175307e+00
1.006166876154028555e+00
1.034304876336383128e+00
1.044705308093841989e+00
1.043769689500389175e+00
1.031637706854184877e+00
1.031303236120433953e+00
1.037069767068612425e+00
1.071531590267249978e+00
1.070461892754731803e+00
1.102844777602105086e+00
1.016981322093879037e+00
1.071603446019049111e+00
1.117648551498219289e+00
1.087773018301702033e+00
1.084461631265662529e+00
1.114887668112296781e+00
1.123737268520292210e+00
1.096933602517653705e+00
1.108939350297259097e+00
1.120840485989599289e+00
1.104833521182273293e+00
1.124999290490685810e+00
1.158528072441327161e+00
1.078254665228076892e+00
1.103424327955058404e+00
1.133015760201304900e+00
1.111137519526502082e+00
1.089932714292170202e+00
1.134960380191803786e+00
1.121911548712736018e+00
1.081723778103819367e+00
1.099106900897722783e+00
1.089826431305350507e+00
1.066155088151912844e+00
1.092805976208254481e+00
1.102921416470861171e+00
1.119355346261448281e+00
1.093938498781610758e+00
1.113686553535717216e+00
1.112333437313536733e+00
1.128447726850166921e+00
1.066137649374483187e+00
1.099621163408444513e+00
1.082003019984404402e+00
1.140001339908431888e+00
1.067610622362454187e+00
1.073998420312597180e+00
1.109617757266402105e+00
1.095077408541233366e+00
1.100329302755490124e+00
1.078444404173773519e+00
1.071140552557912518e+00
1.122293141799254323e+00
1.145345804468432149e+00
1.107024011021775944e+00
1.066229333184242511e+00
1.066832580231027894e+00
1.112923740848969612e+00
1.126027671945503350e+00
1.087992179788338065e+00
1.106475947313681596e+00
1.114504972635949942e+00
1.088967644510417720e+00
1.070730631065811789e+00
1.080110397420461332e+00
1.081020699227870363e+00
1.079716342042702948e+00
1.049030911068878913e+00
1.046527147376544065e+00
1.081477079843766065e+00
1.048060302912295016e+00
1.073229324161626419e+00
1.076245582300717540e+00
1.044903637676529273e+00
1.062523742899897039e+00
1.061690858656468395e+00
1.074016999787530846e+00
1.063829459728552251e+00
1.077732364321617675e+00
1.040291743817751247e+00
1.042029958936527834e+00
1.015810295613145620e+00
1.076613825275048786e+00
1.055412718917197124e+00
1.042606443125959625e+00
1.044273529850449966e+00
1.089348870557986126e+00
1.051635656819949860e+00
1.057302369072740111e+00
1.072652193956197042e+00
1.054762754716027429e+00
1.054301684039410603e+00
1.052232787645261070e+00
1.048173090306646627e+00
1.055688043780559360e+00
1.077436305201994626e+00
1.098236492265720399e+00
1.059354524875651293e+00
1.046272166916388358e+00
1.046585943336199032e+00
1.053524678396351000e+00
1.064687050706889071e+00
1.035464278040606034e+00
1.049689395369118206e+00
1.050725414439693139e+00
1.029501224762250144e+00
1.043201452712360089e+00
1.042325945744612570e+00
1.069546370341592834e+00
1.053061639809592664e+00
1.047995552646246775e+00
1.061749668181954709e+00
1.034951098476691422e+00
1.032965538777146364e+00
1.038800797798791642e+00
1.082043658374057138e+00
1.056250185134109065e+00
1.079244152020376379e+00
1.056556699733442128e+00
1.060358571850742226e+00
1.026932222990762700e+00
1.045334234656654759e+00
1.046220040871685075e+00
1.060814814849039056e+00
1.044718141780291987e+00
1.046656254503806061e+00
1.021405217607527005e+00
1.041569002687341650e+00
1.052715884820259351e+00
1.057412118102040388e+00
1.040901155598987549e+00
1.047000879132846674e+00
1.044992660010041652e+00
1.037750791446156118e+00
1.005822793241749835e+00
1.026168471089947909e+00
1.041878871526872974e+00
1.010575143727170611e+00
1.034818714159757347e+00
1.053760581480453373e+00
1.032268309090147440e+00
1.042573965191394336e+00
1.039911178031843519e+00
1.035230222984810489e+00
1.054179939022500623e+00
1.057876559921560045e+00
1.041774359105984926e+00
1.077876004844275037e+00
1.044487995026212701e+00
1.036198883751404898e+00
1.054094300658786176e+00
1.017783171580874724e+00
1.066846328024116275e+00
1.049393763951167236e+00
1.071903095815666562e+00
1.057790371367380855e+00
1.045059466660007708e+00
1.039846723738925283e+00
1.058213144610148371e+00
1.082570652271881206e+00
1.061243586486977808e+00
1.060499637125433381e+00
1.049559101791721405e+00
1.077433332877506977e+00
1.046548544408018033e+00
1.058781654031284658e+00
1.095166388140672797e+00
1.060104405000660943e+00
1.031508352434612030e+00
1.007760099009056054e+00
1.067149763089636716e+00
1.038469641752620687e+00
1.055066742808838498e+00
1.018888378918825888e+00
1.022537517437865029e+00
1.022792241674127300e+00
1.028534342060139384e+00
1.024500013755117900e+00
1.024125663461364022e+00
1.030704930318457446e+00
1.017037708977237109e+00
1.038319427087071034e+00
1.016909763953569801e+00
1.040445194097944004e+00
1.036129098570989671e+00
1.031240169955715436e+00
1.015123042865682335e+00
1.056669783305478116e+00
1.052926826873279653e+00
1.038636096775435114e+00
9.907756710372782605e-01
1.021381406622258847e+00
1.012242245112739525e+00
1.008662986309414977e+00
1.010305247837052667e+00
1.018276000709442464e+00
9.974503592590356904e-01
1.028044912698112601e+00
1.002731970472998446e+00
9.812672395402067815e-01
9.951506552295400487e-01
1.004983001982925339e+00
1.009669936531050860e+00
9.627923100569034665e-01
9.897479714173190724e-01
9.991849460967405783e-01
9.999092688550927921e-01
9.886566361391155855e-01
9.855134354984814715e-01
9.610762293370774811e-01
9.875469409374658669e-01
9.951518897740985192e-01
9.640271059846607926e-01
9.916169232431335523e-01
1.009770235771799918e+00
9.905539167773478315e-01
9.763251947449449464e-01
1.002737656556965451e+00
9.494476145588471860e-01
9.884157201052029551e-01
9.920345414572293574e-01
1.033325773939830494e+00
9.957328239650926616e-01
1.013377642253785682e+00
1.017399115530633003e+00
9.909951517365757079e-01
1.019562841401357334e+00
9.985504380537969515e-01
1.032694453755449215e+00
1.021164407741295577e+00
1.017774702828899702e+00
1.000625151677186908e+00
1.034106728555207910e+00
9.927051255866613522e-01
1.026787273329637040e+00
9.899979897257851214e-01
9.964668821488760209e-01
9.867944104236031633e-01
9.962870796700393772e-01
1.003435815583695767e+00
1.012822249797008523e+00
9.994046988872082871e-01
9.671529334154206348e-01
9.878618095331768156e-01
9.736095230782202403e-01
1.004428716883090988e+00
9.887059333271128736e-01
9.780378660688965331e-01
1.004614102699661116e+00
1.002360006416900040e+00
9.769362773012975065e-01
9.873035949237406461e-01
1.005703496199000124e+00
9.958744635475752505e-01
9.756073522669702625e-01
1.013824157571288742e+00
9.890018178293310536e-01
9.706001473955194747e-01
9.674943645225788647e-01
9.995322120016463252e-01
9.656418729608280405e-01
1.005642364919100418e+00
9.826511122267103104e-01
9.926292757161890856e-01
9.954283283771617752e-01
9.491981026195089877e-01
1.006638109835291894e+00
9.822838644252708251e-01
9.888245749835126164e-01
9.533962646418295828e-01
9.616074656220057193e-01
9.933053038614176877e-01
9.990365155458682533e-01
9.892051146348103119e-01
9.632410755126543656e-01
9.606961864387381089e-01
9.717278491509325766e-01
9.554072371172148692e-01
9.661594023069590698e-01
9.674984264368694520e-01
9.820238885561632936e-01
9.760457584581314627e-01
9.829969690276116889e-01
9.634958836839054852e-01
9.609802300661637320e-01
9.957534115873009073e-01
9.797210588625667738e-01
9.782900456228219577e-01
9.964717240956604272e-01
9.772183484678119703e-01
9.749083669759418536e-01
9.871994861252408882e-01
9.828843764912816861e-01
9.722094968005196014e-01
9.743109936271954208e-01
9.571418215310315558e-01
9.920042357068475924e-01
9.685579416661148633e-01
9.969089348242051729e-01
9.594853460280677870e-01
9.803631121704855511e-01
9.821686405879817006e-01
9.706359375634187048e-01
9.548711066917803247e-01
9.693347359545221309e-01
9.606857828795605236e-01
9.644173838040260849e-01
9.664292524943677298e-01
9.599607113557852012e-01
9.811815207782306203e-01
9.639611042247007155e-01
9.808571647415206263e-01
9.427630825474588860e-01
9.987085760296915415e-01
9.807704721319608909e-01
9.706142828854888993e-01
9.789692063744227513e-01
9.711384530936033599e-01
9.864623900951676738e-01
9.702039691850006253e-01
9.737407381107010540e-01
9.713154822349482354e-01
9.560242168875521251e-01
9.438638055449489750e-01
9.738547480042412108e-01
9.746868058707431892e-01
9.629662838598636032e-01
9.589708825883086485e-01
9.588178794581185826e-01
9.325520571319279028e-01
9.627128816450516435e-01
9.813302631952312005e-01
9.659599189431985478e-01
9.653794158183747198e-01
9.735282692345121891e-01
9.602600341927891581e-01
9.632427203269749993e-01
9.632538101546117559e-01
9.557963531646777033e-01
9.769862068113317477e-01
9.656157286039277476e-01
9.966198378990033246e-01
9.683243981877506235e-01
9.570488892847223150e-01
9.580230909746095813e-01
9.850650293997429419e-01
9.776758764668286306e-01
9.670517904169082524e-01
9.670226113749101904e-01
9.612519510230620456e-01
9.663837794387795110e-01
9.455970695866577902e-01
9.575734036619868439e-01
9.513010620738598933e-01
9.864494404299659625e-01
9.631622232096269665e-01
9.599229601009606760e-01
9.889741136107377262e-01
9.735144127438413175e-01
9.740008148710560532e-01
9.677744401685376419e-01
9.688243178053598248e-01
9.656013120321661480e-01
9.586907660246610785e-01
9.304004615900490771e-01
9.495627078543666943e-01
9.375872563786374903e-01
9.230998948984461272e-01
9.485356214455211710e-01
9.433879497036873341e-01
9.287991417813068473e-01
9.329756020471352551e-01
9.393034253734772188e-01
9.103627388104745810e-01
9.219367790217984915e-01
9.039578791710474182e-01
9.059778049883051576e-01
8.984978491543507140e-01
8.985515558883643283e-01
9.110757532226917421e-01
9.130507067324938886e-01
9.098705392435566530e-01
9.128959697639904558e-01
8.978975911129062348e-01
8.664093373473026327e-01
8.904185852497970011e-01
8.969578085830641756e-01
9.097617103135962058e-01
8.739882498492536067e-01
8.789460966595035174e-01
8.536519089466046983e-01
8.672950674755135481e-01
8.596039279087291929e-01
8.567764773411538082e-01
8.677304616659613501e-01
8.602558565816266212e-01
8.445882109794055070e-01
8.498468691833638289e-01
8.383633454644131566e-01
8.376514340087711785e-01
8.281110313928596867e-01
8.170869637247704098e-01
8.118577238503507099e-01
8.032770423302484364e-01
8.095406738221874177e-01
8.397821818259353366e-01
8.177894430997204589e-01
7.953921288300531689e-01
7.820983801062832974e-01
8.157827058034354817e-01
7.820794201888565667e-01
7.534942388130863034e-01
7.840360203240358539e-01
7.735443032944002706e-01
7.887643953792026208e-01
7.674701210205292501e-01
7.600278653414361818e-01
7.702677700770165226e-01
7.367571186043576636e-01
7.525316190703755792e-01
7.703448869583978675e-01
7.679907406785272395e-01
7.732417714312459500e-01
7.413747854515447822e-01
7.521288522188422920e-01
7.628336876323908999e-01
7.478560825327255079e-01
7.561217448224659687e-01
7.426565492861755269e-01
7.432543007678642510e-01
7.576637710849726259e-01
7.579055466037794009e-01
7.347439521344365509e-01
7.291938085452929208e-01
7.446031935083843312e-01
7.278997027179325841e-01
7.089161873890351684e-01
7.136291783186082816e-01
7.264348478872654225e-01
7.433875450545793795e-01
6.960938335342582439e-01
6.876086417923585881e-01
6.984967775855155381e-01
7.050138235700651457e-01
7.010265096265028140e-01
6.993603418401150851e-01
6.993868433857606259e-01
6.836480644802428452e-01
6.809561342471130985e-01
6.615116291554415939e-01
6.787954459922224126e-01
6.740022182468636824e-01
6.649885071910163203e-01
6.626595613965515774e-01
6.690832643757896880e-01
6.714161391647656130e-01
6.540718528096589601e-01
6.445895274504163108e-01
6.645938876854836641e-01
6.596014349805825461e-01
6.358739722883329781e-01
6.412092582603466928e-01
6.423704456058010326e-01
6.523994510387411960e-01
6.535292041561802101e-01
6.524435520656703957e-01
6.490095410230776185e-01
6.454418957613824448e-01
6.480345011048552761e-01
6.373249986000751877e-01
6.215583491263312332e-01
6.267982219291646784e-01
6.235975688011773377e-01
6.198296655238108022e-01
6.422337465427560010e-01
6.240184079594067734e-01
6.050142403256905110e-01
6.306082636029496369e-01
6.102336523894894560e-01
6.199759152783401728e-01
5.957092210871272053e-01
6.109930511142097620e-01
6.080199054499672018e-01
5.999517973616697031e-01
5.970111944543801119e-01
5.971888869927582943e-01
5.849605861626100411e-01
5.882544673845626626e-01
5.693545232078182083e-01
5.763066935132413748e-01
5.842076198024903633e-01
5.784029958557054263e-01
5.964279763552248204e-01
5.829781110982437120e-01
5.763760591004116751e-01
5.612209923631515940e-01
5.765054324619006687e-01
5.695399617402744363e-01
5.674149830300131425e-01
5.666698984021837360e-01
5.568871837319931961e-01
5.666888091995062604e-01
5.558522159974007559e-01
5.573100236878201219e-01
5.459906504882001688e-01
5.400035119330143241e-01
5.382338746228968462e-01
5.444370013812561693e-01
5.646286137443438102e-01
5.373991524459222902e-01
5.461132456228093845e-01
5.375125223022522158e-01
5.314850959251102847e-01
5.232129348452883022e-01
5.298842379207615583e-01
5.130097903692103500e-01
5.207335391692100579e-01
5.264402640846952419e-01
5.053122500833046038e-01
