0.000000000000000000e+00
0.000000000000000000e+00
0.000000000000000000e+00
0.000000000000000000e+00
0.000000000000000000e+00
0.000000000000000000e+00
0.000000000000000000e+00
0.000000000000000000e+00
0.000000000000000000e+00
0.000000000000000000e+00
0.000000000000000000e+00
0.000000000000000000e+00
0.000000000000000000e+00
0.000000000000000000e+00
0.000000000000000000e+00
0.000000000000000000e+00
0.000000000000000000e+00
0.000000000000000000e+00
0.000000000000000000e+00
0.000000000000000000e+00
0.000000000000000000e+00
2.853526203407103501e-01
0.000000000000000000e+00
1.194279071854447594e+00
0.000000000000000000e+00
6.085864957650906071e-01
1.878424700581702578e-01
0.000000000000000000e+00
9.744376308885445148e-01
0.000000000000000000e+00
1.418072677938242432e-01
1.329472906995512738e-01
1.248924217142831639e-01
1.175479906185220025e-01
3.324985307302416038e-01
3.140312756513334858e-01
3.960811452715198855e-01
0.000000000000000000e+00
8.900024385261152970e-02
1.691023646283119353e-01
3.217102901138499949e-01
4.595905760548440466e-01
2.191091074437518382e-01
4.880198328145087805e-01
2.664764076166065143e-01
5.097846844792311982e-01
3.660712974372409834e-01
2.923504833893958432e-01
2.804195014967859056e-01
6.460901935724077116e-01
5.690269152448307333e-01
5.968843801622182310e-01
2.871815825946785194e-01
3.687286217888094964e-01
2.664913597211741592e-01
3.854622616289454240e-01
2.479591214864136917e-01
2.793112804605248356e-01
3.469423161306189329e-01
1.863214783977815148e-01
3.243836408080381650e-01
3.139205745759298116e-01
5.065928207345733458e-01
5.561981842616839922e-01
2.853983462633659651e-01
6.457513614065596430e-01
3.281544379692653557e-01
2.605938078654647105e-01
4.498504902039553999e-01
3.277488795080210071e-01
2.123447572463634803e-01
2.580583454473249216e-01
3.764830532176097755e-01
2.686262064872112498e-01
3.803102126359365620e-01
3.934465490330182336e-01
3.155993154739329953e-01
3.075074744312077391e-01
2.569053395873168721e-01
3.131038060328311667e-01
2.850150291536406311e-01
2.979254913528591175e-01
3.101300431265518465e-01
2.838247007787159104e-01
3.140996888573657220e-01
3.067953780043563006e-01
2.468471146155810925e-01
2.412371971690502326e-01
3.705685771407561391e-01
3.623340625473971399e-01
4.026943189253189281e-01
5.672742381196944628e-01
3.700501782656691052e-01
3.169049366173749549e-01
3.250065267095803567e-01
3.471663325865861349e-01
6.091819318373606906e-01
6.245059012786301489e-01
4.759144863586027840e-01
3.997684432300875335e-01
4.702229972229439170e-01
4.738088822358923480e-01
3.641530012996742061e-01
4.310434376089759545e-01
7.248571491942858991e-01
5.215327397847587809e-01
5.117847507612398594e-01
4.680592881512353198e-01
6.723970061090610573e-01
4.621203621063568745e-01
5.618403098319256772e-01
6.685362714961451402e-01
5.733130881163895909e-01
6.759062688236864291e-01
6.540887718801157158e-01
7.713739932580330194e-01
6.998662494217355867e-01
5.924482298843201100e-01
5.167262003629790046e-01
5.820218323099777269e-01
6.541735515186580807e-01
6.255760360575263190e-01
5.714468443727424019e-01
5.449307716413158698e-01
6.383476985643776747e-01
5.193247388114358154e-01
5.606123636147666289e-01
5.843149147553751144e-01
5.353076216896848205e-01
7.552080480134734097e-01
6.352252827666426960e-01
7.247814642171505062e-01
7.213972565191383302e-01
6.143991435136271217e-01
5.980043655327884622e-01
5.820248513537746859e-01
6.372536557799477475e-01
6.140622970839632044e-01
5.020633249711865531e-01
5.898017393311678624e-01
6.683171246898410578e-01
5.798358404499203145e-01
6.237015069782143595e-01
7.047323321848258937e-01
8.340144496808720165e-01
6.792597376984934598e-01
7.253408601221071894e-01
6.367085272230329496e-01
5.982497459264508599e-01
6.552032537888204944e-01
6.698233978520484744e-01
7.242371093132761173e-01
7.317884288039149254e-01
7.894741027653019438e-01
6.355890813903705139e-01
7.692967549685160167e-01
6.733128809228754452e-01
7.817930959653630607e-01
7.089422611447623312e-01
6.948948167776018980e-01
8.245395063524297852e-01
8.497670988192801422e-01
7.643995116717182681e-01
6.613098658463947288e-01
8.775592219147437811e-01
7.706545314771833244e-01
8.423266793442473199e-01
7.147427298733409762e-01
8.782088116977169179e-01
8.403254103966580901e-01
7.760383258367410386e-01
9.284915111959841649e-01
9.088904020945460793e-01
8.107904771094552876e-01
8.405174806629006623e-01
8.695162296485087206e-01
8.978056849188705835e-01
8.709686894467016938e-01
8.695184253783303507e-01
9.417483723000139584e-01
8.463068071968289363e-01
8.850646347169875972e-01
9.268855348085864865e-01
9.011388124265351518e-01
7.479982402407391318e-01
9.048158394412922911e-01
8.685880315723450984e-01
8.368321575439282567e-01
1.050750920652135711e+00
8.486519525419922161e-01
9.270140030421872845e-01
9.281501384189750903e-01
9.790555209946472104e-01
8.385927879333754387e-01
9.346127412972592419e-01
9.112688558874881828e-01
1.014769659698812942e+00
8.827596034121037993e-01
8.939770955878578729e-01
9.049258803915298799e-01
9.943746534192020592e-01
9.357903594277683368e-01
9.941332809036075302e-01
9.748297997395588554e-01
1.015793554816624589e+00
1.055915736172619468e+00
9.900248345698703378e-01
9.713132002166310341e-01
1.046991643131933269e+00
1.006961808433201710e+00
9.884851240490890589e-01
1.076485993059375090e+00
1.083907722925988582e+00
1.073777818285299723e+00
1.020778912352088064e+00
1.031212973218419204e+00
1.080815892917823096e+00
1.154564300388240206e+00
1.080463718470091372e+00
1.076117815527330546e+00
1.104367324753799950e+00
1.080973196911747092e+00
1.164548945847297512e+00
1.014174102073464256e+00
1.104628167949285533e+00
1.105230512810516208e+00
1.139209713624227627e+00
1.073138228092461954e+00
1.215371493340915876e+00
1.052011033746264701e+00
1.109946519768451934e+00
1.083146203384364847e+00
1.042121515481797545e+00
1.185656039189786792e+00
1.079600887341717330e+00
1.106133508344347982e+00
1.120386181492958322e+00
1.120326774378854973e+00
1.103993765963532825e+00
1.110893781249953527e+00
1.076584896598843155e+00
1.183052096382567031e+00
1.186775691134428268e+00
1.183723207089666385e+00
1.110060691417570577e+00
1.184215504959297505e+00
1.152914628158179688e+00
1.107004007139734236e+00
1.269024901305016106e+00
1.057537887999886239e+00
1.135310864658294117e+00
1.170101083783194662e+00
1.150505052744474899e+00
1.079857191620841705e+00
1.075461484783868604e+00
1.168106784536749654e+00
1.193105226168564181e+00
1.122176481928277347e+00
1.117459690510208548e+00
1.124536877120742684e+00
1.222845889820267429e+00
1.167208738463678674e+00
1.072175693917993611e+00
1.200860028462899409e+00
1.116366788667126020e+00
1.098615212252140205e+00
1.227845136960225014e+00
1.216838461595746601e+00
1.151061782323103522e+00
1.182496931734600576e+00
1.235072947700175394e+00
1.245679025903084325e+00
1.220563300959474073e+00
1.310420685266238783e+00
1.278129190409066807e+00
1.248009330693440777e+00
1.163070989305140301e+00
1.322598198271585312e+00
1.236575439830947865e+00
1.210854999440164059e+00
1.294458645601843427e+00
1.396824285092340023e+00
1.315869380426752056e+00
1.285263743722097507e+00
1.246905434767251242e+00
1.314257401077938425e+00
1.150801449111679808e+00
1.270498050935364276e+00
1.310842492337504162e+00
1.188465160348131988e+00
1.217816423513649049e+00
1.329025432816023367e+00
1.245937531238137330e+00
1.203768531725632362e+00
1.257973710886231444e+00
1.317462223795761833e+00
1.277076238203516789e+00
1.331110720439696804e+00
1.354780971832032277e+00
1.267798636064584095e+00
1.392324991215177832e+00
1.386006962102124485e+00
1.339373283522370617e+00
1.334858403588811804e+00
1.313299527657647792e+00
1.229797220049721584e+00
1.287790046398416877e+00
1.238966072987685463e+00
1.279463954555438487e+00
1.346958581608773242e+00
1.287665649367493392e+00
1.331077333809377095e+00
1.330677727494671059e+00
1.268508615552666363e+00
1.272458949451169552e+00
1.334650185363503772e+00
1.356520952042484573e+00
1.257687199284704072e+00
1.313527637234537249e+00
1.309195298833070842e+00
1.335715576562491069e+00
1.303168304976384695e+00
1.381354558297063662e+00
1.318620550889297416e+00
1.256632415426945482e+00
1.365970661097783978e+00
1.348953124883695898e+00
1.322277443580695211e+00
1.374144169124095205e+00
1.281971468741435638e+00
1.345485442186713954e+00
1.298963468286848055e+00
1.319801360272679691e+00
1.294105908268163407e+00
1.276947259128182299e+00
1.262314015038794590e+00
1.255987668412611002e+00
1.314574067606035346e+00
1.272277033038450744e+00
1.362084846914538572e+00
1.266478119352119069e+00
1.295271565058695451e+00
1.294466855040132147e+00
1.238862314582887869e+00
1.317275650919148333e+00
1.357184938911791816e+00
1.380129793752030043e+00
1.302277116230711185e+00
1.270916652521309809e+00
1.285255219527124959e+00
1.299409694015791317e+00
1.355026353527786442e+00
1.312311722095759192e+00
1.315454974907270369e+00
1.248205692583298720e+00
1.278773605084656984e+00
1.281990112830125428e+00
1.214957702548839613e+00
1.253355103179854213e+00
1.246392037232326944e+00
1.266895635711558388e+00
1.198314763785278236e+00
1.256970551101128208e+00
1.242076506656745849e+00
1.295842576937711765e+00
1.231483199289482355e+00
1.250308683979599156e+00
1.216162107894845246e+00
1.250375246120799755e+00
1.203032256796790156e+00
1.282083209546050151e+00
1.209232186451631996e+00
1.189437334031913318e+00
1.279538612759673510e+00
1.274595745177083739e+00
1.223840091185694368e+00
1.223862443187394788e+00
1.207203530308511352e+00
1.257927902211034787e+00
1.233902531595542085e+00
1.216490620712268989e+00
1.239128233920447464e+00
1.253397272238026217e+00
1.245972148056536666e+00
1.165433010483889031e+00
1.292556208304633136e+00
1.244367975100400647e+00
1.198416519535738578e+00
1.253441116101923880e+00
1.234838760413717651e+00
1.164500870261265586e+00
1.135319501758689009e+00
1.243437986033373965e+00
1.163852820842592672e+00
1.117270247778968439e+00
1.168980036687090607e+00
1.174839374725838992e+00
1.176450258190736342e+00
1.126522528979313265e+00
1.157260987712158240e+00
1.149021647761259146e+00
1.180951544967995703e+00
1.114015352231842559e+00
1.191151784337565633e+00
1.053841715530872580e+00
1.148139789281356959e+00
1.176030267344165159e+00
1.152786918661351523e+00
1.094180127376821909e+00
1.071534481156582563e+00
1.146959699136916422e+00
1.221639978895370460e+00
1.189362694872529547e+00
1.162784098960936818e+00
1.167930513282123384e+00
1.186769185054662223e+00
1.168148530231920112e+00
1.155747442525521196e+00
1.100515480412569191e+00
1.131259332725764510e+00
1.140061344721680081e+00
1.090846155726183708e+00
1.137423146351388858e+00
1.126173311072336203e+00
1.076946561643178146e+00
1.095208291749619978e+00
1.048738216773073884e+00
1.047446976726029488e+00
1.088548677530816411e+00
1.126395993122228045e+00
1.095542384518716883e+00
1.135818136646072674e+00
1.043116531465866359e+00
1.130276117446126882e+00
1.105512855602928557e+00
1.129656971122008136e+00
1.127256597609264110e+00
1.130380392213813368e+00
1.120427790810556434e+00
1.116017943522108258e+00
1.074921944847003097e+00
1.063289817332583986e+00
1.063205795527619957e+00
1.132197212378015960e+00
1.105741704702770223e+00
1.096794885013451903e+00
1.017771531276365105e+00
1.113364875113829422e+00
1.080859400275268056e+00
1.042102378322282474e+00
1.034880886103184405e+00
1.043892438738325046e+00
1.074721095806760784e+00
1.093721365155897018e+00
1.035905099178731970e+00
1.103849474151337384e+00
1.149664650640093821e+00
1.122583413368212213e+00
1.115181732992436059e+00
1.040976356374908374e+00
1.068810695416471113e+00
1.030734499829443429e+00
1.037383699067596643e+00
9.985227569015882043e-01
1.014406101894628431e+00
1.022837908187130607e+00
1.012395206020458405e+00
1.029799560460925356e+00
1.038631414407606091e+00
1.037204223688181104e+00
1.011345379384080312e+00
1.051567685672009533e+00
9.945288809520282935e-01
1.023873237831142591e+00
9.685840890515179380e-01
1.026948196399719793e+00
1.029614901673299165e+00
1.035721977165052987e+00
1.060207450889509184e+00
9.943934468417104933e-01
1.057685496884573473e+00
1.025982750052639503e+00
1.031934723590370195e+00
1.003968086000982529e+00
1.054343653992132035e+00
1.026497227264266954e+00
1.034544559261202146e+00
1.080820642063363701e+00
1.059261745382991560e+00
1.030161501014734915e+00
1.018288411080743305e+00
1.034901678809479142e+00
1.017105631614808603e+00
1.024905304223002300e+00
1.039107822449599761e+00
1.039216601549501684e+00
1.014697877247781488e+00
9.887686060361239315e-01
9.901145360532419559e-01
9.729348595647646647e-01
9.895905589097293564e-01
9.987619687047789574e-01
1.061667442699524733e+00
9.840779654693725398e-01
1.024239518256219172e+00
1.044973117152432129e+00
9.719408486705498618e-01
1.014727226304218410e+00
9.944131436079156616e-01
1.006776409523863602e+00
1.079782525957627914e+00
9.681594426684503318e-01
9.894991380279667403e-01
9.491249042479245057e-01
9.813228072047932571e-01
9.894341471615313299e-01
9.465383561334113072e-01
9.640666367056340835e-01
9.505370204681340418e-01
1.009941342392958630e+00
9.510376566515268415e-01
9.755294467905890610e-01
9.833967365587275022e-01
9.603874301417950621e-01
9.835843614997806794e-01
9.521355882656454828e-01
9.418591991799875052e-01
9.681613720327691963e-01
9.522204105747319458e-01
9.547442695115284650e-01
9.572423493445048059e-01
9.545777272295250526e-01
9.398295347701101088e-01
1.040601486538570652e+00
9.873002032200436373e-01
1.006619437945020845e+00
9.840780329679570393e-01
9.781365226927000167e-01
9.767818375531354125e-01
9.804164023087359459e-01
9.537607910801996214e-01
9.686883033469821935e-01
9.978439380082693155e-01
9.932821589067379886e-01
1.009216241940468439e+00
9.789184387589358050e-01
1.015094890863400989e+00
1.024593696115991603e+00
9.914806653283596560e-01
9.721461783647877830e-01
9.668761861123907897e-01
9.451552456006718783e-01
9.542704092220815060e-01
9.736486479047055109e-01
9.761470668049869737e-01
9.452736895482991564e-01
9.695693426088272115e-01
9.563313726785712676e-01
9.304933660917742433e-01
9.819575077985021050e-01
9.998736366954589228e-01
9.620029561487858372e-01
9.911082359799454622e-01
9.896710666428459868e-01
9.890658681099148142e-01
9.546300350236291976e-01
9.261862342410811522e-01
9.442264392367196724e-01
9.800950173885659700e-01
9.713680738848153862e-01
9.274311587394382661e-01
9.807383850106125012e-01
9.527615818302160866e-01
9.494418584286078433e-01
9.545335949538692466e-01
9.850775520075427671e-01
9.566550793328300051e-01
9.422686516404953361e-01
9.528112734777621773e-01
9.404901014369397849e-01
9.067155645081664828e-01
9.082815702977320438e-01
9.284946970999378157e-01
9.621260284451583766e-01
9.596090330524806866e-01
9.686488840442621928e-01
9.277624724854414140e-01
9.517449292902517843e-01
9.603219997788060569e-01
9.141676125366108296e-01
9.455041072230981891e-01
9.385390919763381135e-01
9.331188836704891187e-01
9.678053784203779486e-01
8.917629006203886544e-01
9.561071389403820175e-01
9.150845626769306129e-01
9.297619896398606754e-01
9.163450470901455258e-01
9.096197844133973032e-01
8.820803710837593625e-01
9.338460505418990643e-01
9.329293104041470608e-01
9.486760168989921693e-01
9.534825802739098632e-01
9.222683050860132070e-01
9.350102970416793724e-01
9.169207018245021379e-01
9.477579696182029112e-01
9.471364917779317993e-01
8.827995168052916730e-01
9.349533148094290036e-01
9.248696694489122461e-01
9.344756431571559219e-01
9.153653997470845294e-01
9.507000314523431639e-01
9.011052134243657807e-01
9.435136562930025450e-01
9.866779585216260973e-01
9.759324263162327817e-01
9.587405930823621469e-01
9.747846471469098217e-01
9.502067317571329941e-01
9.461431119746079865e-01
9.711924232102639998e-01
9.542645406799707963e-01
9.653376926275796244e-01
9.572376225623956403e-01
9.682212966447181213e-01
9.175394041955630131e-01
9.551192277480727855e-01
9.706225576606885008e-01
9.912995234373375153e-01
9.579289315888019907e-01
9.631042839151432444e-01
9.623623287914753188e-01
9.498971728837667383e-01
9.517887561607806246e-01
9.656372223530144128e-01
9.587484840617063186e-01
9.744091274708341910e-01
9.556649056988648638e-01
9.856099723343242358e-01
9.576986112953230768e-01
9.464712031379604040e-01
9.505066926662789628e-01
9.226324850148994727e-01
9.588041247678912304e-01
9.310669718762281111e-01
9.525956054877509072e-01
9.300271722207387182e-01
9.787703541230773352e-01
9.317714137182733225e-01
9.703172207802892579e-01
9.424083198280414075e-01
9.226480567024063495e-01
9.357567428106983165e-01
9.381004330141747838e-01
9.635483068865341449e-01
9.515287329083145229e-01
9.302028709563673337e-01
9.325179742082960743e-01
9.615668081312132021e-01
9.272043149735260670e-01
9.217267405607157960e-01
9.410018903545332991e-01
9.292707031291366215e-01
9.700147609733655862e-01
9.635723231789388166e-01
9.339118800089816208e-01
9.246722611322584218e-01
9.462044203641770679e-01
9.162634237220931288e-01
9.429199009598568937e-01
9.717342529451454824e-01
9.090103385074604914e-01
9.651322762571644676e-01
9.729198549449902256e-01
9.611703094154493421e-01
9.446282295473574786e-01
9.709130091020885533e-01
9.711903843150362370e-01
9.612658640653278797e-01
9.316274397506514315e-01
9.767746702896215050e-01
1.003405839618029649e+00
9.660528156920457077e-01
9.621280429755707519e-01
9.526557759030248596e-01
9.784773165347231405e-01
9.739850550187231226e-01
9.559955389093617306e-01
9.656162302016785270e-01
9.716114454396004296e-01
9.756534968771157779e-01
9.627586587403437202e-01
9.695144567414302195e-01
9.523642408608954391e-01
9.712711841986666483e-01
9.803596638492877435e-01
9.737986413584719392e-01
9.672710192124396311e-01
9.765489401750759857e-01
9.969661129904172636e-01
1.011947263466659086e+00
1.015441981223093038e+00
9.642008190963525793e-01
9.981123188069163099e-01
9.598161626933489066e-01
9.783408548515378778e-01
9.612150454325965043e-01
9.577331819422285619e-01
9.797349770319130347e-01
9.933169916545939726e-01
9.592692027385482101e-01
9.756596267312028781e-01
9.952956554144493095e-01
1.040445230675725030e+00
9.951290477291573344e-01
1.018104104932438414e+00
9.977444634889613972e-01
9.785074409384637573e-01
9.965247195844179062e-01
9.569748589107232029e-01
9.746934048761237701e-01
9.757680028182954546e-01
9.708340204750404157e-01
9.796333419668448173e-01
9.849005094678846550e-01
1.019387999897562347e+00
9.906401036929005643e-01
9.901524054732155911e-01
9.849919717388115892e-01
9.928520673469221069e-01
9.789015001834370233e-01
9.974587817883896479e-01
9.750515083662896210e-01
9.668302939834656495e-01
9.978378154297660174e-01
9.789774564901860820e-01
9.857183548648974503e-01
1.000817485942381291e+00
9.801759395434834765e-01
9.947243985122110610e-01
1.018473863226552423e+00
9.969904562092593014e-01
1.004974580093804137e+00
1.012204109171500610e+00
9.883081268020584842e-01
9.922484879955777437e-01
9.814080972218712784e-01
1.016641711005712212e+00
9.741013974995604841e-01
9.908038609672377151e-01
9.870204697785800452e-01
9.643004519363707061e-01
1.003247370291175500e+00
9.704811090766266579e-01
9.683824710867323660e-01
9.788704565190124995e-01
9.851940402655663398e-01
9.948936773587290228e-01
9.891090648331878343e-01
9.969303994903276900e-01
9.821348305239763210e-01
9.955552288816637008e-01
9.963275055862933494e-01
9.735760501351649054e-01
9.784156187415055106e-01
1.003724574307557571e+00
1.007343163316837487e+00
9.850067349239048919e-01
9.959437940771784792e-01
9.876371946200135366e-01
9.982845493951345572e-01
9.693874845536779583e-01
9.957743305090025476e-01
1.013947389677603894e+00
9.908822097210597812e-01
9.887757324419134131e-01
9.927406514803778226e-01
9.938738881056572438e-01
1.020207009505386120e+00
9.954685903740506658e-01
9.695667296196087692e-01
9.996000037972667673e-01
9.710401990844255149e-01
9.966564535463035002e-01
9.760935645392315729e-01
1.008122542520035303e+00
9.842502505939744184e-01
9.853447803050366938e-01
9.713065050553331137e-01
1.003641625291050277e+00
9.912936758789812064e-01
9.988098509374285783e-01
1.007532897363157876e+00
1.001273978644673601e+00
9.648339772991819663e-01
1.019387032502372836e+00
9.939890582370601857e-01
9.746702168589059800e-01
1.002766066586014304e+00
9.829022504343623012e-01
1.003086264489090551e+00
9.924639343401326919e-01
9.918297511269875688e-01
9.881607715239077994e-01
9.966164540282627105e-01
9.752308797954687414e-01
9.718217171559979661e-01
9.976755078968430057e-01
9.802329317164490963e-01
9.822102553865298402e-01
9.841749192720229411e-01
9.893010143071007123e-01
1.021114258313308598e+00
9.856507586949198041e-01
9.869853629569663722e-01
1.007954936699561266e+00
9.900182230840756104e-01
9.948425064348699332e-01
9.877445776806186295e-01
9.808727112974447992e-01
9.870338659842946560e-01
1.010779804797779180e+00
9.778207068929914980e-01
9.902939653377970108e-01
9.592671291858485549e-01
1.002588871676962867e+00
9.787531261923435588e-01
9.882308853933821080e-01
9.710103481672783809e-01
9.758980013578990587e-01
9.733710767149876819e-01
1.008840898945419617e+00
9.653284147186963482e-01
9.929309551970878500e-01
9.853100311393214739e-01
9.795945353199965178e-01
9.841747073020499226e-01
9.782971714635755323e-01
9.707719677934306679e-01
9.712529271352819960e-01
9.850478441390519979e-01
9.480240666616138734e-01
9.829762317391457227e-01
9.529224849311064283e-01
9.488452194234047177e-01
9.325359394223904363e-01
9.551486347872488736e-01
9.236114967692757860e-01
9.272548952350601059e-01
9.547845269617177832e-01
9.469499976973859701e-01
9.487031970450903184e-01
9.256279407098672030e-01
9.164729544372478554e-01
9.377883249297179757e-01
9.136414535619745703e-01
9.154389209739118849e-01
9.069156854415258984e-01
9.111983299473559450e-01
8.945804526493521536e-01
9.076932376882698161e-01
8.920358904420492285e-01
9.042107601963776942e-01
8.742535903028317845e-01
8.764391732256265888e-01
8.801829034977473043e-01
9.013171559033069657e-01
8.860486419963438109e-01
8.807259915450670329e-01
8.690278396952763051e-01
8.765296094020306183e-01
8.826179179168718303e-01
8.761402606317406638e-01
8.732878293428693040e-01
8.598475889146297568e-01
8.422022988532029686e-01
8.595193783099585039e-01
8.436482076893258020e-01
8.754474896172474985e-01
8.775231875884342836e-01
8.598572600840023172e-01
8.328467455652798224e-01
8.266041657836444845e-01
8.359645705479465949e-01
8.387631786329222683e-01
8.268737957171373720e-01
8.275132550451275160e-01
8.269858028708469977e-01
8.107244531353036132e-01
8.001523726978941875e-01
8.359576868818054951e-01
8.209305002527901296e-01
7.925080820972804085e-01
8.426621575509058992e-01
7.937230033984712385e-01
8.098952487874842010e-01
8.027286018675368062e-01
7.877997814099453322e-01
7.849211211630440221e-01
7.820532682027552251e-01
8.056423996816325372e-01
7.816595320806498659e-01
7.842706786659170426e-01
7.916742166461139263e-01
7.774647912770846769e-01
7.663462079474155919e-01
7.654594759874790988e-01
7.598110825866815077e-01
7.754168723130571150e-01
7.623372314403000782e-01
7.605131711286386986e-01
7.568063891669347676e-01
7.356800447747204874e-01
7.353310179671955771e-01
7.421752048249450340e-01
7.447748380117353850e-01
7.307014970520846475e-01
7.207268840193574722e-01
7.284667339549166787e-01
7.163710227735680114e-01
7.211507044283543832e-01
7.379218222322004861e-01
7.042085062591967315e-01
7.203270980416325298e-01
7.193884558831989962e-01
7.036403105558212134e-01
7.057856519999002876e-01
7.006220180860057711e-01
7.091335890234496953e-01
7.064039510382851272e-01
6.822324172476849080e-01
6.926836902936530649e-01
7.011332601750855931e-01
6.801246877172821836e-01
6.851168306445757361e-01
6.764847504763707997e-01
7.050258371553937975e-01
6.813529963109681287e-01
6.803534706660381293e-01
6.750587998395705114e-01
6.665314777135690205e-01
6.727962414997132878e-01
6.500221010880788963e-01
6.759840135901783453e-01
6.776389005346810102e-01
6.463600297599211286e-01
6.486513750288243063e-01
6.497659041748951037e-01
6.399682542859702616e-01
6.496549189474242203e-01
6.355514983975648624e-01
6.324878620874626600e-01
6.297240428035232318e-01
6.311434709524051945e-01
6.334172045248631644e-01
6.312377840776561833e-01
6.013236622843359802e-01
6.197667662672816657e-01
6.274513364803800952e-01
6.221704086425735580e-01
6.136481985698994945e-01
6.177556473484226984e-01
6.187376863242931568e-01
6.185868252539766798e-01
6.066207208059593015e-01
6.081771442492528434e-01
6.147683975206421625e-01
5.919770058408836411e-01
5.878308090331760827e-01
6.084794673458292502e-01
5.891713483291355358e-01
5.957277620124439288e-01
5.762454959047261793e-01
5.623645180137541999e-01
5.685184942998307012e-01
5.676332689964409539e-01
5.909025486203454136e-01
5.717588632987327113e-01
5.573386190132885165e-01
5.709361332402813627e-01
5.750853526329541276e-01
5.691644939556789184e-01
5.452364998772990523e-01
5.452150954881292977e-01
5.581541514034707996e-01
5.610688504271013066e-01
5.554989848736914260e-01
5.585392188249405088e-01
5.550035364493952628e-01
5.235460210399400793e-01
5.429025343541202808e-01
5.435429736074931517e-01
5.510882819324587345e-01
5.208140663669772463e-01
5.324745664841599169e-01
5.368240795171582702e-01
