4.750358894753360003e+07
0.000000000000000000e+00
0.000000000000000000e+00
0.000000000000000000e+00
0.000000000000000000e+00
0.000000000000000000e+00
0.000000000000000000e+00
0.000000000000000000e+00
0.000000000000000000e+00
0.000000000000000000e+00
0.000000000000000000e+00
0.000000000000000000e+00
0.000000000000000000e+00
0.000000000000000000e+00
0.000000000000000000e+00
0.000000000000000000e+00
0.000000000000000000e+00
0.000000000000000000e+00
0.000000000000000000e+00
0.000000000000000000e+00
0.000000000000000000e+00
0.000000000000000000e+00
0.000000000000000000e+00
0.000000000000000000e+00
0.000000000000000000e+00
0.000000000000000000e+00
0.000000000000000000e+00
0.000000000000000000e+00
0.000000000000000000e+00
0.000000000000000000e+00
0.000000000000000000e+00
0.000000000000000000e+00
0.000000000000000000e+00
0.000000000000000000e+00
0.000000000000000000e+00
0.000000000000000000e+00
0.000000000000000000e+00
0.000000000000000000e+00
0.000000000000000000e+00
0.000000000000000000e+00
0.000000000000000000e+00
0.000000000000000000e+00
0.000000000000000000e+00
0.000000000000000000e+00
0.000000000000000000e+00
0.000000000000000000e+00
0.000000000000000000e+00
0.000000000000000000e+00
1.121678005987143678e-01
0.000000000000000000e+00
1.034594391354237697e-01
9.948073002703636258e-02
0.000000000000000000e+00
0.000000000000000000e+00
0.000000000000000000e+00
0.000000000000000000e+00
8.265304049547123055e-02
0.000000000000000000e+00
7.709829247347088632e-02
0.000000000000000000e+00
7.208525351289736538e-02
6.976012768353995197e-02
0.000000000000000000e+00
6.543508050137458731e-02
6.342185472519243361e-02
6.150012965776758406e-02
5.966444326713915558e-02
1.737292052436431589e-01
5.623131127549442498e-02
5.462481325133683452e-02
0.000000000000000000e+00
1.032233381789299798e-01
5.019774042901464089e-02
4.884112845222022409e-02
0.000000000000000000e+00
9.257565859600429270e-02
0.000000000000000000e+00
4.392963920445825537e-02
4.281755659788614304e-02
0.000000000000000000e+00
0.000000000000000000e+00
1.191701965411436637e-01
0.000000000000000000e+00
0.000000000000000000e+00
0.000000000000000000e+00
7.218714776573088854e-02
0.000000000000000000e+00
1.723122836921787415e-01
1.010641574020244016e-01
6.587892046316311256e-02
6.443109102805102961e-02
6.303047090218827364e-02
6.167502971094485087e-02
3.018142253498808797e-02
5.909209576537825109e-02
5.786105543109768684e-02
2.833404334127258978e-02
0.000000000000000000e+00
8.158534051861762726e-02
7.995368864601751224e-02
2.612349984571910727e-02
2.561129093166985768e-02
7.534200026889811830e-02
1.724173750435903929e-01
9.664761989257145136e-02
1.422362017594796801e-01
4.652588643283998848e-02
1.598251227833486499e-01
2.017191018327183227e-01
1.320343891732448371e-01
1.080462134292164839e-01
1.273402421897419368e-01
1.667819892702224194e-01
1.228920488770339076e-01
1.408806585587941695e-01
7.911528135979825627e-02
1.555258332048301273e-01
7.644493288829937172e-02
2.066904801451916185e-01
5.543065069618835494e-02
1.272004127952946484e-01
1.787360103021503888e-01
1.054978789611216716e-01
1.383951166073183192e-01
1.532034476554506308e-01
8.376205464700577086e-02
1.319087914387686300e-01
6.492387941726389389e-02
6.391732796294744001e-02
2.045355130036490554e-01
2.014128945357647471e-01
1.678441285555506424e-01
1.803493141297845825e-01
1.628527850277083910e-01
2.041966126209521781e-01
2.011937757766134593e-01
1.416119235066550519e-01
2.093394194604419889e-01
1.375515958825168639e-01
2.304972314627552477e-01
2.272278223945459474e-01
1.713151346783855500e-01
1.949067209306920012e-01
1.281331513063319882e-01
1.390024082801453453e-01
1.495617771079251757e-01
1.598208674845320865e-01
1.940445035346386182e-01
1.316149441038191870e-01
2.361092806446200010e-01
2.213329488554594826e-01
1.839332341113082137e-01
2.042200266429529953e-01
2.575589271432899841e-01
1.879132936284573507e-01
1.855041820491457050e-01
2.585521462743841647e-01
2.020961744672367111e-01
1.995541179518590114e-01
2.385459818788782382e-01
1.741263553787739948e-01
1.820929497469885860e-01
3.497252667779103263e-01
2.171465231137415797e-01
1.755118443829487562e-01
2.697290860170141746e-01
2.284275740594569060e-01
1.598766632611420824e-01
3.159693079124061277e-01
2.020454538658631449e-01
1.906059045914802463e-01
2.960407716856761073e-01
1.950789155715123291e-01
3.418467957542568048e-01
2.426236026655795852e-01
1.713332472213810465e-01
2.795055434181389353e-01
2.261168712986629248e-01
3.726507537335701503e-01
3.275646512347874517e-01
3.401424488255197498e-01
3.203853881328462272e-01
3.168839435243031022e-01
1.802277624853070304e-01
3.720613008451344461e-01
2.147020635962388346e-01
2.958509452517157912e-01
2.927036246117775686e-01
2.970320623751620537e-01
2.939054381097808699e-01
2.181209418922793741e-01
2.949934548463409301e-01
2.420937288277673072e-01
3.030209233708835437e-01
2.441152682492841453e-01
3.244669411114541324e-01
2.870055603188562121e-01
2.367554491909857062e-01
3.950910010463192235e-01
3.579926559790667651e-01
3.281764532736640150e-01
2.664403106704062996e-01
3.281605004924529334e-01
3.950290691755075079e-01
3.217731136375643342e-01
2.624169285162722964e-01
3.403210368833929356e-01
2.818953136275396121e-01
3.156148721325248152e-01
2.945739021685186976e-01
3.572837797767791645e-01
3.834059701307363510e-01
3.272174257889776672e-01
3.415250203710656907e-01
4.415729002871392472e-01
2.272645671004780710e-01
2.758332226717361557e-01
3.179235030054574085e-01
3.702867986572691561e-01
2.902506067325624217e-01
3.473194534852245829e-01
4.141041600109677256e-01
3.997307594441524281e-01
3.327758772428554557e-01
2.984066614839301912e-01
3.580324196428433248e-01
3.908800823270487390e-01
4.027454632746056973e-01
3.335323017068625995e-01
2.955650047191886176e-01
3.029384237399354030e-01
4.234116976866153514e-01
4.197772849247521920e-01
2.903647442913763754e-01
3.598669624472390915e-01
3.901202050934904908e-01
3.915454865849075095e-01
3.929329814105378404e-01
4.685015561441883136e-01
3.587979914596123310e-01
3.877530347919562193e-01
4.071689815465813767e-01
4.845813786106550336e-01
4.761593351826853837e-01
4.325485000354748477e-01
3.852531032769618835e-01
4.255579418436972183e-01
3.618223213997575072e-01
4.187354893195002759e-01
4.153856233426407307e-01
4.120757953204178814e-01
4.630346534757026622e-01
3.890196940934555481e-01
4.188039298301363678e-01
4.358877987570982659e-01
4.163148747656927329e-01
3.689602716218753353e-01
4.974186533370023033e-01
3.830162190087993968e-01
5.093721046191517221e-01
5.287982226249804407e-01
4.938932843747136370e-01
4.671622666356972653e-01
5.054252651441950572e-01
4.638956588042448814e-01
4.791234997215466640e-01
5.349763985545307188e-01
4.830479953607357269e-01
4.977564464099906716e-01
5.158665570086429231e-01
4.868170742759815317e-01
4.903966280135705347e-01
4.939106225134408112e-01
5.079423382996994807e-01
4.412171999768285668e-01
5.249287156955697586e-01
4.969798886051637887e-01
5.105366102136430495e-01
4.660545674190917365e-01
6.113382284481720941e-01
5.164420503178338562e-01
5.926930220415649320e-01
5.422175336431842574e-01
5.974917020623800035e-01
4.987621739069004745e-01
5.341193871375857771e-01
5.111101408065841234e-01
5.075607791425198467e-01
5.579402143927466584e-01
6.768741972843665966e-01
5.815503331798169695e-01
5.930931253921973845e-01
5.427846670740400503e-01
5.329662201533333921e-01
5.384796779367907460e-01
5.287979109271979672e-01
5.372424127812679417e-01
5.932609929843217778e-01
5.892927068733867513e-01
5.765395189528038644e-01
6.808220838470858682e-01
6.153580648495295957e-01
6.314806223711499911e-01
7.018032379383237762e-01
5.662981711893215753e-01
6.756816910158239819e-01
5.954449069497587121e-01
6.278544288788946437e-01
6.792387191031038496e-01
6.528204168533318086e-01
6.322014133982805095e-01
6.662184816819149979e-01
5.809049977895518468e-01
6.443218364711955637e-01
6.082193720647099955e-01
6.282266016507456197e-01
6.005568486712359322e-01
6.203368704068155104e-01
6.632664306827861234e-01
6.281035688379786874e-01
6.318962150661014965e-01
6.815787217016546773e-01
6.748215105730375196e-01
6.504858549320052807e-01
6.514943729033016995e-01
6.997953614739786943e-01
6.361118405414859511e-01
6.888142961908737538e-01
7.066328556527821103e-01
6.683263581116489771e-01
7.101844165222511718e-01
6.866978778743780820e-01
6.539341278747092812e-01
6.737416644329210502e-01
7.003755050065930687e-01
6.985507455553590095e-01
7.177072390929205570e-01
7.736876450756225987e-01
7.253706161214695802e-01
7.600204523960113479e-01
7.145986154116179545e-01
6.923198234200188539e-01
7.310195097967731037e-01
7.222969812459797412e-01
6.358495125111838231e-01
7.161692511521506876e-01
7.450063695572264333e-01
6.423984432413240020e-01
7.060648069562831530e-01
7.625127604925631131e-01
7.839413856458906649e-01
7.132841640319632637e-01
6.667732698026996863e-01
6.693406533637313860e-01
7.663500046979041525e-01
7.035864570016806541e-01
7.121013906084745493e-01
6.957361865063023121e-01
7.370261786102664248e-01
7.431395602826650348e-01
8.567787792792910251e-01
7.813779504379152474e-01
7.429378656668010894e-01
7.188867241100136418e-01
7.725406320747429945e-01
8.157218304836506562e-01
8.034190915124210797e-01
8.244504570789151776e-01
7.830632854493896344e-01
7.324485547405357178e-01
7.746319841784981008e-01
8.316458515517152206e-01
8.081708504613319688e-01
8.454601033312254543e-01
8.315443828313963115e-01
7.878236672617390246e-01
7.985353431595321183e-01
8.165287681994686242e-01
8.416882156814683436e-01
7.767998120215440228e-01
7.945916264128078943e-01
8.285027109021865233e-01
8.277832344708691004e-01
7.804145203809840226e-01
7.727909548844164034e-01
8.469083947270741319e-01
8.495968715731621046e-01
8.118305454919519937e-01
7.691967797557134334e-01
7.878619133343860437e-01
8.201685178363148365e-01
8.314773606511702830e-01
8.255332083582456182e-01
8.520152421980912161e-01
8.053161877010773795e-01
8.788435773650420391e-01
7.770723292829478934e-01
7.982160729810815480e-01
8.507072785212513866e-01
8.398408310825377088e-01
8.142673094371127851e-01
8.184002390630601420e-01
7.540776433967004699e-01
8.216516389920350827e-01
8.417832831019365081e-01
8.488692502164050246e-01
8.047783499544591823e-01
7.738211294115482364e-01
8.016608736705905791e-01
8.040442288854827702e-01
8.565009630414925912e-01
8.227371286438208697e-01
7.830875631168544571e-01
8.225135033127795037e-01
8.001207066666486956e-01
7.886321950910569756e-01
8.380857293721197809e-01
8.007732771394900917e-01
7.818857417304907464e-01
8.261416730707703548e-01
8.177403362663360209e-01
8.435678916983967435e-01
7.671508940303715107e-01
8.444460882501907406e-01
8.053305355591406922e-01
8.525573528589854844e-01
8.093996195841981489e-01
8.085049027795678800e-01
7.889283484678788483e-01
7.795375444464942571e-01
7.915809821863633022e-01
8.049216489269734875e-01
7.842769323800158343e-01
8.115522930234302379e-01
8.148090958489346836e-01
8.027242270165009241e-01
8.087442911594719952e-01
8.395142181197711162e-01
7.821724932786492390e-01
8.195970209464688017e-01
8.607534359116419953e-01
7.621033318373581222e-01
8.098690533740171560e-01
8.156112619974332789e-01
8.306417153685061727e-01
8.641414245560530283e-01
8.721865268025027484e-01
8.946446747956096068e-01
8.473727822546397448e-01
9.219602494931471437e-01
8.489663550570093475e-01
8.853346907588522940e-01
8.956009131723006167e-01
8.890896258686646902e-01
8.583578626980369330e-01
8.545931412784547598e-01
8.850391969134643322e-01
8.622650811272961624e-01
8.472117836464764240e-01
8.560249749301468425e-01
8.572882062187993091e-01
9.068481416768660042e-01
8.474228314618773572e-01
8.609648863321196499e-01
8.621534681563749469e-01
8.791535353703670008e-01
8.935751698647639296e-01
8.668183873516347449e-01
9.148130860696623845e-01
9.635884593987140700e-01
8.963249561541877242e-01
9.447492977369296163e-01
9.809375771719351933e-01
9.297239745823019375e-01
9.199498002485680948e-01
9.277543365202014503e-01
9.401336969003375454e-01
9.107410011496053226e-01
9.369007147534467173e-01
9.284065764511757468e-01
8.376914848367287281e-01
9.093291373178691295e-01
9.146307764277087360e-01
9.537414644978418066e-01
9.239557394259410028e-01
8.608248285345925233e-01
9.029968674585923116e-01
8.715400144013769612e-01
9.486916258231802290e-01
9.106825882834695962e-01
8.850390390330208357e-01
9.011017256124752572e-01
9.344318048739258531e-01
9.458164171106564488e-01
8.977546295722398373e-01
9.016574236815221299e-01
8.851847515653115117e-01
9.765089413790722928e-01
9.099497666462502687e-01
9.094825861148886359e-01
9.153317676344383536e-01
8.990955957773062446e-01
8.913408746286364259e-01
9.023750354965055509e-01
8.956912386370176060e-01
9.014442008637086889e-01
9.050877744233691846e-01
9.302093099285515532e-01
9.500242552067413859e-01
8.975099137905820923e-01
9.263956973757426772e-01
8.874794891127461005e-01
9.141565640664464087e-01
9.045955861255916552e-01
8.781568239181543056e-01
9.154624020902477621e-01
9.346695366207666833e-01
9.862347504776083351e-01
9.117696355342246317e-01
9.297717489019396986e-01
9.787945160622473217e-01
9.721337699494483342e-01
9.336228476813078769e-01
9.464269111071523799e-01
9.274754535058877813e-01
9.640790853587920539e-01
9.766018578662629679e-01
9.634201312294744524e-01
9.399397902002563088e-01
1.019209506043356583e+00
1.027558878434453815e+00
9.741923380630085338e-01
9.519263505641808454e-01
9.631937144887082747e-01
9.688287307556836536e-01
9.642935749235665988e-01
1.036788314193534566e+00
9.827029863840758273e-01
9.754169817018734090e-01
9.437017797534851260e-01
1.002532649714982460e+00
9.700380780381299139e-01
9.144661426490877654e-01
9.539796274392051689e-01
9.682780169587563712e-01
9.753716328214034892e-01
9.691550002412104847e-01
9.717795880687755128e-01
1.015598947766687798e+00
1.059967024140662906e+00
9.925608754328009153e-01
1.028870235229368379e+00
1.001811054609051288e+00
1.023170803813171270e+00
1.057242361585708945e+00
9.927297635147673827e-01
9.619013952595482086e-01
9.728857106876543925e-01
9.338769783321079210e-01
9.583568123321003496e-01
9.734175093910432119e-01
1.035230671384121948e+00
9.306493827123425433e-01
9.747138213031556475e-01
1.015148392049188386e+00
9.826831216189648721e-01
9.973048398885321353e-01
9.602025048029808607e-01
9.723391634400516681e-01
9.965878479974027426e-01
1.008500315971906591e+00
1.016284092539827544e+00
1.002271372521013060e+00
9.682943161160368906e-01
9.977034560321849099e-01
9.894592151988419459e-01
1.032076019197244010e+00
1.026131352794057428e+00
9.248221959366280664e-01
1.004917994768459444e+00
9.951947171760617827e-01
9.894338755477012359e-01
1.011701508314086340e+00
1.046985311662834484e+00
9.839371493833886095e-01
9.921242840945998509e-01
1.021727667094343150e+00
9.785008108365641499e-01
9.835586685556831910e-01
9.946508076602659232e-01
9.420989303663522829e-01
9.894441853539217568e-01
9.846038965834399415e-01
1.016495277489514626e+00
9.988938978903977306e-01
9.910775946059057206e-01
1.041149696919295486e+00
9.918446662135874670e-01
1.057774507734283720e+00
9.874403632251972374e-01
9.914715079373653817e-01
9.976582562603030224e-01
9.987104577290986107e-01
1.044666526436309084e+00
1.091757411112572296e+00
9.931566609587968442e-01
1.028618922867486241e+00
9.859131756849811579e-01
1.019017967333857300e+00
1.046218262008919098e+00
1.037838084712556119e+00
9.822301994073397990e-01
1.009268422554516320e+00
1.036125281760147399e+00
1.053019585815920811e+00
1.009204648772487500e+00
1.000379516598236540e+00
1.022745276128388614e+00
1.033235639192866762e+00
1.031965179218503392e+00
1.047144836475946583e+00
1.007573479006091066e+00
1.001615265076848837e+00
9.814368292075201783e-01
9.640886123821847953e-01
9.987744061816513641e-01
1.002983173677123085e+00
1.027263055924503066e+00
9.899302943273351474e-01
9.934461473583309221e-01
1.005563328727123285e+00
1.027523402895057503e+00
9.992140904907294008e-01
1.038139864776059129e+00
9.817830672370769785e-01
1.062975905596558412e+00
1.026422999290240945e+00
9.823031296529748380e-01
9.889367799969209782e-01
9.793944810266959067e-01
9.904884860099568700e-01
9.983027562382640330e-01
1.030352318678943391e+00
1.012497068095986830e+00
1.004911035814935127e+00
1.081589227897404637e+00
1.083927455881342761e+00
1.056037624785376661e+00
1.049018852410413372e+00
1.038285426861238703e+00
1.050684401737810747e+00
1.038136863376017294e+00
1.056028260043856193e+00
1.008932200913220223e+00
1.034185339209988008e+00
1.008311553481098910e+00
1.063401676324620793e+00
1.035145305394951531e+00
1.025918816173474246e+00
1.018563431656397844e+00
1.027577813884829716e+00
1.060049530331836021e+00
1.031602777588722653e+00
1.042880095703901278e+00
1.055877569251724379e+00
1.034238228335213616e+00
1.060241741825189488e+00
1.001993269576883172e+00
1.014939230113110158e+00
1.024271459953121965e+00
1.051737665470648730e+00
1.000039180211736989e+00
1.054242602143153240e+00
1.047624146593894023e+00
1.017261641101632419e+00
1.025238759652498333e+00
1.034317385666280176e+00
9.887280062070210596e-01
1.032813892407060008e+00
1.018346948005681263e+00
1.016495779482468276e+00
1.024309016039783637e+00
1.002616723273795252e+00
9.725749931801284109e-01
1.068285701665847132e+00
1.006774857546237856e+00
1.060390630495934294e+00
1.031629024321934818e+00
1.019728531378522707e+00
1.035643036105384773e+00
1.010509494581925294e+00
1.022487580720950806e+00
1.064103583595467972e+00
1.057196643343935483e+00
1.018596473891331344e+00
9.943960537584399795e-01
1.010579444951235528e+00
1.057037531570549804e+00
1.001555809095729721e+00
1.040755858761895025e+00
1.013051706415991848e+00
1.035902222349464274e+00
1.029747198892524640e+00
1.005496304331511714e+00
1.031351558248131628e+00
9.966227745755232847e-01
1.004375853225367266e+00
1.025786412674021264e+00
1.044443984267077852e+00
9.854169874743591295e-01
9.978028938177414542e-01
9.991698012425862530e-01
9.807744836388434528e-01
1.003423791204431925e+00
9.804599556007682626e-01
1.003491438587243545e+00
9.755079545451199596e-01
1.001492601349934342e+00
9.864401962595139572e-01
9.745256814171826543e-01
9.885955076342485270e-01
1.003597375321501284e+00
1.033170949444864428e+00
9.708367544177259889e-01
9.646398370073654416e-01
9.890522833601320674e-01
9.773329093865622541e-01
9.502194146507919603e-01
9.749570414268156071e-01
9.593948345339412542e-01
9.923706953389825891e-01
9.783179145711453639e-01
9.308985534206541956e-01
9.695571929586885851e-01
9.781678742777287772e-01
9.520975755750300529e-01
9.105993632635042134e-01
9.488811114057494889e-01
9.540539015890902030e-01
9.934522340627368608e-01
9.893272822075808159e-01
9.914595665101701982e-01
9.667750966200373552e-01
9.899512488072580441e-01
9.982424357027719353e-01
9.817982206860705885e-01
1.022256828467619894e+00
9.685237359042442318e-01
9.838340132902073654e-01
9.699375752477481516e-01
1.001551556973919288e+00
9.825356241934800616e-01
9.445125724619034546e-01
1.001492645583675900e+00
9.279243862393600217e-01
9.638381794282516735e-01
9.907989883987758928e-01
9.592151592200157673e-01
9.502668624635137729e-01
9.820723692272521621e-01
9.498374585936139036e-01
9.600849116061825894e-01
9.752674376354762975e-01
9.410298753872378130e-01
9.453414548918439575e-01
9.442240230505873910e-01
9.808335687178114659e-01
9.894775683223276941e-01
9.721609070235233130e-01
1.024445192600699217e+00
9.826762559424344623e-01
1.001408737260621518e+00
9.873218611206834305e-01
9.525770664787805986e-01
1.001583573021688212e+00
9.827689365920970754e-01
9.872409974196043603e-01
1.013947389677603894e+00
1.004378408535362421e+00
9.839990380822906113e-01
9.767147334590977614e-01
9.910657245443937891e-01
9.756066185935349244e-01
1.032863135867376547e+00
1.010938911537933915e+00
1.007511276554592827e+00
1.019027030798459243e+00
9.832542429649978599e-01
1.021503134715622041e+00
9.723525005956419331e-01
1.015918534075119117e+00
1.004508356925630563e+00
1.002815150331782146e+00
1.004060682337100774e+00
1.017836854634332378e+00
1.034876247141180317e+00
9.973431941700113823e-01
9.595801585270893330e-01
1.014286115530900645e+00
9.733608514438529813e-01
9.676364071487536522e-01
9.779560835824083753e-01
9.943670045369791266e-01
9.759545006391920907e-01
9.519229537012910969e-01
9.686740797370194667e-01
9.902071257672706572e-01
9.533606788330576398e-01
9.687644753616162507e-01
9.563060856788762054e-01
9.872857122419685938e-01
9.411806297388289888e-01
9.876271454725160659e-01
9.911811223425668338e-01
1.011021476980999090e+00
9.764065755804191005e-01
1.019135354711926178e+00
1.002430312968716875e+00
9.858038162335542864e-01
9.936145137061743737e-01
9.629749699594511991e-01
9.578951231147303513e-01
9.715584375132955142e-01
9.995485899734770641e-01
9.858694532442424663e-01
9.579273078221434146e-01
9.621771206282606625e-01
9.798900987758824010e-01
9.994368005943523592e-01
9.874417076183512609e-01
9.693806612356453689e-01
9.517852203788742527e-01
9.635864305867013480e-01
9.601362706490634835e-01
9.798122243616029792e-01
9.555450702637769966e-01
1.005299044390642438e+00
9.882286869872133339e-01
9.911269442921151196e-01
9.479584801950051709e-01
9.669936687685036780e-01
1.000095070732522018e+00
9.427063795995176410e-01
1.006112711461634168e+00
9.622946263307696757e-01
9.954529522236218453e-01
9.643808769150862270e-01
9.272075373809223198e-01
9.187929567765451555e-01
9.506345589093178061e-01
9.217722360539919446e-01
9.476297626427084841e-01
9.679176001161590159e-01
9.587688326508599923e-01
9.268943881296680676e-01
9.243682299918721812e-01
9.326416360057064869e-01
9.021194234358813624e-01
9.240052172718465906e-01
8.968544526560273678e-01
8.808738858106306413e-01
8.902065371797650561e-01
8.970107343078486117e-01
8.860876002507823701e-01
8.988669712774542964e-01
8.643854196030755777e-01
8.676627932082613404e-01
9.045816173977565544e-01
8.577245470960831453e-01
8.581957810075180326e-01
8.913934398734656428e-01
8.761476867730950691e-01
8.356672040988416539e-01
8.379046779075425277e-01
8.746319857642778084e-01
8.939776649103416961e-01
8.459166844123784390e-01
8.323390768977161347e-01
8.861729425314991415e-01
8.394734133162140566e-01
8.556055106201685412e-01
8.370266983112046866e-01
8.378411926561351031e-01
8.383118278965011605e-01
8.549669167730714614e-01
8.355387754499352670e-01
8.057879763934795436e-01
8.341221321035411362e-01
7.877923140218361375e-01
7.990278743852636811e-01
7.899141405215651668e-01
8.306376871870169154e-01
8.214899463842914029e-01
8.113895394354936341e-01
8.376065186113553773e-01
7.959242004454907260e-01
7.777347334252101563e-01
8.018802572146229712e-01
7.997694829384637272e-01
8.041883162914983396e-01
7.568490992881600210e-01
7.830921379603495991e-01
7.794140394214956746e-01
7.783361313627752409e-01
8.104801242593845378e-01
7.877737894332773605e-01
7.738351425117134808e-01
7.660433233512173867e-01
7.416604916787978841e-01
7.553414445034256630e-01
7.269477934118095952e-01
7.463139160203559053e-01
7.342218607067239056e-01
7.285047620234140764e-01
7.508904158001079576e-01
7.347695974690623411e-01
7.187173110352520489e-01
7.343906969723525968e-01
7.124631759760744476e-01
7.187163008342872805e-01
6.997171378120751184e-01
7.025494653019044300e-01
6.883150242093700744e-01
7.063161498562106067e-01
6.995408802374362134e-01
6.619887271872255674e-01
6.765442698718865389e-01
6.852078931339182777e-01
6.742449556735534699e-01
6.853163441350966778e-01
6.954243773159639597e-01
6.975811239102852612e-01
6.696867055946741365e-01
6.873283192699987110e-01
6.689382514554359505e-01
6.527356646292747921e-01
7.012836856760886750e-01
6.634630588634711224e-01
6.605520820163049978e-01
6.884420593668059141e-01
6.484984852870006033e-01
6.554562244983626051e-01
6.632740886257424417e-01
6.769854221003640538e-01
6.214256200027550303e-01
6.091912447709622036e-01
6.538509580496307816e-01
6.186723254814459061e-01
6.179550588299385083e-01
6.286535403777725461e-01
6.322963651226495285e-01
6.563233084556464592e-01
6.089950122584966152e-01
6.509609038191076502e-01
6.168715842273014838e-01
6.170260843302411979e-01
6.047773381080779886e-01
5.943051835461544696e-01
6.229344441688633438e-01
6.001416208211631798e-01
6.149088579839820934e-01
6.433130514236484743e-01
6.166282993554348391e-01
6.034115018493301230e-01
6.169100216729981323e-01
6.009141990014668089e-01
6.036258551358203439e-01
6.057612610940058540e-01
5.755372106510515673e-01
5.987730665514222617e-01
5.941780684170799853e-01
6.021810959061456581e-01
5.755552724420702759e-01
5.651856868963777147e-01
6.034803907431653958e-01
5.637023691744466047e-01
5.619950070504196038e-01
5.633310173081553796e-01
5.721010151073429029e-01
5.445319150256555663e-01
5.571445302830010382e-01
5.584748849178998720e-01
5.532385310852848681e-01
5.537507646812093176e-01
5.357481533640964244e-01
5.417250601181974323e-01
5.609618688444215628e-01
5.606380535242699859e-01
5.341213891998379815e-01
5.166037398024750926e-01
5.580539305799612215e-01
5.271364852341101637e-01
5.161640032519230203e-01
5.506789907287600316e-01
5.279627103129257426e-01
5.292987663637993556e-01
5.380683562744594806e-01
5.025166271718034539e-01
5.446484382825055315e-01
5.160906525837771763e-01
