0.000000000000000000e+00
0.000000000000000000e+00
0.000000000000000000e+00
0.000000000000000000e+00
0.000000000000000000e+00
0.000000000000000000e+00
0.000000000000000000e+00
0.000000000000000000e+00
0.000000000000000000e+00
0.000000000000000000e+00
0.000000000000000000e+00
0.000000000000000000e+00
0.000000000000000000e+00
0.000000000000000000e+00
0.000000000000000000e+00
0.000000000000000000e+00
0.000000000000000000e+00
0.000000000000000000e+00
0.000000000000000000e+00
0.000000000000000000e+00
0.000000000000000000e+00
0.000000000000000000e+00
0.000000000000000000e+00
0.000000000000000000e+00
0.000000000000000000e+00
0.000000000000000000e+00
0.000000000000000000e+00
0.000000000000000000e+00
0.000000000000000000e+00
0.000000000000000000e+00
2.836145355876484864e-01
1.329472906995512738e-01
1.248924217142831639e-01
0.000000000000000000e+00
1.108328435767472059e-01
1.046770918837778286e-01
0.000000000000000000e+00
0.000000000000000000e+00
8.900024385261152970e-02
8.455118231415596763e-02
0.000000000000000000e+00
0.000000000000000000e+00
0.000000000000000000e+00
6.971711897350126030e-02
6.661910190415162858e-02
0.000000000000000000e+00
0.000000000000000000e+00
0.000000000000000000e+00
5.608390029935718391e-02
5.384084946436730468e-02
0.000000000000000000e+00
0.000000000000000000e+00
0.000000000000000000e+00
1.382732331708035611e-01
8.883045324039139101e-02
1.713165607239757471e-01
8.265304049547123055e-02
1.995080574718034738e-01
2.698440236571481021e-01
2.608500697568941207e-01
3.243836408080381650e-01
3.836807022594697636e-01
3.039556924407439964e-01
2.617403220054983493e-01
1.268437094503848672e-01
2.767505834599541248e-01
2.983222163356957779e-01
2.026840727842503520e-01
4.217348345662081943e-01
2.458116596310157553e-01
2.123447572463634803e-01
3.612816836262549014e-01
1.003954808580292818e-01
1.709439495827707878e-01
2.139244946077143161e-01
1.851513171920085854e-01
2.028852742332426518e-01
8.785927840891651075e-02
2.783141178862599263e-01
2.504830448262649334e-01
1.628657309449375035e-01
2.582020925058112759e-01
1.938312769540948832e-01
2.081381139043916861e-01
1.478116182858191796e-01
1.985146563557599608e-01
2.997429248903484833e-01
1.550810553229608757e-01
2.358163672713902703e-01
1.811670312736985700e-01
1.932932730841530888e-01
2.993947367853942998e-01
1.696063317050983399e-01
3.319956478848689607e-01
2.363683830615130044e-01
1.591179024355186544e-01
2.833404334127259117e-01
2.081686337595433922e-01
2.175609080496470060e-01
2.132098363893800419e-01
1.828644989200337578e-01
3.073354911800382783e-01
2.260260008066943271e-01
2.216794821989019060e-01
2.416190497314286423e-01
3.081784371455392746e-01
3.373126766380898922e-01
3.538984861631291334e-01
2.689588024436244118e-01
2.750716441109267163e-01
3.241386402876494377e-01
3.183506054743547864e-01
3.231401042110559341e-01
3.891581547772740568e-01
3.622645505797564280e-01
3.659081762890669665e-01
3.499331247108677934e-01
3.344465813863097270e-01
3.664058511664760043e-01
3.880145548733184846e-01
2.998295444460516435e-01
3.395984195740857636e-01
3.692425763639258229e-01
3.892362654580827641e-01
4.340764350237767966e-01
4.439388896291305842e-01
3.792377753864598078e-01
4.706981257751632897e-01
4.793799597221058417e-01
3.146700200056138930e-01
3.950791392816924152e-01
4.424981571009971582e-01
3.907568472811999705e-01
3.183031707359754714e-01
5.323697400474824981e-01
4.095730435452488716e-01
4.319163666952979264e-01
4.396127808669281767e-01
5.708391229124449850e-01
4.474358022512308075e-01
4.076734460608030242e-01
3.492193129982474331e-01
3.833165511636942857e-01
3.908061114843125461e-01
4.612352638386640891e-01
4.736122941750963711e-01
4.425808638033196241e-01
4.426640236883943591e-01
5.085122840374832753e-01
5.017322213698175437e-01
3.844203848542191437e-01
4.310935174483786492e-01
4.254583888394853908e-01
4.087348191621775761e-01
3.316116946384541908e-01
4.528484444140910004e-01
4.578527590275553449e-01
4.733305138837912707e-01
4.621253257832524386e-01
3.837478838921085100e-01
4.455586152339217065e-01
5.058137492971905846e-01
5.445722011256032280e-01
4.194876014697280220e-01
4.095276368935470979e-01
4.623927188863100057e-01
5.663100273557368780e-01
4.843322445852245028e-01
4.925403917458094916e-01
4.546022711981920761e-01
4.992059405967340102e-01
5.651687459453816897e-01
5.320334061041245288e-01
4.996222399485292232e-01
4.289238689980781616e-01
5.054330793030740177e-01
4.954870996957917995e-01
4.857325383452759104e-01
4.927271077143871580e-01
5.527653489587038838e-01
5.547561367749548333e-01
6.127370548040683707e-01
5.188974575210463236e-01
4.740773752330902369e-01
6.045996138733434888e-01
5.405891244119584993e-01
6.865259114174431243e-01
6.304385760869055666e-01
6.311931325472193155e-01
7.641541390854301730e-01
6.979870140552939528e-01
6.835214197659119639e-01
7.084801770106720076e-01
7.857403012989189195e-01
6.730606681730262331e-01
7.697460411473858732e-01
6.389290449955489226e-01
6.426219335183898096e-01
8.471018920738877522e-01
7.789655014359322394e-01
6.661982001455379887e-01
7.603296670350617736e-01
8.397048100836296269e-01
6.530722514595084238e-01
7.161029097620303929e-01
7.841267744950516372e-01
7.084865222390634987e-01
7.874684304595399587e-01
8.497323480491053571e-01
7.514640361441803362e-01
7.741148561830215602e-01
7.402684500216524244e-01
8.180435644724441957e-01
7.988212340882553386e-01
8.085945316946316908e-01
7.897443706741612557e-01
8.950506613225723829e-01
8.617400213042661905e-01
8.068936209546462290e-01
8.406314742160062581e-01
8.845792330951812721e-01
9.250118898946292356e-01
1.007321513799264157e+00
9.243774367857096053e-01
9.135432005078214512e-01
9.599419946945798587e-01
8.923380826808283706e-01
9.813734389919189782e-01
9.829095860906783555e-01
9.743626003030879668e-01
9.435786968948808306e-01
9.108274892095795661e-01
9.347366286405818236e-01
1.096126909699945751e+00
1.031618625682085399e+00
1.056179091838474360e+00
1.073212026482728509e+00
1.103954566820082528e+00
1.080800619619761260e+00
1.057994077380908005e+00
1.154135503557234488e+00
1.149121347920351921e+00
1.150880774200305767e+00
1.141447378265035617e+00
1.103440051110905262e+00
1.271773028431334218e+00
1.133373702257193694e+00
1.212535517547997044e+00
1.181432273437161617e+00
1.250395498837540975e+00
1.284583219085588368e+00
1.316103001545803508e+00
1.202236395044136597e+00
1.131181202629436999e+00
1.201746734891065316e+00
1.238839894327037117e+00
1.207141758241135676e+00
1.217680863368981736e+00
1.210252279651515606e+00
1.244043409358312813e+00
1.253951667621736821e+00
1.234733210936784120e+00
1.259806440353642643e+00
1.330066487221565730e+00
1.246483863697584793e+00
1.270800219964570932e+00
1.385737476811388813e+00
1.439925512888300174e+00
1.308440658761556463e+00
1.307830707909235723e+00
1.366693860374792679e+00
1.358434454971898075e+00
1.483508524455838362e+00
1.440933647190467015e+00
1.423450728496673090e+00
1.440946706329891969e+00
1.328730952173528213e+00
1.356862400299346572e+00
1.374350695162869007e+00
1.467549504202932509e+00
1.505730393459139060e+00
1.451764930393945718e+00
1.426627230286792614e+00
1.414939140598273415e+00
1.608752502111473248e+00
1.490678653193080461e+00
1.547795803763334810e+00
1.557796605166979154e+00
1.391680421127362344e+00
1.407268679935403943e+00
1.505464975409042339e+00
1.392682024808379548e+00
1.395511715062517588e+00
1.422774765869099900e+00
1.391833065853569140e+00
1.417178401284890477e+00
1.472164265191127974e+00
1.515945803681043369e+00
1.458425417764537491e+00
1.526653113961761399e+00
1.497516386144341238e+00
1.345370108763004779e+00
1.484988678178731591e+00
1.469490045152490154e+00
1.395825391800815218e+00
1.600149946087683572e+00
1.435246921940220188e+00
1.374303583212691748e+00
1.505414793767287263e+00
1.466780050524891132e+00
1.442294999397808697e+00
1.454803623264589785e+00
1.436051192209985228e+00
1.459120492175395079e+00
1.557895233709607918e+00
1.533456071961840861e+00
1.486905004714529355e+00
1.430439239144829733e+00
1.451383013023508584e+00
1.400955285227096558e+00
1.455159373312790771e+00
1.433357499009284997e+00
1.342032252229837797e+00
1.385434020485026618e+00
1.415747387270636537e+00
1.478037533931695346e+00
1.483848437372065510e+00
1.488330889983852101e+00
1.448719608907520273e+00
1.465457432513906699e+00
1.409498663403855545e+00
1.363791589624639089e+00
1.509537722192531461e+00
1.445935015746004915e+00
1.523375677556427998e+00
1.400617686138681206e+00
1.507651245756881808e+00
1.483673463086635502e+00
1.478374398571376203e+00
1.494859504260829697e+00
1.480402545621839261e+00
1.576950708901154075e+00
1.421551785204801854e+00
1.504971728726143487e+00
1.478461279090689473e+00
1.445600895844155964e+00
1.414193506814380941e+00
1.426823753185661792e+00
1.374110739691843497e+00
1.320896750824935850e+00
1.360621555634717206e+00
1.389195654798778712e+00
1.382386619877571610e+00
1.400970105699797408e+00
1.363683090551476074e+00
1.328880652467566037e+00
1.359843763406853867e+00
1.389407873942853033e+00
1.340607505940122568e+00
1.347450851061975152e+00
1.344046331476044243e+00
1.340658809020092157e+00
1.381462842104754341e+00
1.323949716902608431e+00
1.379253133614162019e+00
1.349990002749576812e+00
1.296470905619065750e+00
1.308961626167945758e+00
1.331984819294185218e+00
1.255211969139783390e+00
1.246523180495672456e+00
1.314382811360469416e+00
1.337760454822463529e+00
1.309801166793900684e+00
1.311281526772586581e+00
1.274365599537397475e+00
1.384872483241706087e+00
1.325702036351064539e+00
1.292000619913676207e+00
1.298025157587886502e+00
1.298501224355792738e+00
1.319803005550966635e+00
1.284957635208048510e+00
1.262118655374763865e+00
1.244853789911964048e+00
1.238403784742419855e+00
1.253199543411971817e+00
1.187873265698180747e+00
1.245574330854422263e+00
1.204402593783802100e+00
1.186129786870872893e+00
1.205039653117638165e+00
1.183492628579974504e+00
1.168112897053583010e+00
1.251207045312410671e+00
1.269347009533961845e+00
1.252882276046912713e+00
1.303363273978523251e+00
1.227045557007703236e+00
1.317624296009414442e+00
1.308585140721663098e+00
1.292253977480571914e+00
1.230465787443212111e+00
1.220322848443791797e+00
1.261868618826178734e+00
1.219547505036801205e+00
1.201578786390338438e+00
1.202839004033967152e+00
1.205653680816223483e+00
1.218654119905687727e+00
1.235428262961129287e+00
1.177230872519709592e+00
1.148269981164417253e+00
1.206764652139950433e+00
1.163323292322430591e+00
1.182184114152970089e+00
1.213018818828068168e+00
1.154233693419397300e+00
1.150984020582071166e+00
1.107269737863455505e+00
1.164683088423130064e+00
1.193321832710672048e+00
1.158117004764539493e+00
1.120288669342369703e+00
1.161140208542542851e+00
1.160789626584926459e+00
1.172759126225491499e+00
1.139125657666212543e+00
1.179081438830409168e+00
1.104940831348471209e+00
1.083440876697522537e+00
1.115978518538717656e+00
1.110823892534644752e+00
1.079729607846051653e+00
1.111802119636067898e+00
1.142177799619666034e+00
1.145259467104252415e+00
1.104188651418615219e+00
1.108763815033594113e+00
1.105089983242822038e+00
1.085800345300862668e+00
1.061259346643852242e+00
1.102284335540675508e+00
1.108721559277760838e+00
1.081703841557057899e+00
1.118730782713720950e+00
1.090564033513296449e+00
1.081742677477460113e+00
1.028390497349284116e+00
1.055814251721259867e+00
1.111586881429928120e+00
1.093077699336039155e+00
1.045082504435591142e+00
1.068062212894175245e+00
1.035266440054700698e+00
1.044714680893230163e+00
1.028747278243476115e+00
1.019212453350027747e+00
1.055563125995091278e+00
1.019107105190561580e+00
9.991326989748851028e-01
1.051175748924618514e+00
1.016413992903328900e+00
1.050106958365138787e+00
1.026023772742125528e+00
1.090418269978066013e+00
1.023913474831469772e+00
1.063603063031741236e+00
1.099338458883976744e+00
1.074909859055956707e+00
1.070345492854335889e+00
1.023676217711183112e+00
1.057757989842026403e+00
1.073890033932089372e+00
1.011358824986642535e+00
9.890211323281393740e-01
1.061572474806499855e+00
1.049030136648179568e+00
1.046378658051819954e+00
1.038002161186759587e+00
1.047400062555063904e+00
1.049313472599593622e+00
1.014367465802725299e+00
1.014126279113977347e+00
1.031862979066926700e+00
1.016982258418305918e+00
9.760169845185155957e-01
1.004769061188848456e+00
1.050968986416005668e+00
1.082467937463906349e+00
1.054479598550495112e+00
1.032717189777691225e+00
1.035598461280532456e+00
1.053615653654196294e+00
1.033712662416112815e+00
9.989160611584920746e-01
9.884741451881078333e-01
1.047934813728851555e+00
1.036833077164601269e+00
1.019995295706755956e+00
1.062269375902567425e+00
1.033907479158150844e+00
1.031363942858691818e+00
1.043403659844575282e+00
1.038234693859922508e+00
1.062527013389182429e+00
1.010509929967000398e+00
9.804078299577355660e-01
1.021964867443127201e+00
9.651026762674492776e-01
9.891678648481974090e-01
9.575701987642640800e-01
9.869877188959160774e-01
9.611328102584412170e-01
9.723518521363898603e-01
9.417744993303687195e-01
9.589017097924161792e-01
9.665297604580757040e-01
9.961745748840020731e-01
9.869659101119958589e-01
9.403244828438803715e-01
9.570957725101105762e-01
9.461871303105594544e-01
9.276524199915985314e-01
9.840639248159678276e-01
9.373256518701437168e-01
9.670833212398860512e-01
9.648425034704628533e-01
9.493864212575452433e-01
9.552148186832936094e-01
9.347410600357212163e-01
9.022720983402360284e-01
9.556484477315871917e-01
9.770993022820967377e-01
9.568222736538496420e-01
9.219677119021123524e-01
9.680357734645204104e-01
9.571307897123713104e-01
9.472099607757931139e-01
8.829640091065269480e-01
9.298264530464636080e-01
9.223460389509119395e-01
9.467414182719967597e-01
9.267358272173926714e-01
9.389092903414411051e-01
9.248296482115671013e-01
9.042207317656143495e-01
9.330492421674837500e-01
9.458751858086120734e-01
9.319495723380190055e-01
9.194248109272261660e-01
9.304075272204869185e-01
9.348219633819575547e-01
9.292940213084274204e-01
9.392465623015896492e-01
8.725932159059605064e-01
9.239876555881134657e-01
9.011502459816275179e-01
9.385294451625667556e-01
9.452921416274850941e-01
9.129463612666642858e-01
9.025838957863988599e-01
9.539990088018995840e-01
9.277646900980164313e-01
9.369008202313675593e-01
9.835082124011805815e-01
9.516738270164681879e-01
9.606121475098080564e-01
9.115169403701239847e-01
9.197082140090316882e-01
9.785047277958933698e-01
9.221687532863378500e-01
9.439061721131629668e-01
9.305894007411787960e-01
9.473386181074833212e-01
9.516175785467123616e-01
9.038604214277402571e-01
9.216985551311310809e-01
9.189090105406138020e-01
9.259545401365358863e-01
9.478231354379408335e-01
9.324711997472421299e-01
9.133308389814714934e-01
9.237649826070307713e-01
9.043880705870863679e-01
9.659549856778300025e-01
9.292965981117091712e-01
8.982331661976271642e-01
9.469894849068273279e-01
9.096119599824417090e-01
9.386937535096064877e-01
8.932901200851526280e-01
9.331188836704891187e-01
9.457076549966928480e-01
9.634324179578163116e-01
9.464344597137477333e-01
9.755216711519466566e-01
9.593251689606829835e-01
9.859548597509323331e-01
9.496313084251245540e-01
9.687883959476544238e-01
9.575477269515919598e-01
9.409248089740306353e-01
9.537472136292655112e-01
9.437347462461190828e-01
9.553735271179730759e-01
9.461285629443614287e-01
9.737590611188864376e-01
9.302992701778676210e-01
9.375479333684814121e-01
9.348330087741680838e-01
9.614142576813939911e-01
9.371778209434794560e-01
9.222075833257603605e-01
9.447129927160750062e-01
9.353773935827816022e-01
9.351222823440836773e-01
9.203323526730424753e-01
9.001151596439861402e-01
9.639008536071563826e-01
9.303004682696973671e-01
9.481437212613250676e-01
9.260345074809751553e-01
9.247632640354400690e-01
9.698393163858679555e-01
9.427998783537803185e-01
9.448343502702389873e-01
9.676241700945742430e-01
9.658834045865901663e-01
9.215344959409718095e-01
9.617566094558426260e-01
9.550740708815296243e-01
9.540351035609505592e-01
9.819264648784322702e-01
9.562226269017992664e-01
9.270822434182643956e-01
9.394766348199063977e-01
9.706167738474535955e-01
9.844063104550502263e-01
9.481028918766335467e-01
9.342107311230275490e-01
9.688089047373262819e-01
9.440635078714636474e-01
9.592915896906911710e-01
9.502824965734152363e-01
9.463905744102291129e-01
9.481997895945118993e-01
9.112887250829710961e-01
9.564768184806669016e-01
9.247620503700851868e-01
9.543456835962726981e-01
9.498641480470385590e-01
9.113201622033395566e-01
9.656834231643375288e-01
9.331690225748253686e-01
9.401492012055800984e-01
9.908552752627511895e-01
9.353538800222659377e-01
9.136518994569819974e-01
9.093666373156286120e-01
9.640724163227890608e-01
9.352314115726266808e-01
9.444335452167151868e-01
9.478821099745516898e-01
9.172450870409716295e-01
9.124054416448039717e-01
9.361013922221279593e-01
9.347791820491193615e-01
9.045299014155233630e-01
9.097767479066379837e-01
9.149882926722887611e-01
9.593705301095041271e-01
9.489350262234858002e-01
9.312860958894083607e-01
9.482456004567668684e-01
9.509335252388796400e-01
9.907884209963782052e-01
9.582613874111070018e-01
9.399638088499325805e-01
9.357705540736829253e-01
9.532496855796914748e-01
9.493180065460224970e-01
9.448388104071696603e-01
9.776581377437876252e-01
9.607250432482526969e-01
9.436057713923328150e-01
9.517761730956115773e-01
9.593368389054356404e-01
9.699110076021156823e-01
9.510044707216381843e-01
9.867132688058997125e-01
9.499257259639054540e-01
9.755199864088751616e-01
9.984939755505775061e-01
9.822180283952124391e-01
9.706680074948678127e-01
9.605399891194197348e-01
9.737870127937003906e-01
9.485577155258693161e-01
9.817077932000155549e-01
9.762183508483190941e-01
9.895225421045218406e-01
9.671924625112030549e-01
9.727083813641798082e-01
1.003441271233684651e+00
9.910565303558195316e-01
9.784735285895551637e-01
9.596321501917037811e-01
9.960852290820898514e-01
9.613057207595609999e-01
9.593856530133392235e-01
9.546058899195600800e-01
9.695997876143416239e-01
9.707710541972629503e-01
9.727072411389804385e-01
9.689593757288226250e-01
9.464688610615586972e-01
9.622837047259475973e-01
9.524514537459088936e-01
9.080112455254764070e-01
9.113376581944512278e-01
9.442938940525035241e-01
9.300560405961597610e-01
9.352998950270460243e-01
9.646398370073654416e-01
9.241347614670062383e-01
9.698341914117293294e-01
9.484745206574668464e-01
9.712282409114146864e-01
9.601385514599365401e-01
9.824816002185143837e-01
9.452799608028656930e-01
9.527817999220905554e-01
9.695571929586885851e-01
9.321939841866755394e-01
9.813628699062297844e-01
9.728625675892138558e-01
9.675579635474270690e-01
9.864685118357784388e-01
9.676388807250212443e-01
9.578093167481466219e-01
1.008495778809836763e+00
9.993200008626921260e-01
9.866100440137909322e-01
9.706324875526713969e-01
1.002212787170355446e+00
1.003080635066536663e+00
9.682876257784752694e-01
9.744148269494682379e-01
1.021370100424323635e+00
9.956959000692541251e-01
9.986542542622746099e-01
9.913421301986677925e-01
1.010787240902317974e+00
1.002547676041826152e+00
9.918056661694550913e-01
9.831916439089760651e-01
1.012096148342883417e+00
1.009429229865923761e+00
9.832159094801949939e-01
1.001617742719634663e+00
9.869308878074929403e-01
9.931934794161191293e-01
9.652458919015318717e-01
1.018251027463492830e+00
1.002309334912068417e+00
1.004186748925378403e+00
9.787272461676260749e-01
9.994135795090172136e-01
1.017092715141842518e+00
1.010009856005962270e+00
9.916561953306818333e-01
9.760470257160361873e-01
1.004836502764769213e+00
9.930061115926487325e-01
9.957116524981091121e-01
9.938050997960645727e-01
9.960516329075731479e-01
9.771683302807199212e-01
9.692347100616384159e-01
9.832117272515085160e-01
9.876095232382232636e-01
9.835786691429962980e-01
9.916001891161204673e-01
9.693523659827262273e-01
9.839912764652453125e-01
1.006230542341383538e+00
9.821905754585449344e-01
9.920081335262843636e-01
9.852635808168727083e-01
1.014229558956124544e+00
9.986118718116017146e-01
9.944128449247290336e-01
9.644597914853245690e-01
9.875316505435770553e-01
9.850504165475578722e-01
9.626150220627570642e-01
9.745152582707016231e-01
9.888358519221082110e-01
9.966835351192464554e-01
9.752539703539673255e-01
9.855546503805077130e-01
9.894504804107147056e-01
1.003132463073239888e+00
9.869830710538868290e-01
1.001817210508878064e+00
9.940608609965984055e-01
9.942305551327770274e-01
1.007111402511346787e+00
1.021536227102024741e+00
1.013192924788594684e+00
1.004286610660014789e+00
9.866279273973719288e-01
9.935733535308433062e-01
1.009231706467067502e+00
9.922766540132580415e-01
1.021114258313308598e+00
1.009142134678235658e+00
1.003133168176932655e+00
9.888998540919101687e-01
1.015689716992233427e+00
1.015368830501614195e+00
9.828692342567261209e-01
9.966304839303470331e-01
1.006828882565182992e+00
9.921943113557973870e-01
9.934642931577223335e-01
1.012257683635172212e+00
9.861750430480041851e-01
9.784301036847469213e-01
9.996020788511212896e-01
1.003496085399458781e+00
9.927110303258884771e-01
1.000205248716103057e+00
1.021300793026566511e+00
9.833269384063354490e-01
1.007372992156639446e+00
1.008166304197080976e+00
9.911269442921151196e-01
9.996244637127424948e-01
1.007892010495097468e+00
1.006429502998711589e+00
1.009060121223537276e+00
1.008708652847639220e+00
1.012240714202608860e+00
1.000804849816221864e+00
9.811351074991397914e-01
9.946174356017619678e-01
9.904419488187528042e-01
9.681847353814898582e-01
9.910784192159461936e-01
9.498132413584750022e-01
1.007128065537218786e+00
9.846668196302843512e-01
9.724260422834061224e-01
9.692527247789189948e-01
9.344400194148960725e-01
9.523567819406639767e-01
9.732306017642444740e-01
9.675741586002302164e-01
9.409172716355057586e-01
9.312683802485601792e-01
9.470220089371118588e-01
9.327982884429162347e-01
9.334659356078511827e-01
9.353608320113966368e-01
9.101849471078966580e-01
8.912583222577895592e-01
9.191155169229031641e-01
8.728538626676708434e-01
8.943531446542956065e-01
9.107141795700510745e-01
8.637422947384127969e-01
8.794022269578541939e-01
8.685940923714277062e-01
8.919122563660744074e-01
8.783726838752162758e-01
8.878511931831957193e-01
8.577962626587697370e-01
8.713672630297719657e-01
8.539038290159119970e-01
9.049396150098826253e-01
8.593547048816363443e-01
8.732978255526656630e-01
8.554728143569608756e-01
8.478211617986757265e-01
8.329833205967595022e-01
8.455117515780473658e-01
8.608227003662448640e-01
8.515516182148458180e-01
8.188621313494406362e-01
8.248278712294738746e-01
8.402053423402238153e-01
8.330376106505751332e-01
8.194693695863063398e-01
8.054660780035391987e-01
8.235321143086279383e-01
8.108883074897055288e-01
8.102282583589912601e-01
8.051666475765244524e-01
8.071213201996048081e-01
8.113379986579243308e-01
8.019282853648845855e-01
7.980531180791911039e-01
7.964507229839037361e-01
7.950143573508626771e-01
7.808991977545589602e-01
7.806208939126897395e-01
7.741081381897453317e-01
7.728852702836994659e-01
7.700745123291915517e-01
7.667978511621912352e-01
7.833389899296596681e-01
7.792534661487430236e-01
7.690316758456987589e-01
7.487787007627098035e-01
7.589252724917696646e-01
7.486522320608041126e-01
7.564057028525619231e-01
7.613149873579000415e-01
7.442474229509833394e-01
7.295825495483730938e-01
7.507904644698151220e-01
7.386464335443289064e-01
7.421431050709605959e-01
7.242138192727628487e-01
7.238808521346173919e-01
7.105121237442800775e-01
7.203066287688189018e-01
7.208953789353367281e-01
7.050237935672578615e-01
6.998617945420756437e-01
6.994235869486741253e-01
6.942924388044524608e-01
7.083675386347197955e-01
6.854478214940675773e-01
6.913556026098891527e-01
6.778731162505510222e-01
6.827202698027932115e-01
6.718512932813270888e-01
6.760909921356885732e-01
6.719765789305419679e-01
6.830267652462583827e-01
6.716501604550897397e-01
6.672709180039101406e-01
6.732389676950409907e-01
6.735842977745519766e-01
6.489446530465712293e-01
6.730929568176121647e-01
6.564571187464356417e-01
6.565368262335871119e-01
6.456857415113165244e-01
6.678877963952423169e-01
6.515413415398558783e-01
6.478599689748701929e-01
6.488166554198554481e-01
6.540939450782645714e-01
6.659671645161265863e-01
6.489259458734655261e-01
6.265088744580051827e-01
6.395052123033414526e-01
6.250468423326487333e-01
6.257424358817045285e-01
6.150647621299812906e-01
5.899645264734878491e-01
6.024709715377400965e-01
6.122410112339217170e-01
5.934994579960117811e-01
5.945248752253164959e-01
5.979309103396762692e-01
6.018819330476644636e-01
5.841492107223265062e-01
5.779266829198975719e-01
5.848140568107592641e-01
5.751401513988730896e-01
5.759025188270170403e-01
5.802577694656474439e-01
5.746528661854271025e-01
5.630069238267348952e-01
5.523698744086006363e-01
5.559094808316348280e-01
5.658700893773325191e-01
5.559719230372872634e-01
5.377929224477853154e-01
5.402399442840697397e-01
5.419967376809448067e-01
5.524213667329671562e-01
5.331743650914931854e-01
5.338513581638421046e-01
5.334465847360456703e-01
5.255119905316839590e-01
5.172057062353004886e-01
5.311640988316363998e-01
5.088434266272789941e-01
5.199592331480001883e-01
5.167851637384982544e-01
5.125599304955220648e-01
5.141845594122042007e-01
5.048187055509617549e-01
4.993190269752460497e-01
